0.001020000000000002 0.47749712722478244 1.1913996916682712
0.1565600000000158 1.6930054792706681 5.520544601868682
0.2959400000001552 0.3390789757423356 1.2906358168291887
0.4484500000003077 1.7454540873958182 5.7220565217794945
0.5878299999999596 0.759336281044667 2.656673463898662
0.7423599999992563 1.784299556347881 5.84953333160767
0.8807299999986266 1.0720114818197817 3.6371139309055556
1.032229999998295 1.8387957100593293 5.991975078729139
1.1746399999992279 1.3168467789092686 4.3528898759435775
1.3281600000002336 1.8762274426550203 6.06161191795993
1.4685500000011533 1.511479564132439 4.926642707041307
1.6210600000021524 1.8946442466738216 6.085754317629388
1.7604400000030656 1.6503115946448883 5.330104892150256
1.911940000004058 1.9056816308501656 6.094092480483182
2.052330000004978 1.7470547060037538 5.604155332534622
2.2078700000059968 1.9167390611520927 6.109137298117028
2.349270000006923 1.8187487339159278 5.801586203419329
2.5118800000079884 1.9291310796908712 6.132705299022589
2.655300000008928 1.8720522803170492 5.949414595385994
2.825990000010046 1.940934203849198 6.157054552050911
2.9694100000109858 1.9114956094239668 6.059689885954178
3.1512100000121768 1.9525907867379848 6.183385994404222
3.28756000001307 1.9402639061052576 6.140850803761467
3.4865300000143735 1.9643222015298005 6.212152055725384
3.606720000015161 1.9607955696793533 6.198632071312149
3.841040000016696 1.9758234562387067 6.2422152913901074
3.909720000017146 1.9757098750355209 6.240975283286987
