0.001020000000000002 0.4775043293022997 1.1913996851761866
0.07879000000000215 0.2597311274837978 0.6754375073668717
0.15858000000001782 0.45662247430722236 1.1532568059161807
0.2363500000000956 0.251290703804509 0.644938068776113
0.3151300000001744 0.4431161337609151 1.118972475052049
0.39391000000025317 0.24121964986214386 0.6211492705171628
0.47269000000033196 0.4307077264852602 1.0847725866883762
0.551470000000125 0.23125481975342244 0.5979553428773543
0.6292399999997711 0.4194197507773321 1.0547914776950829
0.7080199999994126 0.22236836504472302 0.5761818055805557
0.786799999999054 0.4081883185151264 1.0256525531391558
0.8655799999986955 0.21317114344184684 0.5533245396546205
0.9433499999983416 0.39800175003339433 0.9992702613650706
1.0221299999982287 0.2048467172160023 0.5326890328545386
1.1009099999987448 0.3877962769376798 0.9728618568114134
1.1786799999992543 0.1966810227246186 0.5124266197847116
1.2574599999997704 0.37857443092271414 0.9489888519869538
1.3362400000002865 0.18833133546526515 0.49163453685939773
1.414010000000796 0.36967797371240674 0.9259981388977989
1.4927900000013121 0.18069514982889978 0.4726131574897541
1.5715700000018282 0.36075165510456264 0.9029879809005381
1.6493400000023377 0.17323106596277482 0.45398769544120476
1.7281200000028538 0.35260638372841147 0.881987679230023
1.80690000000337 0.16562421570965935 0.4349557572149054
1.8846700000038794 0.34472416628867153 0.8616841273382247
1.9634500000043955 0.15865204424387047 0.41751480213094716
2.0422300000049116 0.3367656753302105 0.8412219946194122
2.120000000005421 0.15184768343971855 0.40047339448815444
2.198780000005937 0.3294944065886567 0.822515736871976
2.2775600000064533 0.1448805688789886 0.382993459509573
2.355330000006963 0.32244085924028887 0.8043810816892538
2.434110000007479 0.13852670261370625 0.36705729387134234
2.512890000007995 0.3152462383842163 0.785910117749522
2.5906600000085045 0.13233088304211493 0.3515062748293496
2.6694400000090206 0.30871323443577803 0.7691280225791686
2.74721000000953 0.1262922110882413 0.33634068447363497
2.825990000010046 0.30236925302477635 0.7528393945739675
2.9047700000105623 0.12013464133426065 0.3208620958517039
2.982540000011072 0.29620749179737993 0.737024986884216
3.061320000011588 0.11449434845337991 0.3066861015548761
3.140100000012104 0.2899142402989776 0.7208884973140872
3.2178700000126135 0.10899722387300681 0.292864540224691
3.2966500000131296 0.2841832266687233 0.7061874472293228
3.374420000013639 0.10364037812899086 0.27939090062091276
3.453200000014155 0.27860738094497195 0.6918878264087325
3.5319800000146713 0.09816217836326002 0.2656014244212801
3.6097500000151808 0.27317898865579526 0.6779682008666743
3.688530000015697 0.0931515923097207 0.25299479715947815
3.7663000000162064 0.2678925063918284 0.6644126657676108
3.8450800000167225 0.08826720818332934 0.24070439453084402
3.9238600000172386 0.2625171040335966 0.6506382762740626
4.001630000017675 0.08350623983524907 0.22872347728734033
4.080410000014693 0.25757135755458693 0.637953590833007
4.15919000001171 0.07860311225017624 0.2163768231518537
4.236960000008766 0.252759270105549 0.6256125411174707
4.315740000005784 0.07414516774188573 0.20515541886895194
4.3935100000028395 0.24807622889607728 0.6136041111150514
4.472289999999857 0.0697988520159476 0.19421168936729627
4.551069999996875 0.2432778529298146 0.6013127444319477
4.6288399999939305 0.065561508599987 0.1835398101556862
4.707619999990948 0.23889904684111463 0.5900859016351179
4.785389999988004 0.06143080165654024 0.17313444949981216
4.864169999985021 0.23463540742853015 0.5791562353923752
4.942949999982039 0.05718539142712298 0.16243262260008384
5.020719999979095 0.23048387662089553 0.5685162184432713
5.099499999976112 0.053313592284625844 0.1526763762635719
5.177269999973168 0.22644184447421267 0.5581594790262878
5.256049999970186 0.04953838598508831 0.14316131759155581
5.334829999967203 0.22230095909646042 0.5475598299648055
5.412599999964259 0.04585784156401518 0.13388252226692599
5.491379999961277 0.21851871848518334 0.5378731606299758
5.5691499999583325 0.0422700714651949 0.12483535936468337
5.64792999995535 0.21483519014263275 0.5284418094572252
5.726709999952368 0.03857986004727754 0.11552215319641235
5.804479999949423 0.21124770063152143 0.5192584717649273
5.883259999946441 0.03521524960915001 0.10703466793804406
5.961029999943497 0.20775458192402607 0.5103169665809371
6.039809999940514 0.03193450487196403 0.09875706920418059
6.118589999937532 0.20416830609775513 0.5011421296722385
6.196359999934588 0.02873579330743181 0.09068492243826665
6.275139999931605 0.20089637173892175 0.4927680114058641
6.352909999928661 0.025617140302193087 0.08281353872263697
6.431689999925679 0.19770875596416515 0.4846106134432815
6.510469999922696 0.0224005786883551 0.07468818157416734
6.588239999919752 0.1946034183744193 0.4766644742143722
6.66701999991677 0.019474273127322417 0.06730086767269272
6.744789999913825 0.1915783110917494 0.46892409709433647
6.823569999910843 0.01662113383602104 0.060097714159013105
6.901339999907899 0.1886314060520583 0.4613839175559131
6.980119999904916 0.013839664533548122 0.0530752703396975
7.058899999901934 0.18562576335505154 0.4536959872675217
7.13666999989899 0.011169446791649329 0.04622928915932745
7.215449999896007 0.18286323151522987 0.4466270409740569
7.293219999893063 0.009090414990169826 0.039555289847514885
7.371999999890081 0.18017226408430365 0.43974167971118083
7.450779999887098 0.00746866503879251 0.03271219374270107
7.528549999884154 0.17755138596639175 0.43303629617882367
7.607329999881172 0.006357669111301423 0.026448022876535138
7.6850999998782275 0.1749991122952903 0.4265072572248174
7.763879999875245 0.005672212844919922 0.020340038708521746
7.842659999872263 0.1723851682916302 0.4198236030646285
7.920429999869318 0.005457678978701974 0.014384465127081913
7.999209999866336 0.16999421950244953 0.4137088499152619
8.076979999863392 0.005798367607268373 0.00857765270380062
8.15575999986041 0.1676658176454474 0.40775537769650594
8.234539999857427 0.006945208356841204 0.0025931472130480415
8.312309999854483 0.1653988486306388 0.4019587834597993
8.3910899998515 0.008917253707345862 0.002858629545599012
8.468859999848556 0.16319155589323153 0.39631520502525497
8.547639999845574 0.010997139462643912 0.008174913608349765
8.62540999984263 0.16104244371905574 0.39082145489530706
8.704189999839647 0.01302598037418412 0.013358616104464094
8.782969999836665 0.15885114073280593 0.38522224690260565
8.86073999983372 0.015005855431397208 0.018412546306179056
8.939519999830738 0.15683810344352278 0.3800781641862372
9.017289999827794 0.016935382548138977 0.023339339494299338
9.096069999824811 0.15487833823653596 0.37507129251781457
9.174849999821829 0.018913677794237027 0.02839381140187225
9.252619999818885 0.15297087852518942 0.37019900876056333
9.331399999815902 0.020724661963268276 0.03301820674906919
9.409169999812958 0.15111511668762 0.3654597255029368
9.487949999809976 0.022491592871790034 0.037525740442567734
9.566729999806993 0.14921199595927126 0.3606011931637676
9.644499999804049 0.024212961708725667 0.04191831159564563
9.723279999801067 0.1474769666932112 0.3561718206413378
9.801049999798122 0.025889568594206765 0.046197759308752584
9.87982999979514 0.14578921226909436 0.351864002509894
9.957599999792196 0.02752226144948522 0.05036601095944615
10.036379999789213 0.14414748974767222 0.3476744195960668
10.115159999786231 0.0291910203083201 0.054627094617787364
10.192929999783287 0.14255053687704944 0.34359970798736317
10.271709999780304 0.030722363183545043 0.05853391654903062
10.34947999977736 0.1409971009850195 0.3396365531539547
10.428259999774378 0.03221425852241999 0.062338624656776975
10.507039999771395 0.13940568770101192 0.33557671734621985
10.584809999768451 0.03366688809554175 0.06604353666657126
10.663589999765469 0.13795216029605428 0.3318689833294419
10.741359999762524 0.03508124673840818 0.0696511194064886
10.820139999759542 0.13653760269133797 0.32826097854811165
10.89891999975656 0.036539952283820676 0.0733713628571997
10.976689999753615 0.13516090966721883 0.3247498536052551
11.055469999750633 0.037865486791433534 0.07675266488825772
11.133239999747689 0.1338212370412073 0.32133280954329546
11.212019999744706 0.039156620119449315 0.08004641780932076
11.289789999741762 0.13251765076856636 0.3180070780403943
11.36856999973878 0.04041427450896351 0.08325492575286253
11.447349999735797 0.13118093067002135 0.31459645579587914
11.525119999732853 0.04164049163984895 0.08638043660504913
11.60389999972987 0.12995944230443712 0.31148045722917406
11.681669999726926 0.04283532142914803 0.08942517731932442
11.760449999723944 0.12876991538253202 0.30844612563935003
11.838219999721 0.043999303993639605 0.09239142189374494
11.916999999718017 0.12761140956783257 0.3054910392902621
11.995779999715035 0.04519003873743743 0.09542529633570496
12.07354999971209 0.1264830554015013 0.3026129579862147
12.152329999709108 0.046282727636668186 0.09821017923540287
12.230099999706164 0.12538404007866277 0.2998098078881961
12.308879999703182 0.04734768057953942 0.10092452863323942
12.3876599997002 0.12425515240953988 0.29693067697361686
12.465429999697255 0.04838551959547932 0.10356987866292355
12.544209999694273 0.12322408991899614 0.2943010284423897
12.621979999691328 0.049396858468857434 0.10614774425640183
12.700759999688346 0.12221954914895827 0.2917390077508686
12.778529999685402 0.050382307149008154 0.10865966085177314
12.85730999968242 0.12124088378551423 0.2892429698371446
12.936089999679437 0.051391512998559256 0.11123195172008105
13.013859999676493 0.12028747223634684 0.2868113466602429
13.09263999967351 0.05231670634930874 0.11359038730965887
13.170409999670566 0.11935870382123825 0.2844426076353823
13.249189999667584 0.05321836295895511 0.11588891818279379
13.327969999664601 0.11840325875360036 0.2820063154627128
13.405739999661657 0.05409766525508109 0.11812894429952259
13.484519999658675 0.11753178888336802 0.279783814786827
13.56228999965573 0.05495476058594029 0.12031182866484302
13.641069999652748 0.11668273323141064 0.27761856623853554
13.718839999649804 0.05578989466611084 0.1224389076560195
13.797619999646821 0.11585556999202719 0.2755092657929392
13.876399999643839 0.05664639840880336 0.12462047960040135
13.954169999640895 0.11504978285460121 0.27345462057769554
14.032949999637912 0.05743041762691048 0.12661763415364735
14.110719999634968 0.114264853305303 0.2714533179795975
14.189499999631986 0.05819447175207193 0.12856407673027537
14.268279999629003 0.11345595042487677 0.26939134937673526
14.346049999626059 0.058939044415758375 0.13046103326362912
14.424829999623077 0.1127194448220763 0.2675137535336658
14.502599999620132 0.059664605624674016 0.13230969232214118
14.58137999961715 0.1120018459050891 0.26568449484433154
14.659149999614206 0.060371614117118444 0.1341112132128841
14.737929999611223 0.11130269020343851 0.2639023836749632
14.816709999608241 0.0610981822921417 0.13596265557225262
14.894479999605297 0.11062152568268602 0.2621662618129461
14.973259999602314 0.06176202799033747 0.137654424630973
15.05102999959937 0.10995791124407239 0.2604750006672485
15.129809999596388 0.0624090163225467 0.13930335302564378
15.207579999593444 0.1093114169736117 0.25882750215099337
15.286359999590461 0.06303955296545372 0.14091046745854374
15.365139999587479 0.10864968339180879 0.25714135953061046
15.442909999584534 0.06365403578720841 0.14247677838282735
15.521689999581552 0.10804283241758939 0.2555951127435008
15.599459999578608 0.06425285521503821 0.14400327580426087
15.678239999575625 0.10745186314835908 0.2540886096943584
15.757019999572643 0.06486972660972412 0.1455758580684252
15.834789999569699 0.10687605490888319 0.25262086228606817
15.913569999566716 0.06543208683151713 0.14700961882274655
15.991339999563772 0.10631502025209148 0.2511908941592811
16.07011999956079 0.0659802294982964 0.14840722788805882
16.147889999557847 0.10576838577999848 0.24979773971367525
16.226669999554865 0.06651450394103775 0.14976956439011202
16.305449999551882 0.10520734990244118 0.24836791975343386
16.38321999954894 0.06703525201033345 0.15109748556352276
16.461999999545956 0.1046940741618817 0.24705995530591718
16.53976999954301 0.06754280674818669 0.15239182629500636
16.61854999954003 0.10419383965925266 0.24578529188227227
16.696319999537085 0.06803749179881435 0.15365339947482903
16.775099999534103 0.10370632139374303 0.24454308567773975
16.85387999953112 0.06854392758312222 0.15494483647541246
16.931649999528176 0.10323120462739964 0.24333252271746542
17.010429999525194 0.06900912946516757 0.15613027228181808
17.08819999952225 0.10276818512798014 0.24215281941083466
17.166979999519267 0.0694626119354369 0.15728587696649532
17.245759999516284 0.10229158767856872 0.24093850441322395
17.32352999951334 0.0699046501172188 0.15841234585605157
17.402309999510358 0.10185670210190356 0.23983054009837357
17.480079999507414 0.07033551332450716 0.1595103613374671
17.55885999950443 0.10143281003658121 0.23875060541377335
17.636629999501487 0.07075546513019593 0.16058059287367143
17.715409999498505 0.10101964755329484 0.2376980249304772
17.794189999495522 0.07118650782107361 0.16167914689951823
17.871959999492578 0.10061695728396203 0.23667214029650108
17.950739999489596 0.07158107106781475 0.1626847142041643
18.02850999948665 0.10022448761240231 0.2356723088942858
18.10728999948367 0.07196569876734193 0.16366497731390428
18.186069999480686 0.09981935310461011 0.23464018581588197
18.263839999477742 0.07234062485293302 0.1646205310063209
18.34261999947476 0.09945070404982659 0.23370106541508173
18.420389999471816 0.07270607808043117 0.1655519574276898
18.499169999468833 0.0990913502503723 0.23278563769917326
18.57693999946589 0.07306228196202147 0.1664598252492433
18.655719999462907 0.09874107219084094 0.23189334315447674
18.734499999459924 0.07342891832602749 0.16739430930970967
18.81226999945698 0.09839965498030157 0.23102363367972778
18.891049999453998 0.07376357126857724 0.1682472724797046
18.968819999451053 0.09806688832605193 0.23017597269493484
19.04759999944807 0.07408979946648608 0.16907877549767747
19.125369999445127 0.09774256658133929 0.2293498348546974
19.204149999442144 0.07440779986847756 0.16988931841566135
19.282929999439162 0.0974098385165233 0.2285022435137618
19.360699999436218 0.07471776556368293 0.1706793911186888
19.439479999433235 0.09710514576945728 0.22772612339465592
19.51724999943029 0.075019885784127 0.17144947367216945
19.59602999942731 0.09680813945291811 0.2269695882885836
19.674809999424326 0.07533172802735899 0.17224433864968525
19.752579999421382 0.09651863757311774 0.2262321726405947
19.8313599994184 0.07561554472567289 0.17296777549369313
19.909129999415455 0.09623646199250357 0.2255134210043641
19.987909999412473 0.07589221813250802 0.17367300645314554
20.06567999940953 0.09596143800371915 0.22481288662654642
20.144459999406546 0.07616191644762116 0.17436045872847306
20.223239999403564 0.0956784788827888 0.22409209617906267
20.30100999940062 0.07642480425755993 0.175030550815658
20.379789999397637 0.09542010525895583 0.22343397302967416
20.457559999394693 0.07668104254774977 0.1756836924968863
20.53633999939171 0.09516824081312636 0.22279242795716359
20.614109999388766 0.07693078878758286 0.17632028487957196
20.692889999385784 0.09492273192572154 0.2221670694119382
20.7716699993828 0.07718697013134534 0.1769732763891696
20.849439999379857 0.09468342837092858 0.22155751463460716
20.928219999376875 0.0774216187076856 0.17757138274252515
21.00598999937393 0.09445018322924914 0.22096338940228444
21.08476999937095 0.07765035615199312 0.1781544205397223
21.163549999367966 0.09420953304880164 0.22035036675771558
21.24131999936502 0.07787332164397986 0.17872274468028193
21.32009999936204 0.09399041822457799 0.21979223126084024
21.397869999359095 0.07809065137254734 0.17927670248840677
21.476649999356113 0.09377681876088839 0.21924814250018354
21.55441999935317 0.07830247859491224 0.179816633848906
21.633199999350186 0.09356860489611596 0.21871777022242078
21.711979999347204 0.07852036743813384 0.18037201584022444
21.78974999934426 0.09336564966002814 0.21820079134391435
21.868529999341277 0.07871937818250707 0.18087927795210623
21.946299999338333 0.09316782881536023 0.21769688978834356
22.02507999933535 0.0789133789788048 0.18137376993496712
22.102849999332406 0.09297502079892872 0.2172057563214147
22.181629999329424 0.0791024877101435 0.1818557925697295
22.26040999932644 0.09277733624928974 0.21670217686503568
22.338179999323497 0.07928681976385665 0.1823256402870621
22.416959999320515 0.09259618377150591 0.21624073317233483
22.49472999931757 0.07946648808962586 0.1827836013166051
22.573509999314588 0.09241959544486311 0.21579091587360377
22.652289999311606 0.07965180461865329 0.18325596253256915
22.73005999930866 0.09224746367410186 0.215352451382278
22.80883999930568 0.07982059419172804 0.18368619668118757
22.886609999302735 0.09207968307377534 0.21492507156557483
22.965389999299752 0.07998513863709311 0.18410561198748399
23.043159999296808 0.0919161504688234 0.2145085137482572
23.121939999293826 0.08014553800478108 0.18451446367773183
23.200719999290843 0.09174802202120347 0.21408023097687634
23.2784899992879 0.08030189012424427 0.18491300120214715
23.357269999284917 0.0915943815293293 0.2136888743172971
23.435039999281972 0.08045429065445053 0.18530146839209616
23.51381999927899 0.09144460829450896 0.213307369871929
23.591589999276046 0.08060283312375516 0.18568010359402143
23.670369999273063 0.0912986113039671 0.21293548570701093
23.74914999927008 0.08075507634127654 0.1860681745495918
23.826919999267137 0.09115630154458665 0.2125729949683519
23.905699999264154 0.08089464671876345 0.18642394378269866
23.98346999926121 0.09101759196106696 0.21221967577115253
24.062249999258228 0.08103070389204015 0.18677075976123447
24.141029999255245 0.09087459929501729 0.2118554335129086
24.2187999992523 0.08116333024137246 0.18710883240333764
24.29757999924932 0.09074428702598136 0.21152350705517797
24.375349999246374 0.08129260637695235 0.18743836709435024
24.454129999243392 0.09061725303622403 0.21119993201351717
24.531899999240448 0.08141861119277938 0.18775956480953093
24.610679999237465 0.09049342050933451 0.21088451263827634
24.689459999234483 0.08154809958784759 0.18808964348134838
24.76722999923154 0.09037271426417426 0.21057705734615073
24.846009999228556 0.08166648523245879 0.18839142260806963
24.923779999225612 0.09025506072228551 0.21027737863940077
25.00255999922263 0.08178189154363369 0.18868560865575867
25.080329999219686 0.09014038788179313 0.20998529303430935
25.159109999216703 0.08189438831050522 0.1889723793961684
25.23788999921372 0.0900229296862084 0.20968610484897177
25.315659999210776 0.08200404383961979 0.1892519088273148
25.394439999207794 0.08991518653066266 0.2094116723151962
25.47220999920485 0.08211092497852723 0.189524367233862
25.550989999201867 0.0898101580469447 0.20914415498836103
25.629769999198885 0.08222105004008784 0.18980509446843152
25.70753999919594 0.08970778053620565 0.20888339054543348
25.78631999919296 0.08232146064900336 0.19006106076898677
25.864089999190014 0.08960799165755173 0.2086292201268547
25.94286999918703 0.08241934462422595 0.19031058727242423
26.020639999184088 0.08951073040015489 0.2083814882668511
26.099419999181105 0.08251476111028466 0.19055382465312798
26.178199999178123 0.08941084417798884 0.20812706565733752
26.25596999917518 0.08260776799688008 0.19079092039565593
26.334749999172196 0.08931946723535844 0.20789432304703093
26.412519999169252 0.08269842194405908 0.19102201885164982
26.49129999916627 0.0892303921962676 0.20766744386823133
26.569069999163325 0.08278677840386217 0.19124726130235192
26.647849999160343 0.08914356508150711 0.20744629058855324
26.72662999915736 0.08287722998625335 0.1914778427993813
26.804399999154416 0.08905893306030921 0.20723072860492353
26.883179999151434 0.08296024645766853 0.1916894737654551
26.96094999914849 0.08897644442477315 0.2070206261782781
27.039729999145507 0.08304117039448466 0.19189577097452615
27.118509999142525 0.08889150812614077 0.2068042867251929
27.19627999913958 0.08312005087448948 0.1920968594782524
27.275059999136598 0.08881401589511528 0.20660691116883845
27.352829999133654 0.0831969359357484 0.19229286168156445
27.43160999913067 0.08873847550429637 0.20641450716842868
27.509379999127727 0.08327187259628033 0.19248389739209282
27.588159999124745 0.08866484119982254 0.2062269581648457
27.666939999121762 0.08334878613424102 0.19267996963268086
27.744709999118818 0.08859306819541168 0.20604415006714172
27.823489999115836 0.08341918840547746 0.19285944678190114
27.90125999911289 0.08852311265823887 0.20586597121271533
27.98003999910991 0.08348781625360813 0.19303440080097323
28.058819999106927 0.0884508940988269 0.20568202654644985
28.136589999103983 0.08355471129726744 0.19320493774209746
28.215369999101 0.0883851807020668 0.20551465288689563
28.293139999098056 0.08361991427641624 0.19337116141217026
28.371919999095073 0.08832112219684196 0.20535149430737087
28.44968999909213 0.08368346506935198 0.1935331734181034
28.528469999089147 0.08825867979035296 0.205192451986691
28.607249999086164 0.08374886198043763 0.1936998878158902
28.68501999908322 0.08819781550737116 0.20503742918462908
28.763799999080238 0.08380856289971339 0.19385208574391743
28.841569999077294 0.08813849217631642 0.2048863312071436
28.92034999907431 0.08386675934235177 0.1940004483995339
28.998119999071367 0.08808067341323755 0.20473906536199182
29.076899999068385 0.0839234866154498 0.19414506572406065
29.155679999065402 0.08802136883453537 0.20458801353016032
29.233449999062458 0.08397877928543207 0.19428602576583298
29.312229999059475 0.08796704973582559 0.20444966142690868
29.38999999905653 0.0840326711901127 0.19442341471185287
29.46877999905355 0.08791410065240868 0.20431479870156588
29.547559999050566 0.08408827285590847 0.19456515854788803
29.625329999047622 0.0878624893583333 0.20418334325699172
29.70410999904464 0.08413889664866092 0.19469421593835134
29.781879999041696 0.08781218428924142 0.20405521467778964
29.860659999038713 0.08418824514706891 0.1948200219782259
29.93842999903577 0.08776315453872252 0.20393033422687612
30.017209999032787 0.08423634832984583 0.19494265307942182
30.095989999029804 0.08771273320134398 0.2038019080847442
30.17375999902686 0.08428323553705608 0.19506218403509967
30.252539999023877 0.08766667365020875 0.2036845926404851
30.330309999020933 0.08432893548014442 0.19517868803976546
30.40908999901795 0.08762177515242575 0.20357023425949805
30.486859999015007 0.08437347625418001 0.195292236724387
30.565639999012024 0.08757801038676494 0.20345876335512436
30.644419999009042 0.08441913447585636 0.19540863126159547
30.722189999006098 0.08753535261792655 0.20335011183899576
30.800969999003115 0.08446097998337088 0.19551530860556499
30.87873999900017 0.08749377568218819 0.20324421307615914
30.95751999899719 0.08450177008146487 0.1956192951646618
31.036299998994206 0.08745090674989864 0.20313502261394278
31.114069998991262 0.08454152961673234 0.195720654293563
31.19284999898828 0.0874118505381275 0.20303554403307
31.270619998985335 0.08458028290500597 0.19581944798997553
31.349399998982353 0.0873737782936247 0.20293857150304184
31.42716999897941 0.08461805373973019 0.19591573692486763
31.505949998976426 0.08733666688351638 0.2028440461147918
31.584729998973444 0.08465687362604568 0.1960146979907762
31.6624999989705 0.08730049366774995 0.20275191021026373
31.741279998967517 0.08469235697055799 0.19610515521537586
31.819049998964573 0.08726523649288709 0.20266210737380774
31.89782999896159 0.08472694584192686 0.19619333199466515
31.975599998958646 0.08723087367982574 0.202574582398507
32.05437999897498 0.08476066128211757 0.196279281983347
32.133159998999986 0.08719567081690738 0.2024849172268639
32.21092999902467 0.08479352388381067 0.19636305768965245
32.28970999904968 0.08716338688009517 0.20240268711687603
32.36747999907436 0.08482555379991463 0.19644471049935497
