0.001020000000000002 0.47750081231305785 1.1913996743976085
0.08182000000000098 0.2585821946103565 0.7236375321319821
0.16060000000001984 0.44051621457119755 1.1072791046431996
0.24039000000009964 0.24493411305939297 0.6816181197462079
0.32018000000017943 0.4151225701093207 1.040748744560449
0.39997000000025923 0.231082942280606 0.6467632112704513
0.479760000000339 0.3943448806907249 0.9838859645753484
0.5585400000000929 0.21846394575619432 0.6158619906288076
0.6383299999997297 0.3769186322651814 0.9358434767691937
0.7181199999993666 0.20607777496598592 0.5855409036308101
0.7968999999990081 0.3613466890964535 0.893032592791343
0.8766899999986449 0.19490320678592388 0.5579714786955625
0.9564799999982818 0.34676526446435063 0.8532935116830731
1.0352599999983148 0.18431712758392604 0.5317336526714955
1.1150499999988375 0.33391736647360515 0.8182374464497877
1.1938299999993536 0.17428617406540525 0.5067897302677982
1.2736199999998763 0.3220205637722193 0.7858741773760669
1.3524000000003924 0.1647697074845198 0.48308016895459716
1.4321900000009151 0.3109300445392785 0.7557542265858364
1.5109700000014312 0.15572770203966746 0.4605430450061565
1.590760000001954 0.30053994288588215 0.7275441639567837
1.66954000000247 0.14712725766210066 0.43911701946096615
1.7493300000029928 0.29076904026433503 0.7010022556420914
1.8281100000035089 0.138938690741766 0.4187292408032839
1.9079000000040316 0.28155111569483404 0.6759482494302915
1.9866800000045477 0.13113711554083451 0.39930629905692294
2.065460000005064 0.27322793908889254 0.6531616810447338
2.1452500000055865 0.12369675944345658 0.380768844175583
2.2240300000061026 0.2649961922316778 0.6308246490508873
2.3038200000066253 0.11658614927650879 0.3630341649847435
2.3826000000071414 0.2571767310509354 0.6096356240793965
2.4613800000076576 0.11010484359283224 0.34690859443059496
2.5411700000081803 0.24973173020918182 0.5894828415280218
2.6199500000086964 0.10363066396453025 0.3307425933811614
2.699740000009219 0.24262744062481922 0.5702700665228155
2.778520000009735 0.09741863072061185 0.31522352003444665
2.8573000000102513 0.23618166979162847 0.5527448628879994
2.937090000010774 0.09145094000375698 0.3003067425002226
3.01587000001129 0.22972809802812066 0.5353252211293014
3.0946500000118062 0.08600589635058808 0.28672793061375046
3.174440000012329 0.22353769205055085 0.5186267478900608
3.253220000012845 0.08054588784625505 0.27306640537806404
3.332000000013361 0.2178680826432443 0.5032679238895832
3.411790000013884 0.07528757663541619 0.25990227813392774
3.4905700000144 0.21221265893297045 0.4880308560201718
3.569350000014916 0.0704635109490458 0.24784476947413703
3.649140000015439 0.20677349423721558 0.4733829946685253
3.727920000015955 0.06563344206694466 0.23574312441349
3.806700000016471 0.2017745418758805 0.4598761436508503
3.8864900000169937 0.060967416455080414 0.22404426027495816
3.96527000001751 0.19679517922138834 0.4464794010290096
4.044050000016069 0.056680804632923694 0.21329438241974863
4.123840000013049 0.19199875411855338 0.43358127212173025
4.202620000010066 0.05262561281982181 0.20249004074620602
4.281400000007084 0.18758659623248375 0.42168669978217554
4.361190000004063 0.04890962204792948 0.1920211255842852
4.439970000001081 0.18318033814537826 0.4098508545345325
4.518749999998098 0.045742220596228234 0.18240122547052984
4.598539999995078 0.1789252007758857 0.3984279631614851
4.677319999992095 0.04272509923220413 0.17269962459397492
4.756099999989113 0.1750132191862095 0.38790533762613766
4.835889999986092 0.039945146698352696 0.16328074044096308
4.91466999998311 0.17109079146652628 0.37738666950591915
4.993449999980127 0.03751331201153085 0.15463621643457826
5.0732399999771065 0.1672955461433021 0.36721562379201655
5.152019999974124 0.03516963850446353 0.1458793219818122
5.230799999971142 0.16381161687368806 0.3578643153982819
5.310589999968121 0.033011371864831496 0.13736592841540052
5.3893699999651385 0.16030270219707943 0.3484710985026007
5.468149999962156 0.03112753381098809 0.1295686190481815
5.5479399999591354 0.15690380557724437 0.3393795662119503
5.626719999956153 0.029315542365049296 0.12163420955830784
5.705499999953171 0.15379207264638872 0.3310471210062782
5.78528999995015 0.027664636442691792 0.11391235062633287
5.8640699999471675 0.15064627271069198 0.32264200558485
5.942849999944185 0.02626376387856877 0.10685490170053713
6.021629999941203 0.14772947549076798 0.3148463103773813
6.101419999938182 0.024963698177507543 0.09964246528068044
6.1801999999351995 0.1448167148467846 0.3070777898657395
6.258979999932217 0.0238888222610395 0.09295239744677719
6.338769999929196 0.14199426981090402 0.29955968135457756
6.417549999926214 0.022937613494215414 0.08620652506554638
6.496329999923232 0.13938637451010738 0.29261549923887964
6.576119999920211 0.022138445652621797 0.07962991621581761
6.6548999999172285 0.13677536248786948 0.2856799150474876
6.733679999914246 0.021502907142210148 0.07353799695550833
6.813469999911225 0.13424729134573066 0.27897672747015934
6.892249999908243 0.020979123050877124 0.06737365493469927
6.9710299999052605 0.13191821903441636 0.2728078749023033
7.05081999990224 0.020596046222915998 0.06136073088613969
7.129599999899257 0.1295793823894369 0.2666285167915894
7.208379999896275 0.020356583343290047 0.05579709297532931
7.288169999893254 0.1273140359268069 0.26065499817071736
7.366949999890272 0.020235457633306586 0.05015599490370004
7.4457299998872895 0.12523074320919558 0.25516967383897304
7.525519999884269 0.02025387930499445 0.044654271766819686
7.604299999881286 0.12313436082247087 0.24966268850917794
7.683079999878304 0.020392396263689938 0.03956885407320199
7.762869999875283 0.12110391212979378 0.24433905605918405
7.841649999872301 0.02066481392640085 0.03441091835824084
7.920429999869318 0.11923854438347481 0.23945512680606518
8.000219999866298 0.02107480620764446 0.029386717236634663
8.078999999863315 0.11735864208625567 0.23453994991534666
8.157779999860333 0.02159486550474099 0.02474986007542368
8.237569999857312 0.11553717659988404 0.2297842405968864
8.31634999985433 0.022277682920090913 0.020053297449429408
8.395129999851347 0.11386438878042404 0.22542092585630114
8.474919999848327 0.02310661465215358 0.015488089712578645
8.553699999845344 0.11217664634997737 0.22102371753234262
8.632479999842362 0.02403351921567687 0.011283204884060538
8.712269999839341 0.11054159222048554 0.2167669483480017
8.791049999836359 0.025152372480585772 0.0070345732015808515
8.869829999833376 0.10904020382128665 0.21285895020312084
8.949619999830356 0.02642350315269515 0.0029150453261350684
9.028399999827373 0.1075250519296066 0.2089173391862431
9.10717999982439 0.027783363564223066 0.0008718386954931212
9.18696999982137 0.10605718832242685 0.20509899578943225
9.265749999818388 0.029241522239178974 0.004688850433942626
9.344529999815405 0.10470903781254415 0.20159014347433946
9.424319999812385 0.030652779092969262 0.008382471781287482
9.503099999809402 0.10334902288240076 0.19805104606150925
9.58187999980642 0.031948444638333684 0.011773108336776694
9.661669999803399 0.10203175349031313 0.1946218328276128
9.740449999800417 0.03325364292031141 0.015184155054581705
9.819229999797434 0.10082164421949492 0.19146839780764813
9.899019999794413 0.03451567977048431 0.018480831275646814
9.977799999791431 0.09960167582126521 0.18828951717595466
10.056579999788449 0.03567363444383076 0.021505470197247245
10.136369999785428 0.09842035906709923 0.18520982271321706
10.215149999782446 0.03683876978721912 0.024546114208512382
10.293929999779463 0.09733499241808252 0.18237727647926194
10.373719999776442 0.03796537430920299 0.027484962190915674
10.45249999977346 0.09624162165405092 0.17952465939362616
10.531279999770478 0.038999444774037495 0.030182814346724207
10.611069999767457 0.09518320686537118 0.176762424721999
10.689849999764474 0.04003988679289405 0.032895220443807105
10.768629999761492 0.09421067085707724 0.1742220318700194
10.848419999758471 0.0410461738892165 0.03551801407518651
10.927199999755489 0.09323147957813982 0.1716655435473946
11.005979999752507 0.04197018649690809 0.03792725385497464
11.085769999749486 0.09228371312835248 0.16919076461130444
11.164549999746503 0.04289991946059213 0.040349807185458
11.243329999743521 0.09141274963216395 0.16691473933783119
11.3231199997405 0.04379932294240507 0.042693140319594036
11.401899999737518 0.09053610311803284 0.16462528585945435
11.480679999734535 0.04462542135226877 0.044846525717279206
11.560469999731515 0.08968762753906212 0.16240926998419836
11.639249999728532 0.04545664998081389 0.0470119440015182
11.71802999972555 0.08890784122485929 0.16037118460600075
11.79781999972253 0.04626089344530915 0.049106998113224165
11.876599999719547 0.08812307096751426 0.15832136086044724
11.955379999716564 0.04699972208532466 0.05103258124300458
12.035169999713544 0.08736386251284534 0.1563371189247098
12.113949999710561 0.04774320416003408 0.05296913888914734
12.192729999707579 0.08666598213789811 0.15451198722985504
12.272519999704558 0.0484626749815259 0.05484310426906447
12.351299999701576 0.08596353860240613 0.15267606259768973
12.430079999698593 0.04912372350466043 0.05656570341820988
12.509869999695573 0.08528348215117376 0.15089861042384412
12.58864999969259 0.049789079821139115 0.05829850194633002
12.667429999689608 0.08465829547097015 0.14926357949480717
12.747219999686587 0.05043307152482368 0.059975596277539456
12.825999999683605 0.08402894604327582 0.1476185624390447
12.904779999680622 0.05102480692865585 0.061517295137836214
12.984569999677602 0.08341961217171989 0.14602580878531057
13.06334999967462 0.05162049113635969 0.0630683968342094
13.142129999671637 0.08285946823793167 0.1445607643963287
13.221919999668616 0.05219708603131279 0.06456975123685371
13.300699999665634 0.08229555559199053 0.14308663942768085
13.379479999662651 0.052726859102998236 0.06594980613717771
13.45926999965963 0.08174958653707454 0.14165938345075402
13.538049999656648 0.053260236581804794 0.06733849810360848
13.616829999653666 0.08124776384232968 0.14034677769033665
13.696619999650645 0.05377653523487491 0.06868271024009776
13.775399999647663 0.08074252665305315 0.13902593898688087
13.85417999964468 0.054250853101819096 0.06991817826788038
13.93396999964166 0.08025338376547442 0.1377471607227454
14.012749999638677 0.054728467671797176 0.07116159858115978
14.091529999635695 0.07980387607792283 0.13657134643734192
14.171319999632674 0.05519079753996526 0.07236523535227857
14.250099999629692 0.07935125930546749 0.1353880351470993
14.328879999626709 0.055615472988097096 0.07347133827912966
14.408669999623688 0.07891307390152447 0.13424245455532224
14.487449999620706 0.05604317343556941 0.07458478456177087
14.566229999617724 0.07851047816060497 0.13318934634147794
14.646019999614703 0.05645719441534746 0.07566263794814843
14.72479999961172 0.0781050331061498 0.13212935804267634
14.803579999608738 0.05683743149331277 0.07665297004340044
14.883369999605717 0.0777125186139731 0.1311031793241435
14.962149999602735 0.057220453091051955 0.07765009535589673
15.040929999599753 0.07735195688434116 0.130160023535697
15.120719999596732 0.05759123191162696 0.07861535923665564
15.19949999959375 0.07698875985014664 0.12921047264490282
15.278279999590767 0.05793168966957618 0.07950204252182846
15.358069999587746 0.07663713392296212 0.12829116154881026
15.436849999584764 0.05827471735123091 0.08039500995328241
15.515629999581781 0.07631419598630185 0.12744638056438884
15.59541999957876 0.058606786801273854 0.08125944387239459
15.674199999575778 0.0759888142899906 0.12659563633613535
15.752979999572796 0.058911706832689203 0.08205329982824416
15.832769999569775 0.0756737906860383 0.1257719507619659
15.911549999566793 0.05921914682544738 0.08285298507498817
15.99032999956381 0.07538453488875263 0.12501520426556612
16.07011999956079 0.059516770617636494 0.08362712014401419
16.14889999955781 0.07509301019198833 0.12425289601031286
16.227679999554827 0.05978992626449786 0.08433784896477725
16.307469999551806 0.0748107594304982 0.12351480805169457
16.386249999548824 0.060065288942829365 0.08505399954615855
16.46502999954584 0.07455166175496908 0.12283686601480825
16.54481999954282 0.0603318639361593 0.08574727245950209
16.623599999539838 0.07429045452248084 0.12215373288011477
16.702379999536856 0.06057645579504466 0.08638356611641029
16.782169999533835 0.07403755176594351 0.12149228506301846
16.860949999530852 0.060823098134736416 0.08702491377748922
16.93972999952787 0.07380545987865639 0.12088490054582568
17.01951999952485 0.061061873030236136 0.08764577744897473
17.098299999521867 0.07357140388113226 0.1202726666444498
17.177079999518885 0.061280890835890056 0.08821542278530936
17.256869999515864 0.07334478510980902 0.11967985240508572
17.33564999951288 0.061501817225074085 0.0887897887172362
17.4144299995099 0.07313687819203185 0.11913565207739563
17.49421999950688 0.0617156997282865 0.0893458145880821
17.572999999503896 0.07292714011283241 0.1185869172157683
17.651779999500913 0.06191181998109552 0.08985578734389543
17.731569999497893 0.07272406313063162 0.1180555758405255
17.81034999949491 0.06210971978172664 0.09037017711331918
17.889129999491928 0.07253781616138033 0.11756796388415758
17.968919999488907 0.062301312877387056 0.09086814702879975
18.047699999485925 0.07234985976384423 0.11707610755473663
18.126479999482942 0.06247693202823645 0.09132469615650285
18.20626999947992 0.07216786967511146 0.11659983180209998
18.28504999947694 0.06265421298318918 0.09178538461689367
18.363829999473957 0.07200102180894397 0.11616290524119055
18.443619999470936 0.0628258471790687 0.09223137295674144
18.522399999467954 0.07183257623255557 0.11572200201774852
18.60117999946497 0.06298311114323196 0.09264009600934431
18.68096999946195 0.07166947485723418 0.11529505664457096
18.75974999945897 0.06314192905472527 0.09305270316171121
18.838529999455986 0.071520001399903 0.1149035307059787
18.918319999452965 0.06329569103683408 0.09345215021343556
18.997099999449983 0.07136903305416997 0.1145082756068394
19.075879999447 0.06343652144813006 0.09381806073415211
19.15566999944398 0.07122285180686261 0.11412552546045118
19.234449999440997 0.06357880658939918 0.09418761954879118
19.313229999438015 0.07108893934771854 0.1137746676506346
19.393019999434994 0.06371656475092657 0.09454539716113874
19.47179999943201 0.07095362695003316 0.11342031012984144
19.55057999942903 0.06384268236801516 0.09487298499630814
19.63036999942601 0.0708226027352361 0.11307715649034877
19.709149999423026 0.06397016303844727 0.09520400213404168
19.787929999420044 0.07070262702102159 0.11276272818303568
19.867719999417023 0.06409359024673789 0.09552447248111218
19.94649999941404 0.07058133937426947 0.11244501359565229
20.025279999411058 0.06420653585109692 0.09581775783781277
20.105069999408038 0.07046389310477275 0.11213733765635947
20.183849999405055 0.06432075941484794 0.0961142680753646
20.262629999402073 0.07035639932147164 0.11185554223154259
20.342419999399052 0.06443135337689088 0.09640133639876591
20.42119999939607 0.07024767548926336 0.11157065977450698
20.499979999393087 0.06453250646610365 0.09666391833177412
20.579769999390066 0.07014239290864366 0.11129477233615681
20.658549999387084 0.06463485818607562 0.09692953342314015
20.7373299993841 0.07004607806079499 0.11104220897889538
20.81711999938108 0.06473395967835593 0.09718669536695757
20.8958999993781 0.06994860964209626 0.11078674528264276
20.974679999375116 0.06482455521837971 0.097421795354935
21.054469999372095 0.06985422417273979 0.11053934188233194
21.133249999369113 0.0649162751332576 0.09765974792388388
21.21202999936613 0.06976792132429821 0.11031296436742055
21.29181999936311 0.0650050843486053 0.09789013208522102
21.370599999360127 0.06968053658568207 0.11008386204836018
21.449379999357145 0.06508622780200157 0.09810063320616624
21.529169999354124 0.06959591396432685 0.10986198285768412
21.607949999351142 0.06516842587457061 0.09831381622791291
21.68672999934816 0.06951857811099693 0.10965906268617376
21.76651999934514 0.06524801709408323 0.09852022241659819
21.845299999342156 0.06944022776088399 0.1094535832607324
21.924079999339174 0.06532069790243111 0.09870870455412906
22.003869999336153 0.06936435226040893 0.10925457717939624
22.08264999933317 0.06539436761008943 0.09889970682891436
22.16142999933019 0.06929504765941841 0.10907267056404768
22.241219999327168 0.0654657023689923 0.09908464044685594
22.319999999324185 0.06922479208906807 0.10888836122918688
22.398779999321203 0.06553080607078365 0.09925341197567494
22.47755999931822 0.0691596847101178 0.10871744504044045
22.5573499993152 0.06559683661114823 0.09942455002518447
22.636129999312217 0.06909464296255496 0.10854677200829999
22.714909999309235 0.06565798416126112 0.09958303594451712
22.794699999306214 0.06903164079850066 0.1083814358670443
22.873479999303232 0.06571909463071413 0.09974137922734716
22.95225999930025 0.06897328809066594 0.10822819785097915
23.03204999929723 0.06577828187091905 0.09989472592746296
23.110829999294246 0.06891495802146741 0.10807508323613657
23.189609999291264 0.0658330595493638 0.10003664705007242
23.269399999288243 0.06885845584851047 0.10792675258651796
23.34817999928526 0.06588783898347228 0.10017853315666958
23.42695999928228 0.06880615365893294 0.10778935264063039
23.506749999279258 0.06594089528351343 0.10031594344446226
23.585529999276275 0.0687538384596087 0.10765197629725165
23.664309999273293 0.0659899686476052 0.10044303349840966
23.744099999270272 0.06870316161050793 0.10751888869419135
23.82287999926729 0.06603907570944445 0.10057017725059181
23.901659999264307 0.06865627949579867 0.10739567896393964
23.981449999261287 0.06608663872694864 0.10069331116218105
24.060229999258304 0.06860935517272426 0.10727241058022807
24.13900999925532 0.06613060342764698 0.10080712139226566
24.2187999992523 0.06856389946664998 0.10715298736634349
24.29757999924932 0.06617462773960858 0.100921057523784
24.376359999246336 0.06852187296884538 0.10704249215975903
24.456149999243316 0.06621726831627095 0.10103140082724504
24.534929999240333 0.0684797806965931 0.10693187138424154
24.61370999923735 0.06625665746975595 0.10113331929850755
24.69349999923433 0.06843900503420886 0.10682469844097708
24.772279999231348 0.06629612690464493 0.1012354215299438
24.851059999228365 0.06840132876127836 0.10672559623121636
24.930849999225345 0.06633435612263694 0.10133430418639566
25.009629999222362 0.06836356803757537 0.10662631487361462
25.08840999921938 0.06636964691240155 0.10142557306382916
25.16819999921636 0.06832698777828983 0.10653012539677542
25.246979999213377 0.06640503411957188 0.10151707116869968
25.325759999210394 0.06829320919938653 0.10644123267554706
25.405549999207373 0.06643930961546751 0.10160568384113278
