0.001020000000000002 0.4775030440258187 1.1913996818592287
0.07778000000000254 0.22129729470665582 0.5899982659088532
0.15454000000001378 0.453332309880396 1.1402127027918763
0.23029000000008953 0.2118360045941151 0.5602932533142813
0.3070500000001663 0.4365681625533577 1.098389528157595
0.38280000000024206 0.20182898945616243 0.5347670173082908
0.4595600000003188 0.4220300185495727 1.0599278983238092
0.536320000000194 0.1915526308900216 0.5098027622230883
0.6120699999998492 0.408766064401931 1.0245317965728251
0.6888299999994999 0.18207828193933373 0.4869199406170366
0.7645799999991552 0.39643949959838637 0.9917795853261024
0.8413399999988058 0.17292871241345797 0.4645978548039498
0.9180999999984565 0.3844576846640856 0.9601050606107941
0.9938499999981117 0.16409383659173027 0.4428886393026743
1.0706099999985463 0.3736231791795417 0.931567192656102
1.1463599999990426 0.15556149709509537 0.42182583482364144
1.2231199999995455 0.3633609633193219 0.9045982128027097
1.2988700000000417 0.147320987824184 0.4014192983759268
1.3756300000005446 0.35361293388189197 0.8790220732104226
1.4513800000010408 0.13936233356727135 0.38166550245699593
1.5281400000015437 0.34433448455662696 0.8547086864170272
1.60389000000204 0.13167587061600317 0.3625540404384786
1.6806500000025428 0.3354888614405479 0.8315527761135533
1.756400000003039 0.12425225942900721 0.3440706664992743
1.833160000003542 0.327042280450057 0.8094626605089306
1.9089100000040382 0.11708233110886979 0.32619746921952464
1.985670000004541 0.318966174466609 0.7883601725805489
2.0614200000050373 0.1101571511632523 0.30891588575626683
2.1371700000055336 0.3116022798158037 0.7691093108971869
2.2139300000060365 0.10346757508846784 0.2922055658787448
2.2896800000065327 0.30421419152319207 0.749830843067989
2.3664400000070356 0.09700302093060575 0.27604112228880595
2.442190000007532 0.2971259566649188 0.7313496440682021
2.5189500000080347 0.09075342702669842 0.26039911222723866
2.594700000008531 0.29031603884964896 0.7136078967304837
2.671460000009034 0.08470980195131006 0.2452585118153494
2.74721000000953 0.2837644493855933 0.6965513035025128
2.8229600000100263 0.07919398117340981 0.2314495554066487
2.899720000010529 0.2774562631868003 0.6801384960921419
2.9754700000110255 0.0735727166707012 0.21734760353232518
3.0522300000115283 0.27137771910684994 0.664331666947493
3.1279800000120246 0.06813445621674474 0.20369563125260948
3.2047400000125275 0.2655172483250916 0.6490993852575566
3.2804900000130237 0.06287206025603531 0.19047750948304465
3.35624000001352 0.2601867457827647 0.6352141616279394
3.433000000014023 0.057778611402862556 0.1776768395307604
3.508750000014519 0.25477511166043787 0.6211584809414084
3.585510000015022 0.05284750518226044 0.16527721972874332
3.661260000015518 0.2495537177163819 0.6076044282113169
3.7370100000160145 0.04835679590268305 0.1539982854902644
3.8137700000165173 0.24451464795059963 0.5945315189771816
3.8895200000170136 0.043772094699790154 0.14245704067107345
3.9662800000175165 0.23964931025639633 0.5819168655295304
4.042030000016146 0.03933012245921641 0.1312674521678936
4.117780000013278 0.2352192385410917 0.570410460007631
4.194540000010372 0.03503934861528324 0.12041591440224986
4.270290000007504 0.23071884031263726 0.5587546621092621
4.347050000004598 0.031032337243565133 0.10988967121002835
4.422800000001731 0.2263671151079524 0.5474896137183438
4.498549999998863 0.027508706885198242 0.10034124121111043
4.575309999995957 0.22215641924071416 0.5365940913701017
4.651059999993089 0.024041582744049994 0.09053489860831876
4.7268099999902216 0.2182941945556519 0.526583578865325
4.803569999987316 0.02090857350397224 0.0810170678816391
4.879319999984448 0.2143857867279453 0.516475011253259
4.956079999981542 0.018088266660523433 0.07177710853428776
5.031829999978674 0.21059694669469323 0.506677278748191
5.1075799999758065 0.01575272209112777 0.0633550975341346
5.1843399999729005 0.20692281452035308 0.4971774992320377
5.260089999970033 0.013657442125959207 0.054737348387490226
5.336849999967127 0.20335949459169378 0.4879654341030992
5.412599999964259 0.011934775551705412 0.04636380672828899
5.488349999961391 0.20012097968453102 0.4795772573696788
5.565109999958485 0.010629311537986186 0.03822697971300748
5.640859999955618 0.19680392657814627 0.47100106379465156
5.71660999995275 0.009857091289880104 0.03079480029607451
5.793369999949844 0.19358438387948895 0.4626780018813226
5.869119999946976 0.009547267932739967 0.023199535930074067
5.94587999994407 0.19045914640041484 0.45459986342248904
6.021629999941203 0.009796297581680324 0.015814619352538806
6.097379999938335 0.18761537286746066 0.4472388380075132
6.174139999935429 0.010714025791526915 0.00863386818813483
6.249889999932561 0.18470093201031668 0.43970690606031093
6.3256399999296935 0.01236976508432597 0.0020724867681343184
6.4023999999267875 0.1818692637551126 0.43239010677246226
6.47814999992392 0.014924756056231225 0.004636453036011012
6.554909999921014 0.17911776293019932 0.42528175674183544
6.630659999918146 0.01748858832080291 0.011162961740285304
6.706409999915278 0.17661547220469398 0.41880948106374216
6.7831699999123725 0.01998482437590532 0.01751149716860967
6.858919999909505 0.17404761530461266 0.4121772577894478
6.934669999906637 0.022266021705053984 0.023306022520352965
7.011429999903731 0.17155253377184865 0.4057342148235832
7.087179999900863 0.02459808345770853 0.02923914586450138
7.162929999897996 0.1692565153718707 0.39980035558428995
7.23968999989509 0.026866519048956317 0.03501184911733901
7.315439999892222 0.1669298286186116 0.39379431938920684
7.392199999889316 0.029072932416153496 0.040628121384522764
7.467949999886448 0.16466896267439823 0.38795955714130415
7.5436999998835805 0.031084421818357355 0.04574324879416114
7.620459999880675 0.16247206580203222 0.38229120119082083
7.696209999877807 0.03314677952935141 0.05099447506103916
7.771959999874939 0.16045572672378605 0.37708561914847616
7.848719999872033 0.03515561167399628 0.05610582654372864
7.9244699998691654 0.15840559225527184 0.3717979648238612
8.00122999986626 0.03711050792271986 0.06108110827169888
8.076979999863392 0.15641268264481312 0.3666574963142488
8.152729999860524 0.038888341933435044 0.0656019092936222
8.229489999857618 0.15447467309494467 0.36165971922954565
8.30523999985475 0.04071778792429759 0.07025968754248435
8.380989999851883 0.15270010280144442 0.35708154708187223
8.457749999848977 0.042499070728986954 0.07479596604816896
8.533499999846109 0.15088861909283435 0.3524120817518739
8.609249999843241 0.044138670012363934 0.07896902581225884
8.686009999840335 0.14912623053290486 0.34787043994464195
8.761759999837468 0.04580643843484944 0.08321815480490935
8.838519999834562 0.1474118197299884 0.3434537251187253
8.914269999831694 0.047430690450794843 0.08735761838171152
8.990019999828826 0.1458463600599641 0.33942000873231626
9.06677999982592 0.049012299396237635 0.09138957589800434
9.142529999823052 0.1442432183022655 0.3352921536947884
9.218279999820185 0.05046403581664882 0.09508896759964358
9.295039999817279 0.14268351961988546 0.3312773231354371
9.370789999814411 0.05194633703213613 0.0988664487829416
9.447549999811505 0.14116634159518981 0.32737301325727053
9.523299999808637 0.05338969384350279 0.10254558289780613
9.59904999980577 0.13978452387152884 0.3238167172562312
9.675809999802864 0.0547947660557242 0.10612801654050763
9.751559999799996 0.13836577730856547 0.3201673759708479
9.827309999797128 0.056081099465507545 0.1094069158300015
9.904069999794222 0.1369859583269737 0.31661903564055294
9.979819999791355 0.05739625373405988 0.11276158129540637
10.055569999788487 0.1357148313642076 0.31335034874131473
10.132329999785581 0.058676130467794074 0.1160269393391089
10.208079999782713 0.13442566785827903 0.3100364105852904
10.284839999779807 0.059921264270994756 0.11920423255754597
10.36058999977694 0.1331723412966811 0.306815176630193
10.436339999774072 0.06105844899938395 0.12210575051155859
10.513099999771166 0.13195419982482848 0.30368485428488023
10.588849999768298 0.062222636571138794 0.12507731673836453
10.66459999976543 0.13083452155793962 0.3008075532904164
10.741359999762524 0.06335475630226017 0.12796734512033892
10.817109999759657 0.12969745898170848 0.29788615379825467
10.89386999975675 0.06445533958776395 0.13077711903758393
10.969619999753883 0.12859268183217754 0.2950479764716407
11.045369999751015 0.06545857712124825 0.13333839382734247
11.12212999974811 0.12751958103576366 0.29229140028609324
11.197879999745242 0.06648643268807963 0.1359628529937873
11.273629999742374 0.1265349796241375 0.289761938926536
11.350389999739468 0.06748525558779073 0.13851331498183628
11.4261399997366 0.12553429401616112 0.287191569703249
11.502899999733694 0.06845556234864913 0.1409910733556452
11.578649999730827 0.12456261208236595 0.28469580530255945
11.654399999727959 0.06933872391807894 0.14324653313179114
11.731159999725053 0.12361941286111455 0.2822731230212816
11.806909999722185 0.07024382854324973 0.14555794298201086
11.882659999719317 0.12275560153289233 0.280052888311777
11.959419999716411 0.0711228356198248 0.14780249290674563
12.035169999713544 0.12187734629617564 0.27779613710745554
12.110919999710676 0.07193324860565542 0.14987108983652853
12.18767999970777 0.12102514463871507 0.27560642280549663
12.263429999704902 0.07275261181602533 0.15196234239163164
12.340189999701996 0.12019847892551117 0.2734824141533143
12.415939999699129 0.07354786376482292 0.1539922060690313
12.491689999696261 0.11944221654413956 0.271538413730954
12.568449999693355 0.07431947573242581 0.15596189028566076
12.644199999690487 0.11867322255729117 0.2695626545222596
12.71994999968762 0.0750295199180564 0.1577747098066684
12.796709999684714 0.11792755405971332 0.26764694130531064
12.872459999681846 0.07574738827705174 0.15960744333570753
12.94921999967894 0.11720468567895403 0.2657899403209374
13.024969999676072 0.07644369146967711 0.1613853129733278
13.100719999673204 0.11654428692061602 0.26409256073510745
13.177479999670298 0.0771189519146408 0.1631096494389639
13.25322999966743 0.11587252617770505 0.2623671390502236
13.328979999664563 0.07773964345378936 0.1646949170820755
13.405739999661657 0.11522136789036508 0.2606948091010808
13.48148999965879 0.07836757385543558 0.16629868115425328
13.558249999655883 0.11459024985544619 0.25907410910177564
13.633999999653016 0.07897662107299219 0.16785438387397766
13.709749999650148 0.11401427976260847 0.2575942951242527
13.786509999647242 0.07956727835243649 0.1693632730819128
13.862259999644374 0.11342784409046859 0.2560886053314282
13.938009999641507 0.0801096899013608 0.17074920249677827
14.0147699996386 0.1128593801894353 0.25462919344798607
14.090519999635733 0.0806589378115119 0.17215254917029021
14.167279999632827 0.11230839873259957 0.25321478737259095
14.24302999962996 0.08119164287106839 0.1735137607910886
14.318779999627091 0.11180610699537341 0.25192472528279275
14.395539999624186 0.0817082340325308 0.17483391883841293
14.471289999621318 0.11129412062487631 0.2506106184047008
14.54703999961845 0.08218208035614638 0.1760451305634403
14.623799999615544 0.11079781792331712 0.24933685961074925
14.699549999612676 0.0826624041509384 0.1772727814147501
14.77630999960977 0.11031677264758531 0.2481023419428352
14.852059999606903 0.08312823373793543 0.1784634803346341
14.927809999604035 0.10987876911923679 0.24697773896931174
15.004569999601129 0.08357994786679734 0.17961818218303893
15.080319999598261 0.10943175718930254 0.24583070064273516
15.156069999595394 0.08399375035942491 0.18067626015000338
15.232829999592488 0.10899843060419546 0.24471883629644253
15.30857999958962 0.08441372186457252 0.18174992360429076
15.385339999586714 0.1085784164775524 0.2436411774520031
15.461089999583846 0.08482100560473504 0.18279120391608839
15.536839999580978 0.10819649050880942 0.24266079442133437
15.613599999578073 0.08521593479233514 0.1838009428111076
15.689349999575205 0.10780617069850362 0.2416593940752887
15.765099999572337 0.08557721017799769 0.18472489496829114
15.841859999569431 0.10742778888148542 0.2406886459404345
15.917609999566563 0.08594437333326388 0.18566367275693052
15.993359999563696 0.10707955814533532 0.23979486971530406
16.07011999956079 0.08630043537439547 0.1865740859979259
16.145869999557924 0.10672798095627145 0.23889291720629036
16.222629999555018 0.08664568988861432 0.18745688045843645
16.29837999955215 0.10638710242929716 0.23801842102144644
16.374129999549282 0.0869610501336584 0.18826344450211252
16.450889999546376 0.10605663258685871 0.23717063373676073
16.52663999954351 0.08728203159218484 0.1890841656437714
16.60238999954064 0.10575294803139113 0.23639122737724172
16.679149999537735 0.08759330577858326 0.18988007295859255
16.754899999534867 0.105445857593638 0.2356034192145362
16.83165999953196 0.0878951299346642 0.1906518223756426
16.907409999529094 0.10514810092190652 0.2348395569782058
16.983159999526226 0.0881703817525592 0.1913557987423875
17.05991999952332 0.10485942599979593 0.23409899313628912
17.135669999520452 0.08845099304494386 0.19207328978324556
17.211419999517585 0.10459457065449085 0.23341924600305264
17.28817999951468 0.08872311757085671 0.1927690838342766
17.36392999951181 0.10432629333864439 0.23273100368862432
17.440689999508905 0.08898698059421728 0.19344375623137067
17.516439999506037 0.1040661612072662 0.2320636559893341
17.59218999950317 0.08922721141834211 0.19405814388044895
17.668949999500263 0.103813954796378 0.23141663968698767
17.744699999497396 0.08947254006546745 0.1946854063706871
17.820449999494528 0.10358294525274947 0.23082375127067012
17.897209999491622 0.08971045012118084 0.19529370253603684
17.972959999488754 0.10334853645237452 0.23022238561942743
18.04971999948585 0.08994113869866727 0.19588353622120858
18.12546999948298 0.1031212368900486 0.22963925724031053
18.201219999480113 0.09015080179864232 0.19641972569552912
18.277979999477207 0.10290085539597958 0.22907387581093674
18.35372999947434 0.09036529888380807 0.19696814373401095
18.42947999947147 0.10269934586476924 0.22855669339999496
18.506239999468566 0.09057331168085725 0.19749998513370892
18.581989999465698 0.1024944946390115 0.22803114837297578
18.65773999946283 0.09076462362869886 0.19798923781751965
18.734499999459924 0.10229584958890293 0.22752152518611402
18.810249999457056 0.09095800282648414 0.19848365067226537
18.88700999945415 0.10210324409690275 0.22702739674044237
18.962759999451283 0.09114556094731063 0.19896318367707
19.038509999448415 0.1019274453424368 0.22657620148380797
19.11526999944551 0.09132745229041617 0.19942823120439046
19.19101999944264 0.10174839234450561 0.22611683921746062
19.266769999439774 0.09149444022951503 0.1998552675435139
19.343529999436868 0.10157475777435987 0.22567137883299226
19.419279999434 0.09166355152858052 0.20028762957102764
19.496039999431094 0.10140639646229588 0.22523944772404603
19.571789999428226 0.09182757554061638 0.2007069877531631
19.64753999942536 0.10125300447043496 0.22484576017649527
19.724299999422453 0.0919866464699195 0.20111368482856884
19.800049999419585 0.10109647145290568 0.22444417102120973
19.875799999416717 0.09213241751579437 0.20148645491260275
19.95255999941381 0.10094467118303241 0.22405472405262472
20.028309999410943 0.09228032385299756 0.20186459806873502
20.105069999408038 0.10079747769359926 0.223677096019137
20.18081999940517 0.09242378120659367 0.20223136907712158
20.256569999402302 0.10066361867905971 0.22333353624561791
20.333329999399396 0.09256290628298158 0.2025870663202478
20.40907999939653 0.1005267541540986 0.22298240407967462
20.48482999939366 0.09269016253668916 0.202912483169837
20.561589999390755 0.10039402639901397 0.2226418859273327
20.637339999387887 0.09281952968274143 0.2032432258865735
20.71308999938502 0.10027189509098833 0.22232843281103642
20.789849999382113 0.09294500469 0.2035640207911915
20.865599999379246 0.10014850233641281 0.22201186218016034
20.94235999937634 0.09306668962947806 0.20387512879788128
21.018109999373472 0.10002882428012017 0.22170482342462883
21.093859999370604 0.09317778589664216 0.20415922053359514
21.1706199993677 0.09991276312830255 0.22140706568991586
21.24636999936483 0.0932909417258665 0.2044485188066547
21.322119999361963 0.09980616558809807 0.22113348152755785
21.398879999359057 0.09340069200820311 0.20472911383531134
21.47462999935619 0.09969826023567474 0.220856647801837
21.551389999353283 0.09350712589291299 0.20500123350134514
21.627139999350415 0.09959360381780878 0.22058815123068287
21.702889999347548 0.09360411612011288 0.20524925803782068
21.77964999934464 0.0994921112263223 0.22032777312834817
21.855399999341774 0.09370309331038928 0.20550231136571284
21.931149999338906 0.09939906798259678 0.22008897917855652
22.007909999336 0.09379908959166094 0.20574774652399874
22.083659999333133 0.09930470384868918 0.21984688872107583
22.160419999330227 0.0938921827383189 0.20598576202391916
22.23616999932736 0.09921318248463053 0.21961209250361824
22.31191999932449 0.09397685615513474 0.20620229279459945
22.388679999321585 0.09912442937458066 0.2193843990704214
22.464429999318718 0.09406342844700377 0.20642363329865798
22.54017999931585 0.09904321680402506 0.2191759689107009
22.616939999312944 0.09414739123333282 0.2066383040135067
22.692689999310076 0.09896069445191058 0.2189642587271612
22.76843999930721 0.09422466625338011 0.20683591800801926
22.845199999304302 0.09888065900986731 0.21875892896708882
22.920949999301435 0.09430273156734825 0.207035506566422
22.99770999929853 0.09880304510070814 0.21855981170048056
23.07345999929566 0.09437845197834926 0.20722910131208971
23.149209999292793 0.0987321571558416 0.21837787719632962
23.225969999289887 0.09445188865094356 0.20741685836036527
23.30171999928702 0.09865998859578705 0.21819272740720708
23.377469999284152 0.0945193504478985 0.20758937447853398
23.454229999281246 0.09858999559712532 0.2180131588504053
23.52997999927838 0.09458763114981994 0.20776394484124383
23.606739999275472 0.09852212095486222 0.21783902464956872
23.682489999272605 0.09465385969887974 0.20793326934317458
23.758239999269737 0.09846024331160375 0.2176802115385068
23.83499999926683 0.09471808968183548 0.20809748481398493
23.910749999263963 0.09839712789545017 0.21751828441338716
23.986499999261095 0.0947769843618923 0.20824808898006753
24.06325999925819 0.0983359157665117 0.21736123984515965
24.13900999925532 0.09483670672063171 0.20840077555569492
24.215769999252416 0.09827655686183712 0.21720894933585644
24.291519999249548 0.09489463317022806 0.208548871141645
24.36726999924668 0.09822254293036091 0.2170703147972075
24.444029999243774 0.09495081065693722 0.20869249564917647
24.519779999240907 0.09816734375585123 0.216928693541385
24.59552999923804 0.09500222619559462 0.2088239701763861
24.672289999235133 0.09811380973901775 0.21679134391968669
24.748039999232265 0.09505446292667286 0.2089575155186263
24.823789999229398 0.09806451928578086 0.21666483303497408
24.90054999922649 0.09510515737965264 0.20908704317138538
24.976299999223624 0.09801474646934816 0.21653713046659862
25.053059999220718 0.0951543204542834 0.2092126581957232
25.12880999921785 0.09796646967336409 0.21641326570763786
25.204559999214982 0.09519923265655839 0.20932743264482356
25.281319999212077 0.0979196497520588 0.2162931383123734
25.35706999920921 0.09524494859077903 0.20944423616514607
25.43281999920634 0.09787662046689316 0.21618269352426944
25.509579999203435 0.09528928838656248 0.20955752381938142
25.585329999200567 0.09783308821623227 0.21607099875554647
25.66208999919766 0.09533228808653904 0.20966738764841564
25.737839999194794 0.09779086491750776 0.21596266197279057
25.813589999191926 0.09537149700346592 0.20976758334901868
