0.001020000000000002 0.4774963849002706 1.1913996859786113
0.10201999999999314 0.6330800941437073 1.7547231080382808
0.19898000000005822 0.3279931911053723 0.7838346417343933
0.2979600000001572 0.5922219103151066 1.6564127227012837
0.3959300000002552 0.2548470673521508 0.569463210461163
0.49390000000035317 0.5553398661997149 1.5716052258570201
0.5918699999999412 0.2048422020469788 0.42594865237041146
0.6898399999994953 0.5229478971317266 1.4940558425429185
0.7878099999990494 0.16530769732941963 0.31466704266500667
0.8857799999986036 0.49385817331361 1.4229934586472037
0.9837499999981577 0.1314520439590524 0.22023987156588598
1.0817199999986191 0.4674439647308671 1.357623711854905
1.179689999999261 0.10107209550662155 0.1358921466884211
1.2776599999999028 0.4433931998520525 1.297682710337078
1.3756300000005446 0.07370293937812145 0.06010429971381459
1.4736000000011864 0.4214742903765941 1.2427839428929888
1.5715700000018282 0.0496163994530161 0.007009266567925554
1.66954000000247 0.4015239100113787 1.1924595854856945
1.7675100000031119 0.04063708249828368 0.06564870748666518
1.8654800000037537 0.38334219480055953 1.1462622181898308
1.962440000004389 0.04172930585583112 0.11655994221833055
2.0604100000050307 0.36698235983835525 1.1044623842279888
2.1583800000056725 0.04670322888154643 0.162515319291745
2.2563500000063144 0.3518492197411567 1.065657706605183
2.354320000006956 0.0534514464781477 0.20424608126649035
2.452290000007598 0.3379476989570488 1.0298956140393445
2.55026000000824 0.06099227470868496 0.24259201353997728
2.6482300000088816 0.32514218207877743 0.9968678901714267
2.745190000009517 0.06869621512386692 0.27754899092147234
2.8431600000101587 0.3135102495679687 0.9668087308609907
2.9411300000108005 0.07637505619333518 0.3099556223931432
3.0391000000114423 0.3026695998161528 0.9387099009092958
3.137070000012084 0.08381934398826907 0.3395871966623276
3.235040000012726 0.2927023505969477 0.9128131082026036
3.332000000013361 0.09087079081324789 0.36630534952000193
3.429970000014003 0.2836751625577504 0.8893110624018763
3.527940000014645 0.09773378102754526 0.3908427868293707
3.6259100000152866 0.27530406625036985 0.8674850382720534
3.7238800000159284 0.10436741828342577 0.41309364249192404
3.8218500000165703 0.2676410975184058 0.8474612733097353
3.9188100000172055 0.11071471331813021 0.4329500099608863
4.016780000017102 0.26074188177073254 0.8293907589482119
4.114750000013393 0.11690962905298628 0.4511001651965829
4.212720000009684 0.2543613912528594 0.8126573442706841
4.310690000005975 0.12299953117870999 0.46757083414999956
4.407650000002304 0.24861129059496953 0.7975566016695912
4.505619999998595 0.12859375332007117 0.4823037592033175
4.603589999994886 0.2433066613340802 0.7836233311395602
4.7015599999911775 0.13374409798498976 0.49586056584529636
4.798519999987507 0.23851824400153965 0.7710416879524673
4.896489999983798 0.13836619266243877 0.5080188090663906
4.994459999980089 0.2341048867434267 0.7594475811904644
5.09242999997638 0.14262545201549692 0.5192180868194285
5.189389999972709 0.23011609714649064 0.7489677482309554
5.287359999969 0.14645777069532362 0.5292913871609017
5.3853299999652915 0.22644024877057065 0.7393115103324632
5.483299999961583 0.1499938712457055 0.5385838130050447
5.580259999957912 0.22311530004632685 0.730577132260013
5.678229999954203 0.15317987053623205 0.5469547042085687
5.776199999950494 0.22004986779893032 0.7225252819636374
5.874169999946785 0.15612314101776614 0.5546865269882462
5.971129999943114 0.2172759785465731 0.7152392877199154
6.0690999999394055 0.15877698870303614 0.5616568083650741
6.167069999935697 0.21471638931094905 0.7085163393708682
6.265039999931988 0.16123202555840077 0.5681036813444451
6.361999999928317 0.2123998343740734 0.702431652612856
6.459969999924608 0.16344652193901954 0.5739175601106705
6.557939999920899 0.21025949587434745 0.6968098266940115
6.65590999991719 0.16549828047646908 0.5793036741813751
6.7528699999135195 0.20832277650220798 0.6917228937963649
6.850839999909811 0.16734869483398462 0.5841602240938326
6.948809999906102 0.20653138808018656 0.6870176557079222
7.046779999902393 0.16906520931602587 0.5886651998190606
7.143739999898722 0.20491155494797034 0.6827631994112959
7.241709999895013 0.17061222806895826 0.5927246796585295
7.339679999891304 0.2034116803517347 0.6788238395350921
7.436639999887634 0.17203154232228557 0.5964489716280497
7.534609999883925 0.20205670556304065 0.6752652626382138
7.632579999880216 0.1733426843175484 0.5998897028895
7.730549999876507 0.20080069888810584 0.6719665740530623
7.827509999872836 0.17452974705700364 0.6030045188239908
7.925479999869127 0.19966721789530303 0.6689899048158865
8.023449999865418 0.17562767327694917 0.6058857384399152
8.120409999861748 0.19862716042163753 0.6662586819261462
8.218379999858039 0.1766206339638744 0.6084912754423355
8.31634999985433 0.1976670601371222 0.6637373691340986
8.41431999985062 0.1775401879623042 0.6109044650947415
8.51127999984695 0.1967969133104651 0.6614525101081292
8.609249999843241 0.17837088063056827 0.6130842732296249
8.707219999839532 0.19599265611099762 0.6593405913560058
8.805189999835823 0.17914115650878337 0.6151057781011771
8.902149999832153 0.19526461553890162 0.6574290163717356
9.000119999828444 0.17983616654993173 0.6169296001195645
9.098089999824735 0.19459083733929405 0.6556598234076838
9.195049999821064 0.18047394411329032 0.618603264472628
9.293019999817355 0.1939816603050768 0.6540604210838352
9.390989999813646 0.1810630045209164 0.6201492590900415
9.488959999809937 0.19341715027514061 0.6525781936520536
9.585919999806267 0.18159668507487725 0.6215497885269983
9.683889999802558 0.19290741201303785 0.6512399158958626
9.781859999798849 0.18209025346439156 0.6228451979960692
9.87982999979514 0.19243442606432093 0.6499980378340653
9.97678999979147 0.18253684432885386 0.624017211440342
10.07475999978776 0.19200788276623681 0.6488782154170258
10.172729999784051 0.18295042209153378 0.6251027097042172
10.26968999978038 0.19161643519245497 0.6478505427507497
10.367659999776672 0.1833241469047101 0.6260835265327724
10.465629999772963 0.19125462817746997 0.6469006132220678
10.563599999769254 0.1836707108472867 0.626993165059686
10.660559999765583 0.1909270372927151 0.6460406147717035
10.758529999761874 0.18398346535977483 0.6278139915143366
10.856499999758165 0.19062384550737754 0.6452446056678829
10.953459999754495 0.18427048655228828 0.6285672906985451
11.051429999750786 0.1903496946835047 0.6445249169962031
11.149399999747077 0.18453561014266595 0.629263191759466
11.247369999743368 0.1900956266279299 0.6438578930569872
11.344329999739697 0.18477581418993683 0.6298936267476019
11.442299999735988 0.1898662081007464 0.6432556462064976
11.54026999973228 0.18499798598754869 0.6304767957440727
11.63823999972857 0.1896533142718777 0.6426967311088494
11.7351999997249 0.18519900076488394 0.6310043827864709
11.833169999721191 0.18946133723972358 0.6421927815190243
11.931139999717482 0.18538517332605953 0.6314930654064188
12.028099999713811 0.18928515880674024 0.6417303060817336
12.126069999710102 0.18555338822793022 0.6319345707431756
12.224039999706394 0.18912230860531987 0.6413027805391769
12.322009999702685 0.18570939106280515 0.6323440657616142
12.418969999699014 0.18897487893608655 0.6409157775724372
12.516939999695305 0.1858501548135617 0.6327135253284544
12.614909999691596 0.18883842007157337 0.6405575413045983
12.711869999687925 0.18597933194440786 0.6330525768912243
12.809839999684216 0.18871505018157564 0.6402336994128954
12.907809999680508 0.18609866407212772 0.6333658199226266
13.005779999676799 0.18860070761546865 0.6399335270874551
13.102739999673128 0.18620676400246905 0.633649552443083
13.200709999669419 0.18849747278527917 0.6396625420257318
13.29867999966571 0.18630675918609052 0.6339120385866703
