0.001020000000000002 0.4775035172652693 1.191399689757222
0.07879000000000215 0.25532494963867813 0.6635681821217099
0.15858000000001782 0.4526891840047398 1.144669228039219
0.23534000000009458 0.24654807765881515 0.633310124638764
0.31412000000017337 0.4378048449623955 1.104627441344952
0.39189000000025115 0.23634988856352945 0.6103287674035673
0.47067000000032994 0.424051567323387 1.0663758378596122
0.5484400000001388 0.22655806887900912 0.5876769064309895
0.6262099999997849 0.41174833984512943 1.0339058424290504
0.7049899999994264 0.21727257155133517 0.564839787091953
0.7827599999990724 0.39988301078137145 1.0031335859654433
0.8605299999987185 0.208786350942047 0.5438486370020645
0.93930999999836 0.38879776889378104 0.9743518221192349
1.0170799999981956 0.20019306372021783 0.5226159197754376
1.0948499999987051 0.3788754326366579 0.9485471778775456
1.1736299999992212 0.19182740606580873 0.5019060349583215
1.2513999999997307 0.3691352206329015 0.9232891429237999
1.3291700000002402 0.1842250721326758 0.48305079612793733
1.4079500000007563 0.3598330490397992 0.8992177563742598
1.4857200000012658 0.17643261453256798 0.4636623083216551
1.5634900000017753 0.35152148994327204 0.877710235713669
1.6412600000022848 0.16930506592724537 0.44591480777392833
1.7200400000028009 0.3430872288768557 0.8559356521607886
1.7978100000033104 0.16201272927087773 0.42771521012243685
1.8755800000038199 0.33550894769858264 0.8363625072662972
1.9533500000043293 0.15533606582905135 0.4110454607531344
2.0321300000048454 0.3277546274693851 0.8163763081087794
2.109900000005355 0.1484835707383113 0.3939061559983137
2.1876700000058644 0.3207834269972063 0.7983964422774381
2.265440000006374 0.1422307048754996 0.3782659775492303
2.3432100000068834 0.3139949107326917 0.7809014884887944
2.4219900000073995 0.1357681181939393 0.362078355340989
2.499760000007909 0.3071384256230225 0.7632553843761047
2.5775300000084185 0.12991209479613386 0.34741178418030705
2.655300000008928 0.3008537272572468 0.7470753614500114
2.7330700000094375 0.12416733061900485 0.3330137443352532
2.8118500000099536 0.29443038452449477 0.7305590071520096
2.889620000010463 0.118312776068186 0.31832670094109616
2.9673900000109725 0.28859428904318274 0.7155476143206552
3.045160000011482 0.11293116281828462 0.3048255652896459
3.1229300000119915 0.28289669640548 0.7009008962999164
3.2017100000125076 0.10737115842154833 0.29086065350296675
3.279480000013017 0.27711384760515234 0.6860508949073196
3.3572500000135266 0.10232630349868888 0.27819251239454834
3.435020000014036 0.2718024411249569 0.6724073527677121
3.5127900000145456 0.09737981556930575 0.265766398780265
3.5915700000150617 0.26632268601847664 0.6583457279301541
3.669340000015571 0.09230344375933985 0.2530012038880147
3.7471100000160806 0.26135963454526745 0.6455994376145635
3.82488000001659 0.08766360481156288 0.24134087106606472
3.9026500000170996 0.25650285314887844 0.633128584244691
3.980420000017609 0.08311517479451958 0.22990659866239938
4.059200000015496 0.25150538858395555 0.6203113330130461
4.1369700000125516 0.07846401066015318 0.21820297959092017
4.214740000009607 0.24695833475500958 0.6086381223517012
4.292510000006663 0.07419419578695519 0.2074641128532062
4.370280000003719 0.24250917411336084 0.5972190750455297
4.448050000000775 0.07000919290346763 0.19693406055484308
4.526829999997792 0.2379387728772683 0.5855027742556751
4.604599999994848 0.065735978349578 0.18617344125431146
4.682369999991904 0.23377383726933743 0.5748170255613139
4.76013999998896 0.06180623100711935 0.17627993801703212
4.837909999986016 0.22970115936283855 0.564372332022578
4.915679999983071 0.05795564199982206 0.16658135292375587
4.994459999980089 0.22551864329587212 0.5536581551022879
5.072229999977145 0.05402287546045914 0.1566692266696812
5.1499999999742005 0.22170857259672597 0.5438937722209269
5.227769999971256 0.05040720052053849 0.14755552632519375
5.305539999968312 0.21798381701423997 0.5343529099129496
5.383309999965368 0.04686542012576733 0.13862367067130066
5.4620899999623855 0.21415191581708426 0.5245468005353859
5.539859999959441 0.0432419946461744 0.1294808541458803
5.617629999956497 0.2106670744151247 0.515627108623129
5.695399999953553 0.039916882425680145 0.1210889878120125
5.773169999950609 0.20726385700939476 0.5069181417291846
5.850939999947665 0.036660571466373915 0.1128672277623699
5.929719999944682 0.20375551479217247 0.4979460939155578
6.007489999941738 0.0333196477579486 0.10442732426643175
6.085259999938794 0.2005760534978921 0.48981556948949345
6.1630299999358495 0.03026258328607567 0.09670303007375258
6.240799999932905 0.19746839439506214 0.4818712301133621
6.318569999929961 0.027268521750954844 0.08913596705065752
6.396339999927017 0.1944302858136131 0.47410632165619804
6.4751199999240345 0.02418442457456693 0.08133785122247383
6.55288999992109 0.19133724586870282 0.4662027224391241
6.630659999918146 0.021373212839844613 0.07423150670760048
6.708429999915202 0.18848933251565436 0.4589242749667988
6.786199999912258 0.01871368078825364 0.06727243324743393
6.863969999909314 0.18570274946559506 0.4518023787261516
6.942749999906331 0.0161005844016332 0.06006772665848592
7.020519999903387 0.18285022391528505 0.44451256432392894
7.098289999900443 0.013845150892350166 0.05353284794055169
7.1760599998974985 0.18023452301837384 0.43782603021623734
7.253829999894554 0.011791250280245191 0.04713196023191646
7.33159999989161 0.17767413859941483 0.4312808837134252
7.409369999888666 0.010020383710795278 0.04086325991005113
7.4881499998856835 0.17503915476467036 0.4245464049481118
7.565919999882739 0.008500892429068596 0.03445563667349161
7.643689999879795 0.1726350232846604 0.4184005549160652
7.721459999876851 0.007382062549659674 0.028564586752599652
7.799229999873907 0.17028125903189062 0.41238396506350083
7.8769999998709626 0.006608662527072594 0.022794129750036696
7.95577999986798 0.16784525378663973 0.40615900205609456
8.033549999865036 0.00621774047337964 0.016861209602592186
8.111319999862092 0.16563541798734305 0.4005092902687801
8.189089999859148 0.006301415144200463 0.011436855581925531
8.266859999856203 0.16347197521313295 0.3949787619497269
8.34462999985326 0.006908639157623742 0.006122818727849477
8.422399999850315 0.1613541938049602 0.38956583121453336
8.501179999847333 0.00833236537341786 0.0006264423200175173
8.578949999844388 0.15918812726620546 0.3840309253205998
8.656719999841444 0.010274365553468279 0.004369327852538074
8.7344899998385 0.1571987197138477 0.3789470791055405
8.812259999835556 0.012193182350332621 0.009263999811348622
8.890029999832612 0.15525145930420936 0.37397195664065075
8.967799999829667 0.014074119925628794 0.014058839152031322
9.046579999826685 0.1532482449081357 0.3688553843244957
9.12434999982374 0.01599546420095932 0.018959706287358102
9.202119999820797 0.15142037540952746 0.36418713634358557
9.279889999817852 0.017763671160295758 0.02346940172923695
9.357659999814908 0.14963190153659423 0.35962085196243887
9.435429999811964 0.01949537804109369 0.02788761801405526
9.514209999808982 0.14778140219569758 0.35489742473974184
9.591979999806037 0.021275749991987003 0.032432172197627285
9.669749999803093 0.14610488934041 0.3506192675305164
9.747519999800149 0.022904780821883186 0.03658780605952927
9.825289999797205 0.14446543021581437 0.3464371281535872
9.90305999979426 0.02450097474766222 0.04065891484790196
9.980829999791316 0.14286255156336347 0.3423496989743424
10.059609999788334 0.026152734306232328 0.044872905381387884
10.13737999978539 0.14122222438296606 0.33816732937234084
10.215149999782446 0.027652354228707043 0.048700214462515934
10.292919999779501 0.1397200919312943 0.3343390939472224
10.370689999776557 0.02912064907319167 0.05244883914735654
10.448459999773613 0.13825125546066774 0.3305967433290924
10.526229999770669 0.030557857934385476 0.05611914052230382
10.605009999767686 0.13673696183580542 0.32673876173779925
10.682779999764742 0.03202914424772363 0.059876099438305186
10.760549999761798 0.1353600940048283 0.32323210719197304
10.838319999758854 0.033378664334304586 0.0633236748035837
10.91608999975591 0.13401359763237652 0.3198028588231372
10.993859999752965 0.03469989169886023 0.0666978485854397
11.071629999750021 0.13269730938668578 0.3164496316429677
11.150409999747039 0.03606335207301703 0.07017626935744703
11.228179999744095 0.13135324558371775 0.3130253926503346
11.30594999974115 0.0373043546550792 0.0733435987021358
11.383719999738206 0.13011873637593319 0.3098808120533203
11.461489999735262 0.03851874881411099 0.07644309099767987
11.539259999732318 0.1289112288813984 0.30680502294299083
11.617029999729374 0.03970689523312032 0.07947556800155242
11.695809999726391 0.1276682450698926 0.3036387441896271
11.773579999723447 0.0409203038632846 0.08257148955309601
11.851349999720503 0.12653541050154937 0.3007530988988538
11.929119999717559 0.04203566191187702 0.0854180944298899
12.006889999714614 0.1254269771953771 0.2979295092917944
12.08465999971167 0.043127126343535216 0.08820360308985364
12.163439999708688 0.12427641557303615 0.2949988087636135
12.241209999705744 0.044250859699563994 0.09107079636077042
12.3189799997028 0.12323600799098956 0.2923483706908425
12.396749999699855 0.045275683770582775 0.09368608441612247
12.474519999696911 0.12221767509199033 0.28975409565994426
12.552289999693967 0.046278771513170947 0.09624581728709947
12.630059999691023 0.12122107842453513 0.2872151650006538
12.70883999968804 0.04731998895084477 0.09890256404986308
12.786609999685096 0.12019582653436278 0.2846037414932834
12.864379999682152 0.048261987302536946 0.10130638646150825
12.942149999679208 0.11925991980523853 0.2822194545070711
13.019919999676263 0.049185058851574315 0.10365973373946957
13.09768999967332 0.11834382179328783 0.27988566950420957
13.175459999670375 0.050088705335909034 0.10596333289754067
13.254239999667393 0.11739351238671702 0.27746534709943704
13.332009999664448 0.05101825513640101 0.10833298177361783
13.409779999661504 0.11653314856493346 0.27527361592272204
13.48754999965856 0.05186716695518345 0.1104971448681824
13.565319999655616 0.11569089158169221 0.27312809266903937
13.643089999652672 0.05269822185426221 0.11261586020824277
13.720859999649727 0.1148664950001489 0.27102818019704156
13.799639999646745 0.05356023520983356 0.11481362708558596
13.8774099996438 0.1140189625034762 0.2688698966200498
13.955179999640857 0.05434095378609572 0.11680420301550809
14.032949999637912 0.11324457161846256 0.26689757124567226
14.110719999634968 0.055105370285881805 0.11875334057539488
14.188489999632024 0.11248651084184012 0.26496698603161173
14.26625999962908 0.05585371117890192 0.1206616192957366
14.345039999626097 0.11170058317628541 0.2629658834882753
14.422809999623153 0.05662309202790128 0.12262367326441037
14.500579999620209 0.11098852596142861 0.2611526932963626
14.578349999617265 0.057326322207765346 0.12441715091813244
14.65611999961432 0.11029139514243025 0.2593776465852349
14.733889999611376 0.058014849700827154 0.1261732447393249
14.811659999608432 0.10960897803263514 0.25764018609618633
14.89043999960545 0.058728766316120125 0.12799417198535723
14.968209999602506 0.10890764769073957 0.25585481102609053
15.045979999599561 0.05937576867509753 0.12964451630735896
15.123749999596617 0.10826643850124684 0.25422241199319906
15.201519999593673 0.06000932198268394 0.13126061797354982
15.279289999590729 0.10763865594522315 0.2526242617623575
15.357059999587785 0.060629609687602226 0.13284293151912818
15.435839999584802 0.1069879225072724 0.25096772789097166
15.513609999581858 0.06126718570646028 0.13446932538988543
15.591379999578914 0.10639837949335963 0.2494661030706835
15.66914999957597 0.061850205496374544 0.1359566346725849
15.746919999573025 0.10582109593459676 0.24799574030247573
15.824689999570081 0.0624210850640281 0.1374130011427388
15.902459999567137 0.10525590234253389 0.24655620116755816
15.981239999564155 0.0630129424979331 0.13892283789281867
16.059009999561212 0.10467507337894433 0.24507684732915092
16.136779999558268 0.06354949649729325 0.14029167107076912
16.214549999555324 0.10414384990404724 0.24372387462987533
16.29231999955238 0.0640749403939157 0.14163217575965392
16.370089999549435 0.10362368881938257 0.24239910584273883
16.44785999954649 0.06458942401607992 0.14294473365454863
16.52663999954351 0.10308447996212465 0.24102582402167894
16.604409999540565 0.06511851368843635 0.14429378723048725
16.68217999953762 0.1025955945515531 0.23978076507116253
16.759949999534676 0.06560259232134347 0.14552773472221725
16.837719999531732 0.10211682287135061 0.2385614903472666
16.915489999528788 0.06607663069836756 0.14673610449388308
16.993259999525844 0.10164802656838512 0.23736764591912873
17.07203999952286 0.06656809461995195 0.1479888896623982
17.149809999519917 0.10116622131178311 0.23614065759050007
17.227579999516973 0.06701370746110202 0.14912483847013824
17.30534999951403 0.10072549981446045 0.23501835986270425
17.383119999511084 0.06745013089493612 0.15023737391783865
17.46088999950814 0.1002939039532076 0.23391932156624495
17.538659999505196 0.06787748867697774 0.15132680810104882
17.617439999502214 0.09984645212050892 0.23277988309013953
17.69520999949927 0.06831675199032727 0.1524466075013331
17.772979999496325 0.09944071238417697 0.23174671968198002
17.85074999949338 0.06871857148668725 0.1534709569692594
17.928519999490437 0.09904332136985972 0.2307348238419049
18.006289999487493 0.06911208806412472 0.15447414239739832
18.08405999948455 0.09865416827067397 0.22974391152291718
18.162839999481566 0.06952007516554815 0.1555142417049904
18.24060999947862 0.09825418582924861 0.2287254029316621
18.318379999475678 0.06989004276368416 0.15645740469838465
18.396149999472733 0.09788827014954415 0.22779367762228997
18.47391999946979 0.0702524016319166 0.15738117239314509
18.551689999466845 0.0975299018960798 0.226881173690352
18.6294599994639 0.07060725086618658 0.15828579779181284
18.70823999946092 0.09715836169632486 0.2259351137572474
18.786009999457974 0.0709719673893544 0.15921561304444998
18.86377999945503 0.09682142337859001 0.22507718844311242
18.941549999452086 0.07130563466862416 0.1600662479056214
19.01931999944914 0.09649140179217586 0.22423687706967232
19.097089999446197 0.07163241814953036 0.16089933736324058
19.174859999443253 0.09616820783143154 0.22341395248152152
19.25363999944027 0.07197118754320753 0.16176301850223673
19.331409999437327 0.09583604277037605 0.22256817724304323
19.409179999434382 0.07227843047542204 0.16254630192594766
19.486949999431438 0.09553212995522686 0.22179435485798482
19.564719999428494 0.07257936201684878 0.163313498757367
19.64248999942555 0.09523447758285786 0.22103647390411263
19.720259999422606 0.07287406324881018 0.16406481558697283
19.799039999419623 0.09492592354933338 0.2202508284286031
19.87680999941668 0.07317691261857862 0.16483693882696215
19.954579999413735 0.09464606095760975 0.21953825013409922
20.03234999941079 0.07345402938244339 0.16554343409721506
20.110119999407846 0.09437193886658213 0.218840289115263
20.187889999404902 0.07372543291098799 0.16623536733163524
20.265659999401958 0.09410348400195057 0.21815675910779042
20.344439999398976 0.07400673584399775 0.16695256816358084
20.42220999939603 0.09382763059977883 0.2174543880935076
20.499979999393087 0.07426191500650448 0.16760314680213106
20.577749999390143 0.09357518632635531 0.21681163024772632
20.6555199993872 0.07451185554926087 0.1682403735817961
20.733289999384255 0.09332793941218975 0.21618210768609147
20.81105999938131 0.07475662471759426 0.1688644200998679
20.889839999378328 0.09307169767221535 0.21552967775329002
20.967609999375384 0.07500809945311626 0.16950558825816753
21.04537999937244 0.09283922375452791 0.21493777729409969
21.123149999369495 0.07523826961674662 0.1700924241655466
21.20091999936655 0.09261151549489699 0.21435801369543706
21.278689999363607 0.07546369889086313 0.17066717740407134
21.356459999360663 0.09238851188718433 0.21379023149922238
21.43523999935768 0.07569728643857376 0.17126275118913847
21.513009999354736 0.0921594278404988 0.2132069629517508
21.590779999351792 0.07590924848746528 0.1718031786341112
21.668549999348848 0.09194971788628226 0.21267303569590945
21.746319999345904 0.07611686393752737 0.17233252726033266
21.82408999934296 0.09174432219732509 0.21215009444118804
21.901859999340015 0.07632018821510889 0.17285093752789082
21.980639999337033 0.0915315223606249 0.21160829477949727
22.05840999933409 0.07652901403359857 0.17338339154256976
22.136179999331144 0.09133839222416062 0.21111658774310982
22.2139499993282 0.07672021791221117 0.17387090475767808
22.291719999325256 0.091149218520572 0.21063495401557608
22.36948999932231 0.07690748559403704 0.17434838288953314
22.447259999319368 0.09096395117433143 0.21016326576012156
22.526039999316385 0.07710145776530408 0.1748429681112551
22.60380999931344 0.09077370300787402 0.20967889121898953
22.681579999310497 0.0772775407106373 0.1752919318435575
22.759349999307553 0.09059947590689765 0.2092353138930858
22.83711999930461 0.07745001319934197 0.1757316899767991
22.914889999301664 0.09042883219421205 0.2088008589131607
22.99265999929872 0.07761892093018175 0.17616235880788533
23.071439999295738 0.09025210960375785 0.20835092127754473
23.149209999292793 0.0777923254029873 0.17660450430690977
23.22697999928985 0.09009165428358035 0.20794240674566478
23.304749999286905 0.07795116506626532 0.177009503492509
23.38251999928396 0.0899344860308503 0.2075422595459453
23.460289999281017 0.07810673447972138 0.17740616363713935
23.538059999278072 0.0897805634224711 0.20715037413651105
23.61683999927509 0.07826780035415049 0.17781684650708396
23.694609999272146 0.08962257441338062 0.20674813215961763
23.7723799992692 0.07841407842573678 0.17818981622677033
23.850149999266257 0.08947782350981226 0.20637959723979193
23.927919999263313 0.07855735655772156 0.17855513569916548
24.00568999926037 0.0893360502959003 0.20601864159136563
24.083459999257425 0.0786976726297205 0.17891290144881333
24.162239999254442 0.08918929773331896 0.20564500447493028
24.240009999251498 0.07884165342468752 0.17928001863213305
24.317779999248554 0.08905598897395384 0.20530559800360226
24.39554999924561 0.07897360541244991 0.17961645723125752
24.473319999242666 0.08892541195260817 0.20497314446875636
24.55108999923972 0.07910283986461886 0.17994596538303265
24.628859999236777 0.088797532315951 0.20464755644294952
24.707639999233795 0.0792365712200701 0.18028694449827576
24.78540999923085 0.08866634243758398 0.20431353849139633
24.863179999227906 0.07935808675163747 0.18059677013482212
24.940949999224962 0.08854608293579558 0.20400734961505407
25.018719999222018 0.07947710924658413 0.18090023767064478
25.096489999219074 0.08842829830644539 0.20370745974893634
25.17425999921613 0.07959367015787733 0.18119742733863076
25.253039999213147 0.08830644316148673 0.2033972038659071
25.330809999210203 0.0797132098557305 0.1815022167157121
25.40857999920726 0.08819569117137127 0.2031152173453843
25.486349999204315 0.07982282216845182 0.18178168785759619
25.56411999920137 0.08808720975804507 0.20283900979896075
25.641889999198426 0.07993017604315156 0.18205539915219227
25.719659999195482 0.08798097038449804 0.20256850865777443
25.7984399991925 0.08004120240914203 0.18233847716666585
25.876209999189555 0.08787204331966347 0.20229116383816415
25.95397999918661 0.08014214373378992 0.1825958368106173
26.031749999183667 0.08777213511039839 0.2020367802585077
26.109519999180723 0.08024101315813192 0.18284791233745823
26.18728999917778 0.08767428405630018 0.201787632528605
26.265059999174834 0.08033783682828621 0.18309477048973344
26.343839999171852 0.08757311126394673 0.2015300264646802
26.421609999168908 0.08043707601559924 0.18334779026831782
26.499379999165964 0.08748110319609981 0.20129575362504148
26.57714999916302 0.0805281272306344 0.18357992910716936
26.654919999160075 0.08739098249743249 0.20106628454551467
26.73268999915713 0.08061730152025437 0.18380728117836087
26.810459999154187 0.08730272542617712 0.20084155887639676
26.889239999151204 0.08070947031970033 0.184042269864082
26.96700999914826 0.08721229113359552 0.2006112901898116
27.044779999145316 0.08079331762056419 0.18425603867542328
27.12254999914237 0.08712929407431513 0.20039995551819345
27.200319999139428 0.08087544304657535 0.1844654162064474
27.278089999136483 0.08704800694939718 0.20019297316056228
27.35585999913354 0.08095586834980528 0.18467045799593906
27.434639999130557 0.08696401318243052 0.1999790995074302
27.512409999127613 0.08103824830272888 0.18488048507651067
27.59017999912467 0.08688758034172028 0.19978447547392975
27.667949999121724 0.08111387856646135 0.18507330026202862
27.74571999911878 0.08681271628467924 0.19959384460078722
27.823489999115836 0.08118794904099358 0.1852621376756458
27.90125999911289 0.08673940125013269 0.19940715667020603
27.98003999910991 0.08126445789453363 0.1854571927499271
28.057809999106965 0.0866643261294896 0.1992159883894784
28.13557999910402 0.08133410350945935 0.18563474767687715
28.213349999101077 0.08659538086018037 0.19904042560873192
28.291119999098132 0.08140231821226296 0.18580865358431842
28.368889999095188 0.08652785683630337 0.19886848063502827
28.446659999092244 0.08146912010087692 0.18597895668241993
28.52543999908926 0.08645813031003335 0.19869092848362468
28.603209999086317 0.08153750064779597 0.1861532854843584
28.680979999083373 0.08639463887388021 0.19852925046197623
28.75874999908043 0.08160031968647297 0.18631343340096418
28.836519999077485 0.08633245134473899 0.19837089166548916
28.91428999907454 0.08166184254301112 0.18647027601387256
28.992059999071596 0.08627155127525532 0.19821581029046964
29.070839999068614 0.0817253484236301 0.18663217455273662
29.14860999906567 0.08620923112778978 0.1980571144960086
29.226379999062726 0.0817831959722779 0.18677964632657362
29.30414999905978 0.08615196102826528 0.19791127530578434
29.381919999056837 0.08183985443635211 0.1869240859804222
29.459689999053893 0.08609587218171155 0.19776844327040743
29.53745999905095 0.08189533886928113 0.18706553194515196
29.616239999047966 0.08603799334454065 0.19762105456951895
29.694009999045022 0.08195209585211105 0.18721022244727603
29.771779999042078 0.08598525430956194 0.1974867516167933
29.849549999039134 0.08200427219145034 0.1873432340804948
29.92731999903619 0.08593359899485298 0.19735520761678949
30.005089999033245 0.08205537142280794 0.18747349924280732
30.0828599990303 0.08588301371180751 0.19722638777027734
30.16163999902732 0.08210808140885906 0.1876078706401385
30.239409999024375 0.08583128488030956 0.19709465759965017
30.31717999902143 0.08215612803472616 0.18773035302470653
30.394949999018486 0.08578371486398073 0.19697351528220608
30.472719999015542 0.08220318655277015 0.18785031593956392
30.550489999012598 0.0857371266001834 0.19685487244893718
30.629269999009615 0.08225213453071445 0.18797509517229916
30.70703999900667 0.08568908531568142 0.19673253094711907
30.784809999003727 0.0822963763164426 0.18808787682212946
30.862579999000783 0.08564527954059065 0.19662097310169102
30.94034999899784 0.0823397117139747 0.1881983474277482
31.018119998994894 0.08560237444589636 0.19651170840567778
31.09588999899195 0.08238215207147315 0.18830653595310887
31.174669998988968 0.08555776116493041 0.19639809500739958
31.252439998986024 0.08242589934735589 0.1884180556772641
31.33020999898308 0.0855174236405174 0.19629536820039428
31.407979998980135 0.0824658044092641 0.18851978062172092
31.48574999897719 0.08547791234901925 0.1961947450586865
31.563519998974247 0.08250488839273673 0.18861941211328892
31.641289998971303 0.08543921696386014 0.19609619932039468
31.72006999896832 0.08254551280246503 0.18872296978144076
31.797839998965376 0.08539934334447608 0.19599465451465292
31.87560999896243 0.08258225743190195 0.18881663733990584
31.953379998959488 0.08536295907583591 0.1959019938145734
32.03114999896761 0.08261824889499525 0.1889083846386308
32.10891999899229 0.08532732332602766 0.195811238990673
32.18668999901698 0.08265349663436727 0.18899823577213093
32.26546999904198 0.08529029548961387 0.19571694030958708
32.34323999906667 0.08268980371678791 0.18909078668822854
32.42100999909135 0.08525679229654548 0.19563161594751133
32.49877999911604 0.08272294589988527 0.18917527005002377
32.576549999140724 0.08522397574148077 0.1955480399455034
32.65431999916541 0.08275540582368024 0.1892580139865263
32.732089999190094 0.08519183722718637 0.19546619043340208
32.8108699992151 0.08278912082881229 0.1893439565144539
32.888639999239786 0.08515874417271174 0.1953819113811206
32.96640999926447 0.08281963796085601 0.18942174770020248
33.044179999289156 0.08512852514188474 0.19530494987277658
33.12194999931384 0.08284952927218037 0.1894979433796573
33.19971999933853 0.08509892813959163 0.19522957226879578
33.27748999936321 0.08287880261953229 0.18957256359816155
33.35626999938822 0.08506819727991244 0.19515130832246097
33.4340399994129 0.08290893389943454 0.18964937007859284
33.51180999943759 0.08504037141706322 0.19508044104498135
33.58957999946227 0.08293645867392896 0.18971953275849218
33.66734999948696 0.08501311614649543 0.1950110267330496
33.745119999511644 0.08296341656512995 0.18978825022918366
33.82288999953633 0.08498642431005321 0.1949430471753666
33.901669999561335 0.08299139653358123 0.18985957234038953
33.97943999958602 0.084958959740701 0.19487310097893173
34.057209999610706 0.08301674105434664 0.18992417699622566
34.13497999963539 0.0849338620193888 0.1948091810414332
34.212749999660076 0.08304156559542186 0.18998745604243972
34.29051999968476 0.08490928117212504 0.19474657733252743
34.36828999970945 0.08306587669791887 0.19004942616667186
34.44706999973445 0.08488377717786666 0.19468162380678056
34.52483999975914 0.08309088212713023 0.19011316559015556
34.60260999978382 0.08486066720503782 0.19462276594278682
34.68037999980851 0.08311374120152226 0.1901714342695815
34.75814999983319 0.08483803134919543 0.19456511546257493
34.83591999985788 0.08313612929200143 0.19022850228097576
34.913689999882564 0.08481586364827898 0.19450865720126442
34.99246999990757 0.08315934941169478 0.19028769062100492
35.070239999932255 0.08479307076835862 0.19445060794603952
35.14800999995694 0.08318039779383612 0.19034134356438193
35.225779999981626 0.08477222685741004 0.19439752105745445
35.30355000000631 0.08320101418882997 0.19039389528122674
35.381320000030996 0.08475181239034846 0.19434552784453052
35.45909000005568 0.08322120404648015 0.19044535967559506
35.53787000008069 0.08473064654210083 0.19429162209666506
