0.001020000000000002 0.4775033258546779 1.1913996631084278
0.07475000000000372 0.15078677465327273 0.4455268512723709
0.1474700000000067 0.45119352467536744 1.1309383867350142
0.22120000000008044 0.1395207401811176 0.4110531014135277
0.2949300000001542 0.43113255868035716 1.0799871550846385
0.3686600000002279 0.12795755621535976 0.3806238250777083
0.44138000000030064 0.4146547171411648 1.0361934353219637
0.5151100000002905 0.11746200394580886 0.3541908902404467
0.5878299999999596 0.40011323338023574 0.9968440204408235
0.661559999999624 0.10749410334474498 0.3294475601481994
0.734279999999293 0.38695540661809147 0.961072891652881
0.8080099999989575 0.09805252071406756 0.3060499090358437
0.8807299999986266 0.3748739176205542 0.9282357628458193
0.954459999998291 0.0890977353749296 0.2838095086881154
1.0271799999982618 0.36367292329972056 0.8978407986919623
1.1009099999987448 0.080652119664547 0.2625970828265878
1.1736299999992212 0.35321979473587095 0.869528921220486
1.2463499999996976 0.07311686961004871 0.24335245071687162
1.3200800000001807 0.3434147246104371 0.843022007631733
1.392800000000657 0.06575639232015507 0.22406350388932683
1.46653000000114 0.33418348639705253 0.8181113494586167
1.5392500000016165 0.05886418917020386 0.20555628886647082
1.611970000002093 0.3258577203460291 0.7956430238532097
1.685700000002576 0.052395903523741016 0.1877654782771243
1.7584200000030523 0.31769023230938387 0.7736613429446315
1.8311400000035287 0.04666750016153243 0.17154922794887506
1.9048700000040117 0.30994322761125526 0.7528358158518933
1.9775900000044881 0.04118660168321786 0.1552897495378458
2.0503100000049646 0.30290067294231726 0.7338940558158424
2.1240400000054476 0.03620099723785064 0.1396134071525834
2.196760000005924 0.2959685461275917 0.7153029194678084
2.2694800000064004 0.03197541017024885 0.12531111989282362
2.3432100000068834 0.2893421517324767 0.6975555688535362
2.41593000000736 0.028122383285149266 0.11091576126671665
2.488650000007836 0.283319718398933 0.6814160574626471
2.5623800000083192 0.024788380726951553 0.0969716302057888
2.6351000000087956 0.27732409568695904 0.6653962170912298
2.707820000009272 0.022151225197652002 0.08433600992273638
2.781550000009755 0.271558311467327 0.6500112895827748
2.8542700000102315 0.019952046424701053 0.0714627465648765
2.926990000010708 0.26635964781284405 0.6361305888124447
2.9997100000111843 0.01847843953173356 0.05968355872590925
3.0734400000116673 0.2610968958133232 0.6221175075908136
3.1461600000121437 0.017581809668530957 0.04777345891578966
3.21888000001262 0.25631634570091666 0.6093808934732992
3.2916000000130965 0.0173710106427315 0.03680239185338552
3.3653300000135795 0.251491034631974 0.5965532826390896
3.438050000014056 0.01786977604597706 0.025773872019585475
3.5107700000145323 0.24708606993751603 0.5848373426788345
3.5845000000150153 0.019253324523201387 0.015030701127993762
3.6572200000154917 0.24265400025266567 0.5730718029554605
3.729940000015968 0.021533376741815546 0.0053342301852832286
3.8026600000164446 0.23859659093149144 0.5622945612328567
3.8763900000169276 0.025130746687998307 0.004642465314630417
3.949110000017404 0.23451485616424128 0.551470475787541
4.0218300000169105 0.02864381021092177 0.013670237207630276
4.0945500000141575 0.2307622553101738 0.5415124252366788
4.168280000011366 0.032248572836201306 0.022946074393104254
4.241000000008613 0.22698196691315634 0.5314962699083381
4.31372000000586 0.03551597053584754 0.03135128434628154
4.386440000003107 0.2235000326634471 0.5222643914447045
4.460170000000316 0.0388684524760764 0.03998270131517767
4.532889999997563 0.21999110140037756 0.5129737753507335
4.60560999999481 0.041908855389892974 0.04780712121255082
4.678329999992057 0.21675928572714875 0.504411420054296
4.752059999989266 0.04502955073584325 0.05584543050131119
4.824779999986513 0.21350136163470457 0.4957927527315831
4.89749999998376 0.04785775360159039 0.06313175212866451
4.970219999981007 0.21050508643589183 0.48786351308915954
5.043949999978215 0.05076445571377686 0.07062757780318396
5.116669999975462 0.20748261885006636 0.4798773391411437
5.189389999972709 0.053396290410627545 0.07741698536641861
5.262109999969956 0.2047071834539237 0.472542052904501
5.335839999967165 0.0561053653060829 0.08441264395055992
5.408559999964412 0.20190293152024416 0.4651418930936124
5.481279999961659 0.05855455908385043 0.09073963613196456
5.553999999958906 0.19933281495873953 0.45835816777245464
5.627729999956115 0.06108034881400992 0.09727071942784438
5.700449999953362 0.19673030214604337 0.45149871658533014
5.773169999950609 0.0633593167881562 0.1031652730695165
5.845889999947856 0.19434962150230073 0.4452221470654605
5.918609999945103 0.06558897114494977 0.10893596088581425
5.9923399999423115 0.19193236999429508 0.43885717550667946
6.0650599999395585 0.06783481685847181 0.11475149087591952
6.1377799999368055 0.18972618925946572 0.43304575927871625
6.210499999934052 0.06990939771119908 0.12012397296446986
6.284229999931261 0.1874795692356216 0.4271344794428811
6.356949999928508 0.07200497913292347 0.12555209052990124
6.429669999925755 0.1854343582805582 0.4217507389221331
6.502389999923002 0.0739346764303973 0.13055209181791483
6.576119999920211 0.1833450597328291 0.4162566048422578
6.648839999917458 0.07588940801757948 0.13561823336606382
6.721559999914705 0.1814485159191025 0.41126687379950955
6.794279999911952 0.0776837647523404 0.14027015730547765
6.868009999909161 0.17950468396815478 0.40615754779553814
6.940729999906408 0.07950721302291675 0.14499811835431142
7.013449999903655 0.1777458215033203 0.40153197471022306
7.086169999900902 0.08117542665033572 0.14932502732207809
7.158889999898149 0.1760292910870611 0.3970190198096857
7.232619999895357 0.08287644241977021 0.15373738644112178
7.305339999892604 0.1743060483227291 0.3924917641702885
7.378059999889851 0.08442710144662091 0.15776118003317796
7.450779999887098 0.1727143667495301 0.3883085686280374
7.524509999884307 0.08601390510235496 0.1618790776990453
7.597229999881554 0.17111065476321075 0.3840969046813747
7.669949999878801 0.0874550652458338 0.16562023694334238
7.742669999876048 0.16963488892432654 0.3802196590956819
7.816399999873257 0.0889353592540405 0.16946324860453998
7.889119999870504 0.1681421485310879 0.37630071004889354
7.961839999867751 0.09027456013595836 0.17294076456466634
8.034559999864998 0.16677368451103003 0.37270638337063566
8.107279999862245 0.09158327982807002 0.17633977504836196
8.181009999859453 0.16538380264380037 0.3690585387786216
8.2537299998567 0.092899779757182 0.17975893688393363
8.326449999853947 0.1641147256368325 0.36572616890859777
8.399169999851194 0.09411571516283324 0.18291784139329303
8.472899999848403 0.16282035783608817 0.36232998410047346
8.54561999984565 0.0953439920697855 0.18610890145830394
8.618339999842897 0.16164341484848677 0.35924040445799443
8.691059999840144 0.0964735953185829 0.1890443592829527
8.764789999837353 0.16043776251990516 0.35607788350133784
8.8375099998346 0.0976196186745707 0.19202265669880925
8.910229999831847 0.15934616112356592 0.353213078802439
8.982949999829094 0.09866892752923818 0.19475020020572886
9.05566999982634 0.15828079407861317 0.3504176532703629
9.12939999982355 0.0997382790767839 0.19753000053175374
9.202119999820797 0.15721029127717112 0.34761048235089076
9.274839999818044 0.10071294263830323 0.20006409856540008
9.34755999981529 0.15622191938633878 0.34501759770911855
9.4212899998125 0.10171084467020086 0.20265873301498205
9.494009999809746 0.15522410302178635 0.3424014908108508
9.566729999806993 0.10261615204700447 0.2050129372104914
9.63944999980424 0.1543070395442281 0.3399960316296524
9.713179999801449 0.10354748508791922 0.2074349015263155
9.785899999798696 0.15337688898318746 0.33755723998142306
9.858619999795943 0.10438836526015338 0.20962186949964323
9.93133999979319 0.1525260691337812 0.33532526052517664
10.004059999790437 0.10520984709110803 0.21175860932128865
10.077789999787646 0.15165869495324613 0.3330511375880141
10.150509999784893 0.10603894511395871 0.21391430159262148
10.22322999978214 0.15086907988015097 0.33097984910704925
10.295949999779387 0.10680228160824234 0.21589930740314456
10.369679999776595 0.1500600243030532 0.32885875443188217
10.442399999773842 0.10757638874875032 0.21791211532629085
10.51511999977109 0.14932709313466175 0.3269362127006237
10.587839999768336 0.10828552758285548 0.2197562089598204
10.660559999765583 0.148611497979802 0.3250592826037124
10.734289999762792 0.10900843656545822 0.22163594669284414
10.807009999760039 0.14789166878347937 0.32317210988167533
10.879729999757286 0.10966733540136597 0.22334938100345703
10.952449999754533 0.1472270913542859 0.32142899089879773
11.026179999751742 0.11034259702444249 0.22510523397054616
11.098899999748989 0.1465550380225833 0.31966707693094065
11.171619999746236 0.11095490920420413 0.22669747512552574
11.244339999743483 0.1459377137429293 0.31804785034317273
11.31705999974073 0.11155315851128511 0.22825319444611525
11.390789999737938 0.1453101225304776 0.31640247049952164
11.463509999735185 0.11215486201750534 0.22981762482796597
11.536229999732432 0.1447366113444628 0.3148980867715423
11.60894999972968 0.11271095460351466 0.23126363589888177
11.682679999726888 0.14415045029805773 0.3133612738345337
11.755399999724135 0.11327327452525195 0.2327256095292829
11.828119999721382 0.14361759920910577 0.3119634581135622
11.90083999971863 0.11379020560710817 0.23406970201111932
11.974569999715838 0.14307008386217002 0.3105279188023391
12.047289999713085 0.11431575208576805 0.23543601500125577
12.120009999710332 0.14257499523469808 0.30922909240963525
12.192729999707579 0.1147962859615983 0.23668540368848578
12.265449999704826 0.14209143494243837 0.30796056655600923
12.339179999702035 0.11528747519475725 0.23796236145066096
12.411899999699282 0.14160356097761162 0.3066813024255155
12.484619999696529 0.11573416849126182 0.23912371894789786
12.557339999693776 0.14115422634475272 0.3055025200351946
12.631069999690984 0.11619324297870914 0.24031717142802833
12.703789999688231 0.14069844885883565 0.30430741484851476
12.776509999685478 0.11660846461558616 0.2413966817215396
12.849229999682725 0.1402809368613973 0.303212094051053
12.921949999679972 0.11701417213553522 0.2424515132234628
12.995679999677181 0.13985516255332586 0.3020956781303985
13.068399999674428 0.1174234587564541 0.24351547734700052
13.141119999671675 0.13946724461705406 0.3010779943823372
13.213839999668922 0.11780059821651812 0.24449604165429628
13.28756999966613 0.13906952316289478 0.3000351705501614
13.360289999663378 0.11818313698804339 0.24549050921932603
13.433009999660625 0.1387091295520888 0.2990897121268099
13.505729999657872 0.11853369752392186 0.24640199530083784
13.578449999655119 0.1383571828646234 0.298166488049878
13.652179999652327 0.11889121179347349 0.24733145954667357
13.724899999649574 0.13800284725092404 0.2972374515000431
13.797619999646821 0.11921704323198457 0.24817868814596133
13.870339999644068 0.13767587331132036 0.29637977177757735
13.944069999641277 0.11955114392029687 0.24904734443119692
14.016789999638524 0.13734490630580443 0.29551206911976324
14.089509999635771 0.11985396758034939 0.2498347955276703
14.162229999633018 0.13704116009726397 0.2947153601814634
14.234949999630265 0.12014979562459614 0.2506041183311547
14.308679999627474 0.13673204821567708 0.293905020944385
14.38139999962472 0.1204475803817644 0.251378401537794
14.454119999621968 0.13644990400473767 0.2931650163580213
14.526839999619215 0.12072252180585041 0.25209345315619913
14.600569999616424 0.13616122869378788 0.29240831347200347
14.67328999961367 0.12100078580845754 0.25281704277912986
14.746009999610918 0.13589916931199908 0.29172102605703465
14.818729999608165 0.1212562961595688 0.25348159788557423
14.891449999605411 0.13564329523811858 0.2910500184464371
14.96517999960262 0.12151629708659817 0.2541577517974125
15.037899999599867 0.13538620680619617 0.2903761599685195
15.110619999597114 0.12175373287169633 0.25477533183729806
15.183339999594361 0.13514853666671656 0.2897529237221419
15.25706999959157 0.12199664943475719 0.25540710731655203
15.329789999588817 0.13490845297019693 0.28912368417542966
15.402509999586064 0.12221727383875047 0.2559809939639446
15.475229999583311 0.13468770548268894 0.28854485613718506
15.54895999958052 0.1224442092996081 0.25657125351804533
15.621679999577767 0.13446351871073192 0.2879573263477542
15.694399999575014 0.12264919717650136 0.2571044991162119
15.76711999957226 0.1342585030519975 0.2874197804874967
15.839839999569508 0.12284943098526434 0.25762541694427377
15.913569999566716 0.13404917749373613 0.28687124015941423
15.986289999563963 0.12305162858551255 0.2581513667066049
16.059009999561212 0.13385878603174328 0.2863720685358673
16.13172999955846 0.12323767322501478 0.25863540213170166
16.205459999555668 0.13366335189514644 0.2858599711640264
16.278179999552915 0.12342655337436448 0.25912675269755825
16.350899999550162 0.1334865535599491 0.285396467292498
16.42361999954741 0.12359940135684955 0.2595764850088056
16.496339999544656 0.13331393340277697 0.28494395726887944
16.570069999541865 0.12377582585275994 0.26003547357658086
16.64278999953911 0.13313993776763156 0.28448807354184424
16.71550999953636 0.12393640146481943 0.26045330495872987
16.788229999533606 0.13297963633637844 0.2840678843628819
16.861959999530814 0.12410117780325047 0.26088202803944416
16.93467999952806 0.13281719524524893 0.28364231104754944
17.00739999952531 0.12425034168031157 0.2612701953322527
17.080119999522555 0.1326683426734636 0.2832521596180304
17.152839999519802 0.12439602061420117 0.2616493240524709
17.22656999951701 0.13251669935755883 0.2828549096499766
17.299289999514258 0.12454277971447303 0.262031202016233
17.372009999511505 0.13237848636675753 0.2824926713525744
17.444729999508752 0.12467810869844931 0.26238342358042566
17.51845999950596 0.13223693234726752 0.28212188417270356
17.591179999503208 0.12481517003493381 0.26274010133082726
17.663899999500455 0.13210860574528593 0.28178558158199474
17.7366199994977 0.1249408760193068 0.2630673040171838
17.80933999949495 0.131983326043965 0.28145729300708133
17.883069999492157 0.1250688707949441 0.263400419577442
17.955789999489404 0.13185733674038425 0.2811273087497068
18.02850999948665 0.12518563060290655 0.26370436148960286
18.1012299994839 0.1317410121172461 0.2808225093490324
18.174959999481107 0.1253051500548794 0.26401544924985476
18.247679999478354 0.131623406688413 0.2805145113950802
18.3203999994756 0.12541359373974892 0.264297767030075
18.393119999472848 0.13151540221611158 0.2802315343960249
18.465839999470095 0.12551948780134892 0.2645734682488188
18.539569999467304 0.13140562844850168 0.27994407270721666
18.61228999946455 0.1256259055205039 0.2648504809593444
18.685009999461798 0.13130535355926787 0.27968136781780784
18.757729999459045 0.12572426140927895 0.2651065778688455
18.831459999456253 0.1312028948687476 0.2794130860012123
18.9041799994535 0.12582363003900165 0.26536526639903135
18.976899999450747 0.13110980034829556 0.27916921152004726
19.049619999447994 0.12591497941522334 0.2656031402208714
19.123349999445203 0.13101417358535827 0.27891884105585296
19.19606999944245 0.1260077602868377 0.2658447019784238
19.268789999439697 0.13092774875705127 0.2786924564867621
19.341509999436944 0.1260925978524048 0.2660656379716575
19.41422999943419 0.1308433736221558 0.27847145967225817
19.4879599994314 0.12617922274479665 0.26629119375125576
19.560679999428647 0.13075827222635994 0.27824867041598145
19.633399999425894 0.12625800874966853 0.26649638772332507
19.70611999942314 0.13067993620584772 0.278043507341974
19.77984999942035 0.12633888169950858 0.2667069864043081
19.852569999417597 0.13060050704144388 0.277835586112507
19.925289999414844 0.1264120442807095 0.26689755078844746
19.99800999941209 0.13052778043632463 0.2776451290139814
20.070729999409338 0.12648348534066378 0.26708364415684027
20.144459999406546 0.1304536481825016 0.2774510905794503
20.217179999403793 0.12655548066993583 0.2672711433160391
20.28989999940104 0.13038613158413015 0.27727429124373426
20.362619999398287 0.1266218264879032 0.26744397890563487
20.436349999395496 0.13031694543201433 0.2770932148047356
20.509069999392743 0.12668904185477514 0.26761904580245854
20.58178999938999 0.1302542676263494 0.2769290990640605
20.654509999387237 0.12675065313940992 0.2677795610376732
20.727229999384484 0.13019308008272668 0.27676889804610916
20.800959999381693 0.12681340291850474 0.2679430119924997
20.87367999937894 0.13013151573918902 0.276607786766081
20.946399999376187 0.12687061511184106 0.26809207869620266
21.019119999373434 0.13007470858585624 0.27645906576658774
21.092849999370642 0.12692919331459862 0.2682446772416802
21.16556999936789 0.13001724900413603 0.2763087092482075
21.238289999365136 0.12698231832788553 0.26838310614640815
21.311009999362383 0.12996451019099742 0.2761706495371663
21.38372999935963 0.1270341880873036 0.2685182726228863
21.45745999935684 0.12991088333229983 0.2760303339318537
21.530179999354086 0.12708632772394912 0.2686541113126939
21.602899999351333 0.12986192289270282 0.27590217477717616
21.67561999934858 0.12713449525812182 0.26877964024464296
21.74934999934579 0.12981187458027876 0.2757712331830864
21.822069999343036 0.12718316996625334 0.26890646282312636
21.894789999340283 0.129766423087452 0.27565226779436847
21.96750999933753 0.12722789782250343 0.26902303681141104
22.04123999933474 0.1297197158588519 0.275530077237518
22.113959999331986 0.12727333600096502 0.2691414366196243
22.186679999329233 0.12967752298528812 0.2754196489803129
22.25939999932648 0.12731486826285143 0.2692496903190622
22.332119999323726 0.1296363306758722 0.2753118470040117
22.405849999320935 0.12735728343795005 0.2693602221368052
22.478569999318182 0.12959476818808602 0.2752031264452115
22.55128999931543 0.12739584700637596 0.2694607455871578
22.624009999312676 0.12955652567689213 0.2751030511931818
22.697739999309885 0.12743543877557928 0.26956392807619967
22.770459999307132 0.12951773542501444 0.27500159006711433
22.84317999930438 0.12747124456669334 0.2696572698015043
22.915899999301626 0.129482232398604 0.2749086900133424
22.988619999298873 0.1275062051084006 0.2697484128355576
23.06234999929608 0.12944603044375014 0.2748140059387061
23.13506999929333 0.12754144354666164 0.2698402577098524
23.207789999290576 0.1294130715107068 0.2747277687409344
23.280509999287823 0.12757390643847089 0.26992489536022957
23.35423999928503 0.1293792860356029 0.274639411183919
23.42695999928228 0.12760680051664952 0.2700106364896149
23.499679999279525 0.12934868967487756 0.2745593609122743
23.572399999276772 0.12763694317315255 0.2700892302905822
23.64511999927402 0.1293188203467951 0.27448121767561506
23.718849999271228 0.12766764775813522 0.2701692702646308
23.791569999268475 0.1292887577770372 0.27440260367985747
23.864289999265722 0.12769563507853932 0.27024224924063756
23.93700999926297 0.12926102700214404 0.2743300598069709
24.010739999260178 0.1277242949052888 0.2703169643628267
24.083459999257425 0.12923296928043548 0.274256693479058
24.15617999925467 0.12775028014615675 0.27038472728887486
24.22889999925192 0.12920722458736378 0.27418934932266215
24.301619999249166 0.12777564998145663 0.2704508883080048
