0.001020000000000002 0.4775031289879535 1.1913996886686151
0.07980000000000176 0.2656836068158597 0.6921607868254465
0.15959000000001883 0.4516700633334778 1.14164071619004
0.2373600000000966 0.2566661371019362 0.6621937540208345
0.3171500000001764 0.4351285820944315 1.0971404196050916
0.3959300000002552 0.24568654988525596 0.6379665491004993
0.474710000000334 0.4206563039215174 1.0566428752092127
0.5534900000001158 0.23573171595044629 0.6149551617922078
0.6322699999997573 0.4071118107769297 1.020785014990755
0.7110499999993988 0.22627707470930436 0.5917610110007021
0.7898299999990402 0.3944961615096079 0.9878989138383698
0.8686099999986817 0.21713361119681265 0.5692329784526828
0.9473899999983232 0.38275900908494054 0.9572242061324898
1.0261699999982552 0.2082763344026122 0.5474469836434404
1.1049499999987713 0.3717880344317145 0.928554035295881
1.1837299999992874 0.19971134185820058 0.5263156487463116
1.2625099999998035 0.3614805445455378 0.9016828666792431
1.3412900000003196 0.19142972049400642 0.5058067353708506
1.4200700000008357 0.35175649764156314 0.8763897574564194
1.4988500000013518 0.18341728665797263 0.48590752780848234
1.577630000001868 0.3425490004349323 0.8524813892359706
1.656410000002384 0.17566138018650046 0.46660058685361605
1.7351900000029001 0.33379737909968277 0.8297909939493198
1.8139700000034162 0.16815046409650902 0.4478669117305101
1.8927500000039323 0.32545283230379707 0.8081852934542
1.9705200000044418 0.1612789160538215 0.4307177948333907
2.049300000004958 0.3179030746224777 0.7886350454807123
2.128080000005474 0.15426956901270605 0.41318417833974275
2.20686000000599 0.3102960647385875 0.768978422581823
2.2856400000065062 0.14747593696431704 0.3961722182135752
2.3644200000070223 0.30299135216619755 0.7501170049421746
2.4432000000075385 0.1408872607933026 0.37965823339705107
2.5219800000080546 0.29596525104807403 0.7319876999753894
2.6007600000085707 0.13449390132937278 0.3636194378415891
2.6795400000090868 0.2891975445008178 0.7145374684878414
2.758320000009603 0.12828715510726763 0.34803499891956635
2.837100000010119 0.28267061442982067 0.6977202533530735
2.9148700000106285 0.12261830134970642 0.3337968189314422
2.9936500000111446 0.276756277802109 0.6824820509347518
3.0724300000116607 0.11681840950645084 0.31921288381067114
3.1512100000121768 0.2707202728938096 0.6669490023351377
3.229990000012693 0.11118254839512576 0.30503130581081006
3.308770000013209 0.26488185040503975 0.6519319535271184
3.387550000013725 0.10570432681957576 0.29123717714565345
3.466330000014241 0.25922734860518126 0.637395670972396
3.5451100000147573 0.10037759938641365 0.27781661974252136
3.6228800000152668 0.2540604125347089 0.6241059863305254
3.701660000015783 0.09553829689197191 0.26563341551154585
3.780440000016299 0.2487975457797068 0.610584459965613
3.859220000016815 0.09055304144633902 0.25306519369855396
3.938000000017331 0.24368671681435394 0.5974579586289774
4.016780000017102 0.08570100034051864 0.24082792068861325
4.095560000014119 0.2387201582401801 0.5847051622576038
4.174340000011137 0.08097791765695361 0.22891228032531075
4.252110000008193 0.23416797213499396 0.5730021500773175
4.33089000000521 0.07667948438298788 0.2180811524501003
4.409670000002228 0.22952895190485514 0.5610932915085853
4.488449999999245 0.07225658910069765 0.20691895954212391
4.567229999996263 0.22501591425649914 0.5495099784334379
4.6460099999932805 0.06794892950163212 0.1960454224154029
4.724789999990298 0.22062499982696882 0.5382421310099694
4.803569999987316 0.06375303138038857 0.1854518558867424
4.881339999984371 0.21660544228672532 0.5279169269713946
4.960119999981389 0.0599411473896715 0.1758368121426157
5.0388999999784065 0.21250094202727476 0.5173896124274879
5.117679999975424 0.0560096174785677 0.16590556192505046
5.196459999972442 0.20850702091614448 0.5071483536508437
5.275239999969459 0.052178632041951944 0.15622517815597758
5.354019999966477 0.20462108689770434 0.49718620694638727
5.431789999963533 0.048658157045001094 0.1473346940175091
5.51056999996055 0.20107860699337698 0.4880991429579873
5.589349999957568 0.04506842811595335 0.13825765651077626
5.668129999954585 0.1974457504566245 0.47879294189348
5.746909999951603 0.041569120589998954 0.12940560336638374
5.8256899999486205 0.19390887299541948 0.46973579978202284
5.904469999945638 0.03815821401906305 0.12077416369347116
5.983249999942656 0.19046558612092568 0.4609208857446867
6.061019999939711 0.035040601293048756 0.11289017070325036
6.139799999936729 0.18734377212727005 0.4529241400380801
6.2185799999337465 0.03184366566325869 0.10479615789311669
6.297359999930764 0.18412183470196208 0.44467950283151314
6.376139999927782 0.028726682327146924 0.09690268957970316
6.454919999924799 0.18098270900739633 0.43664789775591517
6.533699999921817 0.025713930561902517 0.0892056697748167
6.611469999918873 0.17810823751356097 0.4292884049693857
6.69024999991589 0.023113835694348883 0.08222277774723175
6.769029999912908 0.17516683223124063 0.4217627466909013
6.847809999909925 0.020500407690392852 0.07500392504085074
6.926589999906943 0.1722986014215382 0.41442408030571976
7.0053699999039605 0.01804480053929658 0.0679630284722399
7.084149999900978 0.16950124845642445 0.4072662526631632
7.161919999898034 0.015920228223992083 0.06151588353985327
7.240699999895051 0.16695570340505406 0.400748342525703
7.319479999892069 0.013878516337545999 0.054910031033927886
7.398259999889087 0.16433011539278908 0.39402691269520007
7.477039999886104 0.012062625028919194 0.048463633483863955
7.555819999883122 0.16176823003452911 0.3874679241531065
7.634599999880139 0.010514544454984454 0.04217268774775462
7.712369999877195 0.15941625772721324 0.3814444188141142
7.791149999874213 0.009314169900529468 0.03645301088920361
7.86992999987123 0.15701042785895603 0.37528515628362236
7.948709999868248 0.008333168904840704 0.030543586660125577
8.027489999865265 0.1546623899871945 0.369274213349291
8.106269999862283 0.007673930423861996 0.024774543561956186
8.1850499998593 0.15237118349282863 0.3634093046781861
8.262819999856356 0.0073746108776936445 0.01948210389786098
8.341599999853374 0.15028400687994292 0.35806631868110506
8.420379999850391 0.007419127290458017 0.014060983895214374
8.499159999847409 0.14813253023062822 0.3525604680687855
8.577939999844427 0.007890050750444355 0.008767347080318455
8.656719999841444 0.14603304175779241 0.3471885413458775
8.735499999838462 0.008906141378901666 0.0035990044799816268
8.813269999835518 0.14410459392178598 0.34225431818040164
8.892049999832535 0.01048985511974243 0.0011058969265009821
8.970829999829553 0.14213346951575434 0.3372119632966908
9.04960999982657 0.012391988161386203 0.005963633760175391
9.128389999823588 0.1402103482512569 0.33229335279210126
9.207169999820605 0.014250887234531717 0.010706531990434254
9.285949999817623 0.13833456564079583 0.3274968787864929
9.363719999814679 0.015958013870615795 0.015060565803348691
9.442499999811696 0.1366265480628518 0.3231293104549615
9.521279999808714 0.01770383599336034 0.019515789813751017
9.600059999805731 0.13486727892097228 0.31863214131422346
9.678839999802749 0.019407230084704352 0.023863421388992112
9.757619999799767 0.13315171388010627 0.3142472106141714
9.836399999796784 0.021068727729524617 0.02810453375895472
9.91416999979384 0.13157813082227754 0.3102226809228892
9.992949999790858 0.022580428706654554 0.03196228482369445
10.071729999787875 0.1299705991481407 0.30611208426678527
10.150509999784893 0.024138599231380065 0.035939976805887675
10.22928999978191 0.12840313869813302 0.3021041511034883
10.308069999778928 0.02565803484433393 0.03981900821585782
10.386849999775945 0.12687506174833207 0.2981970766281039
10.464619999773001 0.0270519369402471 0.043374113296346106
10.543399999770019 0.12548552879068842 0.2946420729971977
10.622179999767036 0.02847753182049917 0.04700934561704395
10.700959999764054 0.12405356963514713 0.29098065936038475
10.779739999761071 0.029867491848637906 0.05055383824111859
10.858519999758089 0.12265766130243172 0.2874114655836757
10.937299999755107 0.031222470758712432 0.054009214570305275
11.015069999752162 0.12137892266113483 0.28413954133409414
11.09384999974918 0.03245333678908846 0.057146840051502945
11.172629999746198 0.12007125198222879 0.2807958688997636
11.251409999743215 0.03372289833611253 0.060384366850074755
11.330189999740233 0.11879647609309518 0.2775363856995505
11.40896999973725 0.03496078244542522 0.06354123593018679
11.487749999734268 0.11755390242664887 0.27435935296898917
11.565519999731324 0.03609400053178902 0.06643016705769611
11.644299999728341 0.11642596661557603 0.27147344638622783
11.723079999725359 0.037254322124326666 0.06938945139822739
11.801859999722376 0.11526163112156573 0.26849673558985154
11.880639999719394 0.03838608278951461 0.07227610531866935
11.959419999716411 0.11412643169638859 0.2655947248515922
12.038199999713429 0.03948990437893851 0.07509170184715197
12.115969999710485 0.11308827036725178 0.2629392558559762
12.194749999707502 0.04049124659478709 0.07764497765797573
12.27352999970452 0.11202422947321755 0.26021953303980716
12.352309999701538 0.041526720317999866 0.0802865304523559
12.431089999698555 0.11098645583103349 0.2575671555270276
12.509869999695573 0.042537919551164816 0.08286405750195236
12.587639999692628 0.11003029110773477 0.25512220772443417
12.666419999689646 0.04346234690335926 0.0852194002641693
12.745199999686664 0.10905719895968058 0.2526355111372003
12.823979999683681 0.044411414535985516 0.08763852952677897
12.902759999680699 0.10810787602508722 0.2502097407957482
12.981539999677716 0.04533761623636745 0.08999954105375352
13.060319999674734 0.10718184400749188 0.24784365370926764
13.13808999967179 0.04619047767503548 0.09217307929633156
13.216869999668807 0.10633648870663925 0.2456828192237137
13.295649999665825 0.047059744419234883 0.09438919599403794
13.374429999662842 0.10546776945546144 0.2434634433182481
13.45320999965986 0.0479081784303389 0.09655233230556615
13.531989999656878 0.10462022824520546 0.24129830232094696
13.610769999653895 0.04873615480842941 0.09866342283687546
13.688539999650951 0.10384109420119736 0.23930671335976594
13.767319999647968 0.04949137913565549 0.10058850869730795
13.846099999644986 0.1030464033817754 0.2372755455841702
13.924879999642004 0.05026863075277099 0.10257036460187274
14.003659999639021 0.10227096023285187 0.23529362792898967
14.082439999636039 0.051027188348610746 0.10450459667191714
14.161219999633056 0.10151440961001046 0.23336003461845722
14.238989999630112 0.051724101462678695 0.10628117258104641
14.31776999962713 0.10082524548723504 0.23159798055694125
14.396549999624147 0.052436083170823156 0.10809665636886123
14.475329999621165 0.10011528312289353 0.22978347916440267
14.554109999618182 0.05313095761630837 0.10986853732057877
14.6328899996152 0.09942257927236008 0.2280131068286506
14.711669999612218 0.0538090171420349 0.11159755862393261
14.789439999609273 0.09878703284687274 0.22638823976175448
14.868219999606291 0.054426061904290786 0.1131705714240705
14.946999999603308 0.09813706637159215 0.22472710806161755
15.025779999600326 0.05506251436105569 0.11479350199564697
15.104559999597344 0.09750287672009417 0.22310631763918787
15.183339999594361 0.05568358075191204 0.11637721819720559
15.262119999591379 0.09688418559428813 0.22152515762946523
15.339889999588435 0.05625286101736849 0.11782853671331583
15.418669999585452 0.096321865841975 0.2200875813250902
15.49744999958247 0.05683573061214575 0.11931486948539849
15.576229999579487 0.09574131094010807 0.21860391370210897
15.655009999576505 0.05740452732280332 0.12076534393336003
15.733789999573522 0.09517492358133728 0.2171564808355675
15.81256999957054 0.057959496098977104 0.12218058523695285
15.890339999567596 0.09465641166148908 0.215831006493028
15.969119999564613 0.05846341454740244 0.12346533561654605
16.047899999561633 0.09412500223078435 0.2144729937097689
16.12667999955865 0.0589842870727223 0.12479365193389658
16.205459999555668 0.09360652998904617 0.21314806222099136
16.284239999552685 0.05949262371044939 0.12608974515974092
16.36200999954974 0.09312843440975782 0.21192597455341744
16.44078999954676 0.05995788778220056 0.1272749821037089
16.519569999543776 0.09264202448605807 0.2106829887725148
16.598349999540794 0.06043524849742854 0.12849131576574413
16.67712999953781 0.09216743311825448 0.20947022333214216
16.75590999953483 0.0609010397676788 0.12967819367716293
16.834689999531847 0.09170445268364902 0.20828714920168023
16.912459999528902 0.061330192864009314 0.13077152709917161
16.99123999952592 0.09128145822894096 0.2072059507970625
17.070019999522938 0.06176724035396963 0.13188519908114982
17.148799999519955 0.09084709554076076 0.20609603076523486
17.227579999516973 0.06219369572557621 0.13297190978157625
17.30635999951399 0.09042336222469927 0.2050132986940234
17.385139999511008 0.06260973772691591 0.134032115439775
17.462909999508064 0.0900334222767103 0.2040166636022911
17.54168999950508 0.0629894942722824 0.13499971699106883
17.6204699995021 0.08963597571829984 0.20300114018639848
17.699249999499116 0.06337983809468972 0.13599448511876222
17.778029999496134 0.08924825828190075 0.2020105109816095
17.85680999949315 0.06376064682061966 0.13696498896690334
17.93558999949017 0.0888701022172611 0.20104435027280543
18.013359999487225 0.0641107732568581 0.13785721392597372
18.092139999484242 0.08852531806326125 0.20016323170622963
18.17091999948126 0.0644679784120975 0.13876762456025427
18.249699999478278 0.08817064860184753 0.19925714321447074
18.328479999475295 0.06481645752203902 0.13965583602602027
18.407259999472313 0.08782472588218881 0.198373442281774
18.48603999946933 0.0651563631967762 0.14052223607690095
18.563809999466386 0.08750704381997154 0.19756169785486444
18.642589999463404 0.06546598989076502 0.14131139738232656
18.72136999946042 0.08718267329274476 0.19673311968960716
18.80014999945744 0.06578481803897851 0.14212413531973223
18.878929999454456 0.08686629646581234 0.19592499839226063
18.957709999451474 0.06609580625377476 0.14291692577610426
19.03648999944849 0.08655776851204466 0.19513696091745247
19.114259999445547 0.06638115575582015 0.1436443195390713
19.193039999442565 0.08627703733235215 0.19441975104077525
19.271819999439582 0.0666728038700195 0.14438786382561242
19.3505999994366 0.08598772702821611 0.1936808556077585
19.429379999433618 0.06695728727854866 0.14511317541487934
19.508159999430635 0.08570558422474128 0.19296029647292157
19.586939999427653 0.06723473537648716 0.14582058133939535
19.66470999942471 0.08544699548221457 0.19229975088458362
19.743489999421726 0.06748695685188633 0.14646363256378692
19.822269999418744 0.08518246608058822 0.19162422523427702
19.90104999941576 0.06774716013207704 0.14712711349896823
19.97982999941278 0.08492447611747034 0.19096542541910955
20.058609999409796 0.06800094018557179 0.14777423894247743
20.137389999406814 0.08467290254030502 0.19032303427326536
20.21515999940387 0.0682333288928173 0.14836679054837099
20.293939999400887 0.08444444954226993 0.1897395627389442
20.372719999397905 0.0684713056518168 0.14897364847081818
20.451499999394922 0.08420855257116644 0.18913723933001725
20.53027999939194 0.06870342067363888 0.149565575623134
20.609059999388958 0.08397850692433217 0.1885498742956515
20.686829999386013 0.06891751365179688 0.15011152460983057
20.76560999938303 0.08376808235657507 0.18801250787943147
20.84438999938005 0.06913514760216177 0.15066654574207305
20.923169999377066 0.0835523946649479 0.18746183091595814
21.001949999374084 0.06934743232725182 0.15120793869310978
21.0807299993711 0.08334204391252553 0.186924794091603
21.15950999936812 0.06955446591497305 0.15173595235791204
21.237279999365175 0.0831482402830287 0.18642992049416884
21.316059999362192 0.06974366557281697 0.15221846420461205
21.39483999935921 0.08295104017476418 0.1859264809596306
21.473619999356227 0.0699378007343211 0.1527135997035134
21.552399999353245 0.08275870771817051 0.18543548005010013
21.631179999350262 0.07012714401616693 0.15319652467311595
21.70995999934728 0.0825711523716589 0.1849566856478857
21.787729999344336 0.07030143301321634 0.15364104136140755
21.866509999341353 0.08239993796606249 0.18451953573036528
21.94528999933837 0.07047895862313491 0.15409384057272213
22.02406999933539 0.08222408909122458 0.18407064413302754
22.102849999332406 0.07065211198179433 0.1545354975043267
22.181629999329424 0.08205259739046666 0.18363288473467465
22.26040999932644 0.07082097370682161 0.1549662170652777
22.338179999323497 0.08189491195437215 0.18323030830821319
22.416959999320515 0.07097497764018856 0.15535902767540577
22.495739999317532 0.08173414169868887 0.18281993278603803
22.57451999931455 0.07113331574739312 0.15576291747930737
22.653299999311567 0.08157734526226257 0.1824197089965729
22.732079999308585 0.07128773820894818 0.156156827279752
22.810859999305602 0.0814244485002128 0.18202944708125557
22.88862999930266 0.07142959700867368 0.15651868271817637
22.967409999299676 0.08128515231517108 0.18167384780289897
23.046189999296693 0.07157437906976627 0.1568880128574368
23.12496999929371 0.08114179843511826 0.18130795672804956
23.20374999929073 0.07171558890171004 0.15724823755747241
23.282529999287746 0.08100200119287904 0.180951150359987
23.361309999284764 0.07185329268093599 0.15759952511339437
23.43907999928182 0.08087371387543407 0.18062367622586617
23.517859999278837 0.07197862879412831 0.15791925761188264
23.596639999275855 0.08074265598032004 0.1802891867455636
23.675419999272872 0.07210774924597063 0.15824865891259643
23.75419999926989 0.08061484171702238 0.17996298158301505
23.832979999266907 0.07223367106767287 0.1585699060933976
23.911759999263925 0.08049021048195604 0.1796449054873861
23.98952999926098 0.07234911806295541 0.1588644294266972
24.068309999258 0.08037689036333273 0.1793556575544586
24.147089999255016 0.07246717728954821 0.15916562659311628
24.225869999252033 0.08026003757120925 0.17905744207710184
24.30464999924905 0.07258231847628216 0.15945938417089023
24.38342999924607 0.08014608782151422 0.17876663986015062
24.462209999243086 0.0726945958704538 0.1597458401283003
24.539979999240142 0.08004172514456154 0.17850027005411606
24.61875999923716 0.07279658705234171 0.16000605284945957
24.697539999234177 0.07993494234630227 0.17822765429770238
24.776319999231195 0.07290186456123993 0.16027465674356423
24.855099999228212 0.07983083843248895 0.17796179843412308
24.93387999922523 0.07300452960486448 0.16053659918963126
25.011649999222286 0.07973480077113537 0.1777165125391833
25.090429999219303 0.0730984697826198 0.1607762832308901
25.16920999921632 0.07963721523454848 0.17746730923892118
25.24798999921334 0.0731947233563045 0.16102187302041715
25.326769999210356 0.0795420420879911 0.17722426956323645
25.405549999207373 0.0732885939913781 0.16126138611053387
25.48432999920439 0.0794492362867889 0.17698727820714133
25.562099999201447 0.07337511205056857 0.16148214305927722
25.640879999198464 0.07936440314552184 0.1767706201276309
25.719659999195482 0.07346311058906319 0.1617066781399945
25.7984399991925 0.07927739834574765 0.1765484472943224
25.877219999189517 0.07354893576980215 0.16192567054106322
25.955999999186535 0.07919255229316036 0.17633178940803518
26.034779999183552 0.07363262801523618 0.16213922316803409
26.112549999180608 0.07911443057317191 0.17613227969159873
26.191329999177626 0.07370905965750196 0.16233425357393694
26.270109999174643 0.07903489637968997 0.17592918998023954
26.34888999917166 0.07378752507217379 0.16253447296634693
26.42766999916868 0.0789573305651492 0.17573112853110917
26.506449999165696 0.07386404515624323 0.1627297307094988
26.585229999162713 0.07888169626349673 0.17553800102422246
26.66299999915977 0.07393443637838248 0.16290935449632116
26.741779999156787 0.07881269177193406 0.17536178220386445
26.820559999153804 0.07400616971952156 0.1630924009448087
26.899339999150822 0.07874178436098989 0.17518072779353355
26.97811999914784 0.0740761289895715 0.16327092226758877
27.056899999144857 0.07867263817858894 0.17500417206767205
27.135679999141875 0.07414434731246866 0.16344500283238528
27.21344999913893 0.07860909288573148 0.1748418997341794
27.292229999135948 0.07420652840323116 0.16360368252394952
27.371009999132966 0.0785442748659223 0.1746763981500421
27.449789999129983 0.07427048645879908 0.16376689413581946
27.528569999127 0.07848106269320498 0.174514998127695
27.60734999912402 0.07433285682038948 0.16392605567988605
27.686129999121036 0.07841942621027154 0.17435762254885967
27.76389999911809 0.07439012283557056 0.1640721970578074
27.84267999911511 0.07836329905342487 0.17421429810567934
27.921459999112127 0.0744485918617348 0.16422140491164638
28.000239999109144 0.07830551385864026 0.17406675815070383
28.079019999106162 0.07450561307116288 0.1643669193276187
28.15779999910318 0.07824916538881421 0.17392288752696716
28.236579999100197 0.07456121358821977 0.1645088094192615
28.314349999097253 0.07819747851578385 0.17379090505632577
28.39312999909427 0.07461179767802373 0.16463790300706993
28.471909999091288 0.07814465637642931 0.17365603979863087
28.550689999088306 0.07466392626154705 0.16477093447713198
28.629469999085323 0.07809314416905766 0.17352451989627315
28.70824999908234 0.07471475929215998 0.16490066072035736
28.78702999907936 0.07804291723376677 0.1733962823113
28.864799999076414 0.07476134453218053 0.16501955195221685
28.94357999907343 0.07799726567015763 0.1732797139879061
29.02235999907045 0.07480899828646159 0.16514116598425055
29.101139999067467 0.07795017638287227 0.17315948879078613
29.179919999064484 0.07485547069022791 0.16525976602035364
29.258699999061502 0.07790425898560804 0.17304225623518965
29.33747999905852 0.07490078394339816 0.165375408645696
29.415249999055575 0.0778622187636262 0.17293491149296125
29.494029999052593 0.07494193161291729 0.1654804254062392
29.57280999904961 0.077819174215782 0.1728250148878896
29.651589999046628 0.07498441572576264 0.1655888488992896
29.730369999043646 0.07777719811338213 0.17271784665926493
29.809149999040663 0.07502584283870972 0.16569457550902333
29.88691999903772 0.07773848589764987 0.17261900147417242
29.965699999034737 0.07506373743555061 0.1657912917472637
30.044479999031754 0.0776991400991569 0.17251854964479563
30.12325999902877 0.07510257397406528 0.16589040777347241
30.20203999902579 0.0776607683735443 0.17242058511632852
30.280819999022807 0.07514044672791376 0.16598706466958157
