0.001020000000000002 0.4775027253330252 1.191399687758543
0.07778000000000254 0.20389750577988774 0.5752016335806576
0.15454000000001378 0.4495111318024715 1.1288085667758185
0.23130000000009054 0.19282595595063656 0.5405803985982227
0.3080600000001673 0.4295927358700824 1.0779278664032388
0.38381000000024307 0.18196818606520526 0.5134092225551168
0.46057000000031983 0.41352020452610816 1.0340306763538032
0.5373300000001894 0.1711107102921844 0.4870668950024304
0.61408999999984 0.39860854605557017 0.9932554363684898
0.6898399999994953 0.16121797727911302 0.4630237300063622
0.766599999999146 0.38546697914214123 0.9574794641961648
0.8433599999987966 0.15135742006315223 0.4388322711122772
0.9191099999984519 0.37322004194975933 0.9243026534041299
0.9958699999981026 0.14243670095987437 0.4168029917816507
1.0726299999985596 0.36136661931811975 0.8922902764219365
1.1483799999990558 0.13386710214939623 0.3955669191499145
1.2251399999995587 0.3507059214733723 0.8635279065861035
1.300890000000055 0.12563655223466041 0.37512735995743896
1.3776500000005578 0.3406485603745415 0.8364234079821564
1.4544100000010607 0.11737052970207218 0.3545573343041841
1.530160000001557 0.3311426561205334 0.8108299141948327
1.6069200000020598 0.1098501549647406 0.33582138275440876
1.682670000002556 0.3221405064086671 0.786613650938317
1.759430000003059 0.1026189310356499 0.317778045510253
1.8351800000035552 0.3136006385507377 0.76366149753746
1.911940000004058 0.09566660056116971 0.3004044271159412
1.9876900000045543 0.3054844061701949 0.741869401668549
2.064450000005057 0.08898155883101899 0.2836723863548607
2.14121000000556 0.2974251841991473 0.7202920540300028
2.2169600000060563 0.08255558093570647 0.2675535967823328
2.293720000006559 0.290075689270915 0.7005965126929525
2.3694700000070554 0.07647689672567004 0.25202276466884665
2.4462300000075583 0.2830529997481891 0.6817938498940856
2.5219800000080546 0.07074830304540913 0.23705512139463591
2.5987400000085574 0.2763372628667241 0.6638286094040935
2.6744900000090537 0.0653337335624008 0.22262930992872354
2.7512500000095566 0.2699125912301996 0.6466566927459394
2.827000000010053 0.06019336268946251 0.20872516812110442
2.9037600000105557 0.26376362845961665 0.6302356212221416
2.979510000011052 0.05531940284532988 0.19532134323855255
3.055260000011548 0.2581572457139567 0.6152510847120429
3.132020000012051 0.05070946984738289 0.1823954618293544
3.2077700000125473 0.2525218950861883 0.6002283779479978
3.28453000001305 0.046365881963712385 0.16992457761558777
3.3602800000135464 0.24711984253720198 0.5858394101863729
3.4370400000140493 0.0422997886797577 0.15788726629738514
3.5127900000145456 0.2419371381712705 0.5720458924117766
3.5895500000150484 0.03851706428514612 0.14626374338417847
3.6653000000155447 0.23696004868057585 0.5588101529039102
3.7420600000160475 0.035004320818392665 0.13503398124964372
3.817810000016544 0.23217591420541506 0.5460957789064413
3.89356000001704 0.0319551082949866 0.12475720045722616
3.970320000017543 0.2275731116189198 0.5338714351538432
4.046070000015993 0.02905215847321585 0.11430350052926697
4.122830000013087 0.22314148969154649 0.5221093158714551
4.198580000010219 0.026467919324441924 0.10419377229688997
4.275340000007313 0.21887204664777846 0.5107845261477229
4.3510900000044455 0.024189345032942677 0.0944146400265633
4.4278500000015395 0.21475679410303028 0.49987512751463736
4.503599999998672 0.02221170145268636 0.08495390247488244
4.579349999995804 0.21098785542850376 0.48987146301172624
4.656109999992898 0.02054747775008936 0.0758003938171159
4.73185999999003 0.20717729191595735 0.4797791427704645
4.808619999987124 0.019218661243391555 0.06694363342973908
4.884369999984257 0.2034990805411896 0.47004176639218187
4.961129999981351 0.018230885331575464 0.05837340382613965
5.036879999978483 0.19994673834769217 0.4606416252052159
5.112629999975615 0.017612409544765062 0.05053583212221158
5.189389999972709 0.196514008226922 0.45156163552418915
5.265139999969842 0.01727701619268529 0.042553620853025276
5.341899999966936 0.19319560250285117 0.44278714242634853
5.417649999964068 0.017273906687192864 0.03482313197490372
5.494409999961162 0.18998810820296785 0.4343093159909883
5.570159999958294 0.017625546262298397 0.027334756405428262
5.6459099999554265 0.18704983647905515 0.4265332203557959
5.722669999952521 0.018355926719912374 0.02007983119265422
5.798419999949653 0.18407380354793512 0.41867556739509926
5.875179999946747 0.01951649298157576 0.013050345097154192
5.950929999943879 0.1811975963772423 0.41108573613700683
6.027689999940973 0.021157787529537342 0.006238677217751398
6.1034399999381055 0.1784170133688282 0.4037520202104905
6.179189999935238 0.02321062937753071 3.0897734792922904e-05
6.255949999932332 0.17572794033442496 0.396662993127328
6.331699999929464 0.025686352403667453 0.00632508644676788
6.408459999926558 0.1731263031412119 0.38980738622764743
6.48420999992369 0.028086710504895973 0.012488121267795194
6.559959999920823 0.17073767017680597 0.38350578543970837
6.636719999917917 0.030414972154082735 0.018464798921491443
6.712469999915049 0.16831569100668853 0.3771269077922468
6.789229999912143 0.032672310994876885 0.024261240916778615
6.864979999909275 0.16596979653031374 0.37094922596152546
6.941739999906369 0.034861096825208326 0.02988319197545497
7.017489999903502 0.16369692121726376 0.3649653050203594
7.093239999900634 0.03685859127176516 0.035009329122359656
7.169999999897728 0.16149461565396184 0.3591685377093423
7.24574999989486 0.038902591912163276 0.040261694431553696
7.322509999891954 0.15936061955773229 0.3535529118867009
7.398259999889087 0.04088525740462723 0.045357772831278176
7.474009999886219 0.157402196506788 0.34839368445488406
7.550769999883313 0.0428083685773053 0.050302221360098986
7.626519999880445 0.15541222993810322 0.34315983090850155
7.703279999877539 0.04467359045412145 0.05509941873449442
7.7790299998746715 0.1534841419789097 0.33809043364921854
7.854779999871804 0.04638836153129933 0.059508637512739604
7.931539999868898 0.15161641406545467 0.33318154998919214
8.00728999986603 0.048129947974081544 0.06399107527229608
8.084049999863124 0.14980748943257916 0.3284290762114672
8.159799999860256 0.04981910240741971 0.0683403666100646
8.23655999985735 0.1480556560958779 0.32382836909431445
8.312309999854483 0.05145721623669919 0.07255996820996202
8.388059999851615 0.14645261759768602 0.3196157638669539
8.464819999848709 0.05304565894488245 0.07665325816240687
8.540569999845841 0.14482078130993437 0.3153332547554344
8.617329999842935 0.05458633396597068 0.0806235379258502
8.693079999840068 0.14324043298263534 0.31118736977434613
8.7688299998372 0.0559992517216894 0.08426422312409754
8.845589999834294 0.14171013463727167 0.3071742055130722
8.921339999831426 0.05743736535152788 0.08797214503928341
8.99809999982852 0.140228464096128 0.30328988964321013
9.073849999825653 0.05883171282631183 0.09156847975612115
9.149599999822785 0.13886417171212406 0.2997118439496793
9.226359999819879 0.06018346015911069 0.09505605301597386
9.302109999817011 0.13748470933945312 0.29609752134288625
9.378869999814105 0.061493751634903226 0.0984376188323921
9.454619999811237 0.13614887231779782 0.29259836379823545
9.531379999808332 0.06276370341479975 0.10171588237257723
9.607129999805464 0.13485537594921138 0.28921084836478483
9.682879999802596 0.06392567788364323 0.10471551258993683
9.75963999979969 0.1336029916753444 0.28593163345781436
9.835389999796822 0.06511033470168004 0.10777468073261964
9.912149999793916 0.13239054158665065 0.2827575405256799
9.987899999791049 0.06625845107022044 0.11074002767293978
10.063649999788181 0.13127616418047483 0.2798388054713108
10.140409999785275 0.06737099407861813 0.11361397811343599
10.216159999782407 0.13014743192224176 0.27688470994441383
10.292919999779501 0.06844891232243011 0.11639892168910926
10.368669999776634 0.12905469367978184 0.2740252426453371
10.445429999773728 0.06949313521868683 0.11909720343671326
10.52117999977086 0.12799691014315662 0.2712576388152921
10.596929999767992 0.07044740252858506 0.12156298551874167
10.673689999765086 0.12697307045788253 0.2685792172586243
10.749439999762219 0.07142085073127424 0.12407895181318906
10.826199999759313 0.12598219743646333 0.26598738569971747
10.901949999756445 0.07236380981711998 0.12651646429888697
10.977699999753577 0.1250723596500778 0.26360626433594714
11.054459999750671 0.07327709623688772 0.12887760682289695
11.130209999747803 0.12415026395860962 0.2611948228387173
11.206969999744897 0.07416150298161062 0.13116438789243512
11.28271999974203 0.12325788848364073 0.2588613555711716
11.359479999739124 0.0750178015743792 0.13337876150529837
11.435229999736256 0.12239438843882977 0.25660361654914476
11.510979999733388 0.07580017770636971 0.13540199753063753
11.587739999730482 0.12155894135927159 0.2544194252783294
11.663489999727615 0.07659773230399503 0.13746483721875924
11.740249999724709 0.12075074595820634 0.25230666306452765
11.815999999721841 0.07736981685342148 0.13946200629331162
11.891749999718973 0.1200088469873064 0.25036552306950677
11.968509999716067 0.07811712871246868 0.1413952898621451
12.0442599997132 0.11925750816818648 0.248401060219261
12.121019999710294 0.07884035108143939 0.14326644382511855
12.196769999707426 0.11853075558164561 0.2465010570538828
12.27352999970452 0.07954014502123363 0.14507717636899065
12.349279999701652 0.11782789531917426 0.2446636919439582
12.425029999698785 0.08017997623910067 0.14673303048480246
12.501789999695879 0.11714824852308303 0.24288717685901906
12.57753999969301 0.08083106573601628 0.14841807713371624
12.654299999690105 0.11649115144142942 0.24116975834816978
12.730049999687237 0.08146093748592731 0.1500483904082639
12.80579999968437 0.115887284785544 0.23959051441646562
12.882559999681463 0.08207017166838759 0.15162545175592124
12.958309999678596 0.11527685502049943 0.23799528756615063
13.03506999967569 0.08265933697239725 0.153150712554051
13.110819999672822 0.1146867700229439 0.23645333817606806
13.187579999669916 0.08322899123243077 0.15462559663269593
13.263329999667048 0.11411644053522839 0.2349631069050062
13.33907999966418 0.08375053010204059 0.15597636187564268
13.415839999661275 0.1135652896267708 0.23352306810759949
13.491589999658407 0.08427994314866549 0.15734689111638334
13.568349999655501 0.11303275228525977 0.23213172859618547
13.644099999652633 0.08479179412428772 0.15867183480559044
13.719849999649766 0.11254261698737944 0.23085034546374006
13.79660999964686 0.08528650194556575 0.1599524789145823
13.872359999643992 0.11204845456888946 0.22955934933208688
13.949119999641086 0.08576456290812129 0.16119008758447295
14.024869999638218 0.11157104265924467 0.22831213866471023
14.101629999635312 0.08622646278170243 0.1623859011201989
14.177379999632445 0.11110987613355795 0.22710737661484348
14.253129999629577 0.0866501183657804 0.16348320061940758
14.32988999962667 0.11066446066498446 0.22594375715476733
14.405639999623803 0.08707870684467334 0.1645927728936014
14.482399999620897 0.11023431178226384 0.22482000197965313
14.55814999961803 0.08749273979533367 0.1656646564003439
14.634909999615124 0.10981895278377818 0.22373485468022425
14.710659999612256 0.08789265469589891 0.16669996984591817
14.786409999609388 0.10943885580874513 0.22274105417875445
14.863169999606482 0.08827888120767924 0.16769981862360117
14.938919999603614 0.10905376281265822 0.2217348800544916
15.015679999600708 0.08865184064699505 0.16866529029267996
15.09142999959784 0.1086819178224796 0.22076327402191787
15.167179999594973 0.08899465749713209 0.16955307574196832
15.243939999592067 0.10832289977601883 0.21982513720745223
15.3196899995892 0.08934035522554618 0.17044785566219245
15.396449999586293 0.10797629751948645 0.21891939933686988
15.472199999583426 0.08967416417749619 0.17131183180830734
15.54895999958052 0.10764170914693603 0.21804501648878816
15.624709999577652 0.08999646706368436 0.17214599858110802
15.700459999574784 0.10733481726202343 0.21724234635905892
15.777219999571878 0.09030764592304619 0.17295134729551354
15.85296999956901 0.10702477841200185 0.21643204973952335
15.929729999566105 0.0906080762406446 0.17372885160040763
16.00547999956324 0.10672545239964293 0.21564972382630554
16.082239999560333 0.09089811794861646 0.17447944685190508
16.157989999557465 0.10643648096184456 0.21489443613371684
16.233739999554597 0.09116331792671395 0.17516597908229237
16.31049999955169 0.10615751793898753 0.21416528526382317
16.386249999548824 0.09143213994433219 0.17586158620945813
16.463009999545918 0.10588822900266426 0.213461399807513
16.53875999954305 0.0916917016193205 0.17653321577036918
16.614509999540182 0.10564059429081762 0.2128135851395485
16.691269999537276 0.09194230730889219 0.17718165641977812
16.76701999953441 0.10539108231425898 0.21216134907670048
16.843779999531503 0.09218425061585334 0.17780766799863068
16.919529999528635 0.10515019392423287 0.21153163598691682
16.99628999952573 0.09241781588749187 0.17841198651978862
17.07203999952286 0.10491764357975053 0.21092370011921435
17.147789999519993 0.09263192883895699 0.1789661585963387
17.224549999517087 0.10469315468107199 0.21033681908967372
17.30029999951422 0.09284835551368986 0.17952607330095072
17.377059999511314 0.1044764593267148 0.20977029326882946
17.452809999508446 0.09305730641899901 0.1800666326763234
17.52956999950554 0.1042672981637346 0.20922344576728147
17.605319999502672 0.09325902657806828 0.18058847148066937
17.681069999499805 0.10407593452422025 0.20872269309599734
17.7578299994969 0.09345375368169773 0.18109220542348314
17.83357999949403 0.10388213421312265 0.2082159659905325
17.910339999491125 0.09364171823578027 0.18157843150294894
17.986089999488257 0.10369504972350994 0.20772678175543513
18.06183999948539 0.09381446656674464 0.18202544489386296
18.138599999482484 0.10351445764797473 0.20725455711466667
18.214349999479616 0.09398858845037827 0.18247581126279444
18.29110999947671 0.10334014153359683 0.20679872690883006
18.366859999473842 0.09415667955893192 0.18291056605442835
18.443619999470936 0.10317189169599629 0.20635874361247808
18.51936999946807 0.09431893885551246 0.18333022438441482
18.5951199994652 0.10301756108642367 0.20595480726594007
18.671879999462295 0.09447555920368478 0.18373528554647134
18.747629999459427 0.10286168978596588 0.20554715926288658
18.82438999945652 0.09462672753174206 0.1841262334393412
18.900139999453653 0.10271122311522796 0.20515363078137394
18.976899999450747 0.0947726249873454 0.18450353696131128
19.05264999944788 0.10256598059858113 0.20477375038056023
19.128399999445012 0.0949060112380703 0.18484858362824985
19.205159999442106 0.1024257874357496 0.2044070613982263
19.28090999943924 0.09504115218106335 0.18519802509811
19.357669999436332 0.10229047433794625 0.20405312151962063
19.433419999433465 0.09517159496478922 0.18553530554649145
19.509169999430597 0.10216603425745084 0.2037273377766602
19.58592999942769 0.09529749565908918 0.18586082875908794
19.661679999424823 0.10204068880147131 0.20339943676362937
19.738439999421917 0.09541900547582227 0.18617498590762782
19.81418999941905 0.10191968929082651 0.2030828895604464
19.890949999416144 0.09553627090362238 0.18647815590236982
19.966699999413276 0.10180289015324494 0.20277731557539758
20.042449999410408 0.09564375250309265 0.1867561074541113
20.119209999407502 0.10169015041749997 0.2024823461809877
20.194959999404634 0.09575234852598202 0.18703682050530412
20.27171999940173 0.10158133356828426 0.2021976243709922
20.34746999939886 0.0958571631361278 0.18730774447575094
20.424229999395955 0.10147630741092273 0.20192280440531896
20.499979999393087 0.09595832242092106 0.18756920521024734
20.57572999939022 0.10138020462852071 0.2016710994004356
20.652489999387313 0.09605594852595489 0.1878215183162113
20.728239999384446 0.10128290058927492 0.20141644896329858
20.80499999938154 0.0961501597686234 0.1880649894180353
20.880749999378672 0.10118897097134505 0.2011706117949874
20.956499999375804 0.09623672862384647 0.18828876313482512
21.0332599993729 0.10109830188097026 0.20093328989916337
21.10900999937003 0.09632395829829543 0.1885141439318172
21.185769999367125 0.10101078318627423 0.2007041952263533
21.261519999364257 0.096408147136676 0.18873165023675087
21.33827999936135 0.10092630836469696 0.20048304922486437
21.414029999358483 0.09648939686654812 0.1889415450597287
21.489779999355616 0.1008488060218503 0.2002799618855966
21.56653999935271 0.09656780595570158 0.18914408304435693
21.642289999349842 0.10077053917655955 0.20007502600318805
21.719049999346936 0.09664346971158966 0.1893395107209539
21.794799999344068 0.10069498135064038 0.199877163812201
21.871559999341162 0.09671648037054381 0.18952806672797307
21.947309999338295 0.1006220413174891 0.19968613693668313
22.023059999335427 0.09678321499243259 0.18970043572049677
22.09981999933252 0.10055163082618766 0.19950171480483947
22.175569999329653 0.09685081525840378 0.18987496994690156
22.252329999326747 0.10048366451538959 0.1993236744183391
22.32807999932388 0.09691605291306671 0.19004338492498718
22.40382999932101 0.10042114269651027 0.19915973358355377
22.480589999318106 0.09697900705211426 0.19020588541321937
22.556339999315238 0.10035816805820418 0.19899472591803358
22.633099999312332 0.09703975420748845 0.19036266949881142
22.708849999309464 0.10029736908713316 0.19883539874833156
22.78560999930656 0.09709836842437203 0.19051392875872875
22.86135999930369 0.10023867270964582 0.19868156112702318
22.937109999300823 0.0971520768441122 0.1906525382022628
23.013869999297917 0.10018200819453826 0.1985330282521347
23.08961999929505 0.09720633606051199 0.1907925100972485
23.166379999292143 0.10012730708419393 0.19838962128156945
23.242129999289276 0.09725869586486435 0.19092756194197813
23.31888999928637 0.10007450313042898 0.1982511671560938
23.394639999283502 0.09730921983341956 0.19105785827017163
23.470389999280634 0.1000261684255057 0.19812429049651525
23.54714999927773 0.09735796951365039 0.19118355837633993
23.62289999927486 0.09997722975798251 0.1979959270983933
23.699659999271955 0.09740500448728973 0.191304816482063
23.775409999269087 0.0999299799513943 0.19787197263280154
23.85115999926622 0.0974482077846004 0.19141619719657
23.927919999263313 0.09988436218235752 0.19775227868437106
24.003669999260445 0.09749173772786324 0.19152837003924006
24.08042999925754 0.09984032145835688 0.19763670162825653
24.15617999925467 0.09753374099404843 0.19163658797943794
24.232939999251766 0.0997978045652207 0.1975251024921354
24.308689999248898 0.09757426872485497 0.19174098341069312
24.38443999924603 0.09975878171320098 0.19742255430853506
24.461199999243124 0.09761337042625207 0.19184168449679628
24.536949999240257 0.09971937334379022 0.1973190697580396
24.61370999923735 0.09765109401626126 0.1919388153014734
24.689459999234483 0.09968132136381402 0.19721912599012237
24.766219999231577 0.09768748587444286 0.19203249590977745
24.84196999922871 0.09964458014102519 0.1971226038447238
24.91771999922584 0.09772073067383501 0.19211806037676693
24.994479999222936 0.09960910551787472 0.1970293880153684
25.070229999220068 0.09775440714504567 0.19220470207882423
25.146989999217162 0.09957485476554695 0.1969393669325359
