0.0010050000000000011 0.47752701362021416 1.1914183160840586
0.07920000000004401 0.24551334637784206 0.6343816867471097
0.15839749999993782 0.42526190321685736 1.0748241714879314
0.23659249999958196 0.20921410418862818 0.5420154619050099
0.3147874999999454 0.38540644027391835 0.9716271417029687
0.39298250000045765 0.1771443428511459 0.4616529725544605
0.4711775000009699 0.351259822081997 0.8835511466331991
0.5503750000014888 0.14821632445271848 0.3889561112924045
0.628570000002001 0.3212355410106874 0.806206365398221
0.7067650000025133 0.12295734360302801 0.32542335354598384
0.7849600000030256 0.2952909122219025 0.7393749567707775
0.8631550000035378 0.10044077038073052 0.26875836293543953
0.9413500000040501 0.27240220654778324 0.6804154215421798
1.0195450000036943 0.08036110712772104 0.2182127780230525
1.098742500000696 0.2519062837163172 0.6276354393563999
1.1769374999977358 0.06226774421072001 0.17265534470467525
1.2551324999947755 0.2340093485211158 0.5815422443936957
1.3333274999918152 0.04635714874960761 0.13258902084772872
1.411522499988855 0.21809342695377154 0.5405595377360295
1.4897174999858946 0.03213818002204305 0.09676969666418955
1.5679124999829344 0.20392541412835963 0.5040903950543019
1.6471099999799361 0.019277774228995792 0.06432049626045044
1.7253049999769758 0.19117035100798152 0.4712748440415693
1.8034999999740156 0.009468074710671126 0.03579498747633414
1.8816949999710553 0.179971889806944 0.4424662984734318
1.959889999968095 0.0051650339794793165 0.010257008699621206
2.0380849999651347 0.1699831410114515 0.41677092267877747
2.1162799999621744 0.011856048261999597 0.012605628888773257
2.194474999959214 0.16106727166948565 0.3938414730751405
2.273672499956216 0.019998467878526327 0.03332118905835513
2.3518674999532556 0.15302577238693682 0.3731683352962478
2.4300624999502953 0.027165465374339393 0.051548525450584304
2.508257499947335 0.14595172491916764 0.35498119379959725
2.5864524999443748 0.033587980347055235 0.06786861689511703
2.6646474999414145 0.13963329471677144 0.3387340302461017
2.742842499938454 0.03933637011130353 0.08247919900323808
2.821037499935494 0.13398812074513522 0.3242204867919152
2.9002349999324957 0.04454708460308121 0.09570976015461641
2.9784299999295354 0.12889474641188314 0.31113000350914133
3.056624999926575 0.0491307719795523 0.10735041452289984
3.134819999923615 0.12441154213488548 0.29960773622960124
3.2130149999206545 0.05323142189525821 0.11776686502092959
3.2912099999176943 0.12040673805619173 0.289317908797726
3.369404999914734 0.056901460319041426 0.12708758302985013
3.4486024999117357 0.1167839916484733 0.28001195217118857
3.5267974999087754 0.06022437891832122 0.13552492643086334
3.604992499905815 0.11360806082598764 0.2718526580891667
3.683187499902855 0.06314819382976944 0.14295197538556348
3.7613824998998946 0.1107716797677627 0.2645686057800578
3.8395774998969343 0.06576399283168455 0.14959938252262495
3.917772499893974 0.10823922639808468 0.25806773617366163
3.9959674998910137 0.06810363445588286 0.15554758254707757
4.075164999888016 0.10594971301609413 0.2521938570848703
4.153359999885056 0.07021927032998476 0.16092827335912885
4.231554999882095 0.10394277312490174 0.247045997645301
4.309749999879135 0.07208005401598849 0.16566291660106147
4.387944999876175 0.10215172473351819 0.24245356387925243
4.4661399998732145 0.07374386745098971 0.1698961125925602
4.544334999870254 0.10055372119363015 0.23835748229935616
4.622529999867294 0.07523104415854565 0.17367944043891193
4.701727499864296 0.09911026533507472 0.23465922918897153
4.779922499861335 0.07657389065638986 0.17709632829071564
4.858117499858375 0.09784515666651294 0.2314182178690838
4.936312499855415 0.07775422616559657 0.18010073854963782
5.014507499852455 0.09671654850583555 0.22852758807708762
5.092702499849494 0.07880826256156326 0.18278427892962634
5.170897499846534 0.09570985765818618 0.22594974714921223
5.249092499843574 0.07974927693763667 0.1851805365896353
5.3282899998405755 0.09480099611982118 0.22362317353705752
5.406484999837615 0.08059812841862135 0.187342245799893
5.484679999834655 0.09400426669187278 0.22158359884094647
5.562874999831695 0.08134412869850005 0.18924249474833177
5.641069999828734 0.09329394203165486 0.21976450051834906
5.719264999825774 0.08200998872381948 0.19093880999896395
5.797459999822814 0.09266051615759119 0.21814219042891603
5.8756549998198535 0.08260421030674969 0.19245277708104247
5.954852499816855 0.09208885639659159 0.2166784214853057
6.033047499813895 0.08313986162647558 0.1938174832445072
6.111242499810935 0.09158753912140438 0.21539465482216524
6.189437499807974 0.0836106612207802 0.1950171784780963
6.267632499805014 0.09114034703098128 0.2142495573017933
6.345827499802054 0.08403077759225419 0.19608776820106977
6.424022499799094 0.0907414742668281 0.21322822434178823
6.503219999796095 0.08441060521407395 0.1970556049254668
6.581414999793135 0.09038160849642318 0.21230690996469903
6.659609999790175 0.0847432998499753 0.1979034334350538
6.7378049997872145 0.09006588810286387 0.21149847521787501
6.815999999784254 0.08504016901750255 0.19865994443722945
6.894194999781294 0.08978424155165499 0.21077726716358658
6.972389999778334 0.08530503318763183 0.19933486124461552
7.050584999775373 0.08953301301648786 0.2101339135641589
7.129782499772375 0.08554437426195605 0.1999446289303708
7.207977499769415 0.0893064188458974 0.20955367753011656
7.2861724997664545 0.08575407236793675 0.20047888139830272
7.364367499763494 0.08910752875194916 0.20904424813877887
7.442562499760534 0.0859411674543119 0.20095549061248663
7.520757499757574 0.0889300914981993 0.20858971244045454
7.598952499754613 0.08610807436147572 0.20138061245699168
7.677147499751653 0.08877180737930879 0.20818418361246982
