0.0010400000000000014 0.4774778787087879 1.1913742846554443
0.07958000000000302 0.26532440687343695 0.6962426463036686
0.1601600000000033 0.4560750168997932 1.1550878616970017
0.23665999999997364 0.2621380705794777 0.676400532203314
0.3162200000000347 0.4469817709808096 1.129008268108589
0.39476000000011324 0.25605748414123175 0.665684793654775
0.4733000000001918 0.43865290035727766 1.1004449205210154
0.5518400000002703 0.2502843790813022 0.6564929021414811
0.6303800000003489 0.43042908842317273 1.0767254812188876
0.7089200000004274 0.24524335915115625 0.6442161976722205
0.787460000000506 0.4223307844710331 1.0565045138430262
0.8660000000005845 0.2404041115483656 0.6314471682910106
0.9445400000006631 0.4147855607657909 1.0371390941905978
1.0230800000006135 0.23547339824386268 0.6195527210187346
1.101620000000256 0.40776288357541246 1.018213368776566
1.181179999999894 0.2300172046046418 0.6067562939038096
1.2586999999995412 0.4010710333788314 1.0002268876880716
1.3372399999991837 0.2257650984361923 0.5965912511737725
1.4157799999988263 0.39463898182921103 0.983264705606457
1.4943199999984689 0.22108234595355192 0.5851250574809841
1.5728599999981114 0.3884739708235514 0.9670979497044541
1.651399999997754 0.21647341168422907 0.5738297855385599
1.7299399999973966 0.38256477595867344 0.9515640071042997
1.8084799999970391 0.21193063627858635 0.5627160477092441
1.8870199999966817 0.37687709442812545 0.9366126047289591
1.9655599999963242 0.20745804337389773 0.5517400092766578
2.0440999999964564 0.3713794948151059 0.9222024236262838
2.122639999996971 0.20305330615960504 0.5408826435581493
2.2011799999974855 0.3660510898294639 0.9082714926591628
2.279719999998 0.19870938547710248 0.5301441320229805
2.3582599999985145 0.3608754223777305 0.8947605944022219
2.436799999999029 0.1944201810117392 0.5195201972368446
2.514319999999537 0.35632074519378587 0.882856938626031
2.5928600000000515 0.19070826107853134 0.5103397876344729
2.671400000000566 0.3514958570715564 0.8702925610839851
2.7499400000010805 0.18660813811182853 0.5001505921921168
2.828480000001595 0.34678375711736387 0.8580398805545508
2.9070200000021096 0.18255347768115704 0.49005508829579325
2.985560000002624 0.3421711603523472 0.8460624593228272
3.0641000000031386 0.17853958905991607 0.4800452097278085
3.1416200000036465 0.3380856143915384 0.8354419310944272
3.220160000004161 0.17505273064173787 0.4713625181355541
3.2987000000046756 0.33375109732134955 0.8242065935744947
3.37724000000519 0.17121726012651106 0.4617783091462768
3.4557800000057046 0.3294893440440664 0.8131724110111094
3.534320000006219 0.16741265644255943 0.45225892517504196
3.6128600000067337 0.32529208803331233 0.8023167026849798
3.6903800000072415 0.16404997780664 0.44385285588692813
3.768920000007756 0.32162572348194474 0.7928192563644298
3.8474600000082706 0.16041486192375787 0.43474537247943923
3.926000000008785 0.3176524178805117 0.7825529282108112
4.0045400000093 0.15680227566775717 0.42568869495727135
4.083080000009814 0.31372333668947716 0.772405154388478
4.161620000010329 0.15320984175234376 0.4166782303250849
4.239140000010837 0.3102718434742294 0.7634773162906505
4.317680000011351 0.1501333222532193 0.40897296111017667
4.396220000011866 0.3065398212493733 0.7538417956350574
4.47476000001238 0.14669492024325814 0.4003452118392259
4.553300000012895 0.30283910593480445 0.7442910506886391
4.631840000013409 0.1432693710740739 0.3917444914556034
4.709360000013917 0.2995942887013352 0.7359099631087718
4.787900000014432 0.14034526906177325 0.38440680075692013
4.866440000014946 0.2960697642468636 0.7268190202872948
4.944980000015461 0.1370627477691163 0.3761594733406315
5.023520000015975 0.2925663746686825 0.7177870726260305
5.101040000016483 0.13416479289643102 0.3688758891419841
5.179580000016998 0.2895196750090192 0.7099276003976529
5.258120000017512 0.13101930571260478 0.36096835009074013
5.336660000018027 0.2861752610752114 0.7013096709666877
5.415200000018541 0.12787766203015094 0.3530652713346849
5.493740000019056 0.28284417173953846 0.6927304222853592
5.571260000019564 0.12514038071122946 0.346179114320444
5.649800000020078 0.2799869543928153 0.685365024459117
5.728340000020593 0.12212619672431191 0.33859294882480073
5.806880000021107 0.27679997401469303 0.6771600563430624
5.885420000021622 0.11911196389905233 0.3310019004874154
5.9629400000221295 0.2739952733557105 0.6699339250483161
6.041480000022644 0.11653278906387698 0.32451055142950214
6.120020000023159 0.2709449383258271 0.6620831241423764
6.198560000023673 0.11363724603867786 0.31721439334478907
6.277100000024188 0.2678983271740897 0.6542467056715129
6.3546200000246955 0.11109602069837533 0.3108151443511509
6.43316000002521 0.26527354342457843 0.6474854218025072
6.511700000025725 0.10831369866547923 0.3038001980618543
6.590240000026239 0.26235071407175803 0.6399717104762614
6.668780000026754 0.10552587839950812 0.29676699568146336
6.7463000000272615 0.2597762987779507 0.6333411650545906
6.824840000027776 0.1031387290800796 0.2907561146721305
6.9033800000282906 0.2569690565597753 0.626126990284348
6.981920000028805 0.10045628483511637 0.28398698236589137
7.06046000002932 0.2541574711204584 0.6189049560616944
7.1379800000298275 0.09810897256514206 0.27807650705145015
7.216520000030342 0.25174654107614436 0.6126927829796069
7.2950600000308565 0.09552673183437221 0.27155881568285967
7.373600000031371 0.24904155141023107 0.6057464899670739
7.451120000031879 0.09322052779857226 0.2657520408862024
7.529660000032393 0.24667785580456417 0.5996551557731045
7.608200000032908 0.09073365558310742 0.2594736821704302
7.6867400000334225 0.24407334799478086 0.5929681529503794
7.765280000033937 0.08823567611512317 0.25316495722940147
7.842800000034445 0.24175625101489773 0.5869951554405173
7.921340000034959 0.08607351946767827 0.2477237338377125
7.999880000035474 0.2392471791665457 0.5805530637511658
8.078420000032505 0.08366495228434534 0.24164049573167645
8.156960000029532 0.23672846025726849 0.5740878554693962
8.234480000026597 0.08154300410340176 0.23629992845737302
8.313020000023624 0.23455978497838348 0.5684943918557561
8.39156000002065 0.07922010084169084 0.23043166183821517
8.470100000017677 0.2321312467202291 0.5622616850854634
8.547620000014742 0.07713920252988449 0.22519297088311463
8.626160000011769 0.2300070053403256 0.5567834751087464
8.704700000008796 0.07489824445487991 0.21953063874543544
8.783240000005822 0.227664214536155 0.5507713144511373
8.861780000002849 0.07264345760951596 0.2138322716222385
8.939299999999914 0.22558393259170265 0.5454074055255442
9.01783999999694 0.07069601024805394 0.20892984730599418
9.096379999993967 0.22332293069983422 0.5396051703223992
9.174919999990994 0.06851847158493507 0.20342639785514427
9.25345999998802 0.22104985907097163 0.5337728759480909
9.330979999985086 0.06661018404628649 0.19862064172604388
9.409519999982113 0.21910471859566882 0.5287578860221354
9.48805999997914 0.06450700565615342 0.19330404357865705
9.566599999976166 0.21691004644496947 0.5231280048768938
9.644119999973231 0.06263838374389519 0.1885961321376306
9.722659999970258 0.21500727416029353 0.5182248273970069
9.801199999967285 0.060606844042914616 0.18345939616617457
9.879739999964311 0.21288843048453068 0.5127894853234838
9.958279999961338 0.05856074932505884 0.17828484399550204
10.035799999958403 0.2110284423478005 0.5079973607890365
10.11433999995543 0.05681554910681285 0.1738875151892194
10.192879999952456 0.20898213511068997 0.5027486254120084
10.271419999949483 0.05483800617968992 0.1688857902825358
10.348939999946548 0.207164542138614 0.4980676243054094
10.427479999943575 0.05313064632401842 0.16458283556446407
10.506019999940602 0.20518821607417004 0.4929992531307992
10.584559999937628 0.051219211946276766 0.15974758655870058
10.663099999934655 0.20319919074430823 0.48789930275734417
10.74061999993172 0.04954974995090755 0.15553913958912258
10.819159999928747 0.20150447627719903 0.48353608404673176
10.897699999925774 0.04770204908811149 0.15086420430763248
10.9762399999228 0.1995827524707614 0.47860985358325614
11.053759999919865 0.04607033348842582 0.14674997811735535
11.132299999916892 0.19792787657260447 0.4743510884411606
11.210839999913919 0.04428398893394525 0.14222956521201535
11.289379999910945 0.19607047333138794 0.46959029784811035
11.36689999990801 0.042689722049560674 0.13820924862176787
11.445439999905037 0.19445468530116072 0.46543347417953296
11.523979999902064 0.04096244109985214 0.1338380387452931
11.60251999989909 0.19265909315989116 0.46083136040212525
11.681059999896117 0.03922051451092068 0.1294293403263702
11.758579999893183 0.19108182659873707 0.456775006243626
11.83711999989021 0.0377347576576208 0.12568301587478903
11.915659999887236 0.1893457411973919 0.45232579135916495
11.994199999884263 0.036049548047401014 0.12141742534083066
12.071719999881328 0.18780639943213295 0.44836840137776335
12.150259999878354 0.03459820170090855 0.11775737583137325
12.228799999875381 0.18612756325426616 0.44406640819505405
12.307339999872408 0.03296758353490825 0.11362941814517802
12.384859999869473 0.184625205279763 0.4402054163606284
12.4633999998665 0.031567941222054974 0.11005405779950239
12.541939999863526 0.18300103385493005 0.43604372195487073
12.620479999860553 0.03006685999386427 0.10605874599060039
12.69901999985758 0.18136348659824708 0.4318479854769852
12.776539999854645 0.028767621106452368 0.10256640871311173
12.855079999851672 0.17996263042394267 0.42824769831406595
12.933619999848698 0.027350675072415512 0.09869892559331017
13.012159999845725 0.17837736349922784 0.42418561757288087
13.08967999984279 0.026113936540409166 0.0952875271510778
13.168219999839817 0.17700928666655258 0.4206701766196197
13.246759999836843 0.024780521161323787 0.09154299905641539
13.32529999983387 0.1754743041715212 0.4167366477986212
13.402819999830935 0.023615863144868077 0.08821023571780051
13.481359999827962 0.17413809054617713 0.41330369319877436
13.559899999824989 0.022384780582739516 0.08458398584054727
13.638439999822015 0.17265146833021128 0.4094938081959376
13.716979999819042 0.021177373259116727 0.08092273651596482
13.794499999816107 0.17134607721141204 0.4061405822622155
13.873039999813134 0.02017578400209752 0.07781537712223674
13.95157999981016 0.16990581394908444 0.40244880514326287
14.030119999807187 0.019067210138759783 0.07426842532068934
14.107639999804253 0.1686305247070231 0.39917196593123316
14.18617999980128 0.0181420226770016 0.07123105911123195
14.264719999798306 0.16723524124930733 0.3955933005505452
14.343259999795333 0.017132803386653683 0.0677943801287273
14.420779999792398 0.16598880312848052 0.39239080353357103
14.499319999789424 0.01629051566482065 0.06482495649232645
14.577859999786451 0.1646367469356319 0.38892199307857256
14.656399999783478 0.015385123210368667 0.061494610612788936
14.734939999780504 0.16327278034773351 0.3854226548136941
14.81245999977757 0.014633396951594269 0.0585913283162931
14.890999999774596 0.16210917131254776 0.3824327542714334
14.969539999771623 0.013837457667872255 0.05536358444594436
15.04807999976865 0.1607877983637257 0.3790425163097799
15.125599999765715 0.013172210832008814 0.05252501307865254
15.204139999762742 0.1596511480515327 0.3761228810868378
15.282679999759768 0.012481208293590229 0.04939654926907622
15.361219999756795 0.1583711368030266 0.3728387952148693
15.43873999975386 0.011907043150041763 0.0466216077519066
15.517279999750887 0.15726094077270536 0.36998798422953616
15.595819999747913 0.01133058029929157 0.04358932931953774
15.67435999974494 0.15602095853620823 0.36680657004219963
15.751879999742005 0.010864913164519763 0.040876838728398646
15.830419999739032 0.15493675314025357 0.36402327261244594
15.908959999736059 0.01041350956034548 0.03793760010172287
15.987499999733085 0.15373560346815718 0.3609415724856624
16.066039999730112 0.010021865020776843 0.03496852780694448
16.143559999727177 0.15267696965916588 0.35822481475941137
16.222099999724204 0.009742687309529208 0.03243679605927641
16.30063999972123 0.15151347483332112 0.35524004965645783
16.379179999718257 0.009486872474301133 0.029557871009289194
16.456699999715322 0.15047998401820672 0.35258879642993124
16.53523999971235 0.009324927152478901 0.027082410990209027
16.613779999709376 0.1493529742376709 0.3496981875309002
16.692319999706402 0.009207235418085324 0.02429053577954754
16.769839999703468 0.14834416140534212 0.3471112460045722
16.848379999700494 0.009165160119757654 0.02187012839531821
16.92691999969752 0.14725243371123298 0.34431185563695843
17.005459999694548 0.009188428632378232 0.019162482015322446
17.083999999691574 0.14615082744462438 0.34148801134815665
17.16151999968864 0.009277307821852543 0.016796188524337285
17.240059999685666 0.14520986279714543 0.3390756785781046
17.318599999682693 0.00945583825156937 0.014170272667757278
17.39713999967972 0.14414215035306177 0.33633912871261495
17.474659999676785 0.0096939970925346 0.011857149632821251
17.55319999967381 0.14322320077740236 0.3339836909594607
17.631739999670838 0.010050518255714125 0.00931046789214296
17.710279999667865 0.1421882613443992 0.3313314288339475
17.78779999966493 0.010468567780759108 0.007049437776829315
17.866339999661957 0.14129094301647216 0.3290319565856126
17.944879999658983 0.011040654419053442 0.004579519651914943
18.02341999965601 0.1402877611830987 0.32646159242344375
18.100939999653075 0.011673697546693007 0.0023697991851867606
18.179479999650102 0.13941157545264993 0.32421677188745335
18.25801999964713 0.012504143531857359 2.5441600626230354e-05
18.336559999644155 0.13843889964552158 0.32172506093867126
18.415099999641182 0.01345221903110716 0.002445055272370933
18.492619999638247 0.13758314629185908 0.31953280305564435
18.571159999635274 0.014261918383983496 0.004506474322352183
18.6496999996323 0.13663984261764273 0.31711662570881316
18.728239999629327 0.01518177994972747 0.006852276673741109
18.805759999626392 0.13580425651600325 0.3149760162110993
18.88429999962342 0.015972210133587073 0.00886503939859784
18.962839999620446 0.1348898328937198 0.3126335802444369
19.041379999617472 0.01686368069519939 0.011138436513802308
19.118899999614538 0.13407471416999228 0.31054425573510125
19.197439999611564 0.01763489391888695 0.013102451155277972
19.27597999960859 0.1331884907866454 0.308273494635547
19.354519999605618 0.01849869393438741 0.015305036728974208
19.432039999602683 0.13239323265240688 0.3062346802075955
19.51057999959971 0.01925093026405489 0.0172207242719824
19.589119999596736 0.13153423494340022 0.30403353377367326
19.667659999593763 0.020087898788349823 0.01935454227438571
19.74619999959079 0.13066720082462635 0.30181209427159184
19.823719999587855 0.020821483163865895 0.021222774889961826
19.90225999958488 0.12992619748879675 0.2999115540783692
19.980799999581908 0.021632469307187208 0.023290134676501317
20.059339999578935 0.12908590110276053 0.2977586272535082
20.136859999576 0.022347765014538612 0.025111911777064844
20.215399999573027 0.1283634363958227 0.2959054444069187
20.293939999570053 0.023133610922982606 0.02711510445727594
20.37247999956708 0.12754905882081835 0.2938190239025529
20.449999999564145 0.023831030608393866 0.02889143370127245
20.528539999561172 0.1268447592536096 0.29201222995655085
20.6070799995582 0.02459258659943464 0.030832659043322774
20.685619999555225 0.1260554519270216 0.28999013159773934
20.76313999955229 0.025272574409168528 0.032564585191352524
20.841679999549317 0.12536889739850887 0.28822861137136613
20.920219999546344 0.026010679023585004 0.03444602445025202
20.99875999954337 0.12460381855403291 0.2862686765031319
21.076279999540436 0.02667371128405316 0.03613471974207583
21.154819999537462 0.1239345713627037 0.2845513072850081
21.23335999953449 0.027389743849909998 0.037958625451728345
21.311899999531516 0.12319290704566756 0.2826514758605514
21.390439999528542 0.02811352767299702 0.03980181198547372
21.467959999525608 0.12254051437605273 0.28097713119730194
21.546499999522634 0.028731727397736998 0.04137404038975223
21.62503999951966 0.12182146315049658 0.27913531359008426
21.703579999516688 0.029433664163244333 0.043161713343153885
21.781099999513753 0.1211854820854138 0.2775028714087746
21.85963999951078 0.03003678466457982 0.04469556461337287
21.938179999507806 0.12048832754485228 0.27571719595919086
22.016719999504833 0.03071767481071486 0.046429771373157624
22.094239999501898 0.11986837320179267 0.2741257830764843
22.172779999498925 0.03130616537307773 0.04792646938874823
22.25131999949595 0.11919245702315784 0.2723945900765301
22.329859999492978 0.03196675732256549 0.04960914690885776
22.407379999490043 0.11858816413743188 0.2708434021292949
22.48591999948707 0.03254100276010663 0.05106974487022464
22.564459999484097 0.11793285790047503 0.26916509307269854
22.642999999481123 0.03318196711791899 0.052702594527676005
22.72051999947819 0.11734386564445952 0.26765333033161864
22.799059999475215 0.033742316928307314 0.05412804693536444
22.877599999472242 0.11670854747728354 0.26602634345881393
22.95613999946927 0.03436431950444685 0.055712758143244834
23.034679999466295 0.11606705225731817 0.2643837648935943
23.11219999946336 0.03491119652488894 0.05710421635737317
23.190739999460387 0.11551847359892575 0.26297583800724
23.269279999457414 0.03551495908798441 0.05864270309190456
23.34781999945444 0.11489636161526784 0.2613831708249359
23.425339999451506 0.03604879720603216 0.060001366340955986
23.503879999448532 0.11436145101486994 0.2600107223462933
23.58241999944556 0.03663496762032803 0.061495346870132916
23.660959999442586 0.11375802100628231 0.25846618952557465
23.73847999943965 0.03715614992944172 0.06282217972398696
23.817019999436678 0.11323637605495451 0.25712813922648126
23.895559999433704 0.0377252973326222 0.06427306701325408
23.97409999943073 0.11265102908691461 0.2556301650202042
24.051619999427796 0.0382341209156466 0.06556878371543062
24.130159999424823 0.11214231594950042 0.25432561552751753
24.20869999942185 0.03878672255836335 0.06697775552415575
24.287239999418876 0.11157451384710725 0.25287278580164996
24.36475999941594 0.03928342549553754 0.06824291788491976
24.443299999412968 0.11107843892404433 0.2516009350500781
24.521839999409995 0.03981990948080805 0.06961101395439595
24.60037999940702 0.11052769439115828 0.2501919515516371
24.678919999404048 0.04036211875593154 0.07099392991011255
24.756439999401113 0.11004399959069289 0.24895210667287282
24.83497999939814 0.040825462546177915 0.07217431317919631
24.913519999395167 0.10950985638254139 0.24758577829296913
24.992059999392193 0.04135177133389256 0.07351685431619126
25.06957999938926 0.10903829836590496 0.2463772979921064
25.148119999386285 0.041803953415990414 0.0746690656254434
25.226659999383312 0.10852031624083514 0.24505247491485305
25.30519999938034 0.04231474449499417 0.07597218963834029
25.382719999377404 0.10806065796641529 0.24387472138002186
25.46125999937443 0.04275601339526747 0.07709664122196314
25.539799999371457 0.10755840921441294 0.24259028027416862
25.618339999368484 0.043252175800270076 0.07836127619442745
25.69585999936555 0.10711041880349438 0.24144263085370543
25.774399999362576 0.04368299756482508 0.07945837698194458
25.852939999359602 0.10662348450268155 0.24019747521361046
25.93147999935663 0.04416437130304407 0.08068544649528775
26.008999999353694 0.1061869302952686 0.23907931553923678
26.08753999935072 0.04458454138635537 0.0817556214886217
26.166079999347748 0.10571514830666395 0.2378723704488439
26.244619999344774 0.04505149628422345 0.08294605229968166
26.32213999934184 0.1052900493686628 0.23678308721728492
26.400679999338866 0.04546119873244603 0.08398974435672724
26.479219999335893 0.10483277981563066 0.23561329381667218
26.55775999933292 0.04591410412752395 0.08514446491714178
26.636299999329946 0.10437119667461815 0.2344325616529197
26.71381999932701 0.046313529687170285 0.08616213392428351
26.792359999324038 0.10397545095646332 0.2334185808994138
26.870899999321065 0.04675275429272785 0.08728207223831497
26.94943999931809 0.10352805497784755 0.23227422942906362
27.026959999315157 0.04714210012405129 0.0882741961184097
27.105499999312183 0.10314252184979868 0.23128656822908322
27.18403999930921 0.04756801144077616 0.0893602777451874
27.262579999306237 0.10270890372045872 0.230177542660015
27.340099999303302 0.04794748031130913 0.09032734832707945
27.41863999930033 0.10233335071488715 0.22921558635564665
27.497179999297355 0.048360444246524636 0.09138049011622185
27.575719999294382 0.10191310180483382 0.22814083186782907
27.653239999291447 0.04873024401187198 0.09232300610209077
27.731779999288474 0.10154728598714936 0.2272039333821141
27.8103199992855 0.04913062655719502 0.09334411486110472
27.888859999282527 0.10113999355948577 0.22616237116639404
27.966379999279592 0.04949097207275598 0.09426259379969881
28.04491999927662 0.10078366825680664 0.22524986516262446
28.123459999273646 0.04987913526684529 0.09525256926777859
28.201999999270672 0.10038893490698464 0.22424045537668968
28.2805399992677 0.05027108788146794 0.09625226480213245
28.358059999264764 0.10004186287810668 0.2233517152489095
28.43659999926179 0.05060653273464455 0.09710725920123453
28.515139999258817 0.09965930544278678 0.2223734650148801
28.593679999255844 0.050986524065134715 0.09807645833129763
28.67119999925291 0.09932125511720258 0.22150788330765891
28.749739999249936 0.051313381022961235 0.09890959541162259
28.828279999246963 0.0989505011904853 0.22055983046725958
28.90681999924399 0.05168176672775748 0.09984919892761512
28.984339999241055 0.09862124432825425 0.2197168150356421
29.06287999923808 0.052000242344709575 0.1006610026637933
29.141419999235108 0.09826193173355746 0.21879803040039114
29.219959999232135 0.05235736934552082 0.10157189388010357
29.2974799992292 0.09794124511995728 0.21797700431261946
29.376019999226227 0.05266766726167671 0.10236288186941112
29.454559999223253 0.09759302324721708 0.2170865884714379
29.53309999922028 0.053013873086581786 0.10324592050421355
29.610619999217345 0.09728068904091802 0.21628698961251303
29.68915999921437 0.05331619336210903 0.10401660234624632
29.7676999992114 0.09694321837744446 0.21542407279344644
29.846239999208425 0.05365180578428063 0.10487262443843459
29.92375999920549 0.09663902410393299 0.21464535406342522
30.002299999202517 0.05394634445711733 0.1056234999606609
30.080839999199544 0.09631197604877106 0.21380909502857204
30.15937999919657 0.054271681513997194 0.10645331717505924
30.237919999193597 0.09598187636826161 0.21296506211297972
30.315439999190662 0.05455863027701924 0.10718487502870966
30.39397999918769 0.09569877141685545 0.2122403094448444
30.472519999184716 0.054874000264187095 0.10798927454207519
30.551059999181742 0.09537884630270155 0.21142229797543877
30.628579999178807 0.055153546165879086 0.10870199123600433
30.707119999175834 0.09510309583009213 0.21071641246331874
30.78565999917286 0.055459247635326836 0.1094817356662503
30.864199999169887 0.09479303712056786 0.20992363450403895
30.941719999166953 0.05573157280945773 0.11017607487594505
31.02025999916398 0.09452445697640066 0.20923614272823077
31.098799999161006 0.056027894515185535 0.11093190221145299
31.177339999158033 0.09422396711102454 0.20846783809987945
31.254859999155098 0.05629317587841298 0.11160831386141101
31.333399999152125 0.09396237941540009 0.2077982833266323
31.41193999914915 0.05658039668438808 0.11234093729503014
31.490479999146178 0.09367117181451046 0.2070537216057211
31.567999999143243 0.05683880582006074 0.1129998565360335
31.64653999914027 0.09341640628730741 0.20640166607039934
31.725079999137296 0.057117193828519874 0.11370996355299923
31.803619999134323 0.09313420721313792 0.20568015059270195
31.88215999913135 0.057398225446457896 0.11442685154233745
31.959679999128415 0.09288610304495937 0.20504517819676105
32.038219999125445 0.05763869930600252 0.11504003948544783
32.11675999912247 0.09261264876437314 0.2043460366119243
32.1952999991195 0.057911080565871464 0.11573488234664087
32.272819999116564 0.09237104796068163 0.2037277344619115
32.35135999911359 0.058145312180460706 0.11633217214939151
32.42989999911062 0.09210607881306809 0.2030502978851212
32.508439999107644 0.05840929353432278 0.11700560042138264
32.58595999910471 0.09187082178092876 0.20244824562519748
32.664499999101736 0.05863742881039802 0.11758735043414514
32.74303999909876 0.09161407892730877 0.2017918439908173
32.82157999909579 0.058893257573779396 0.11823998446318651
32.899099999092854 0.09138500575093389 0.20120561919134694
32.97763999908988 0.059115442330041845 0.11880655497716885
33.05617999908691 0.09113623788080227 0.2005696007441271
33.134719999083934 0.05936336121096775 0.11943900597707335
33.212239999081 0.09091319342883053 0.19999879802309328
33.290779999078026 0.05957973899177427 0.11999075733934994
33.36931999907505 0.09067215655578464 0.19938253505322745
33.44785999907208 0.059819984654567164 0.1206036256241938
33.525379999069145 0.09045498921772654 0.1988267612835104
33.60391999906617 0.06003069668870831 0.12114091447784636
33.6824599990632 0.09022144636854634 0.19822964519243813
33.760999999060225 0.06026350007385494 0.1217347865362095
33.83953999905725 0.08998575901354189 0.1976270606751651
33.91705999905432 0.06046868520435656 0.12225796484580664
33.99559999905134 0.089783729085808 0.19710995794857133
34.07413999904837 0.06069433779211386 0.12283341335632691
34.1526799990454 0.08955535285363359 0.1965260504698585
34.23019999904246 0.060894307867844104 0.12334282805070984
34.30873999903949 0.08935863650142073 0.19602252791386388
34.387279999036515 0.061113088167990215 0.1239004115077047
34.46581999903354 0.08913734680668406 0.19545672283716176
34.54333999903061 0.06130779671093011 0.12439640387045259
34.621879999027634 0.08894581034033133 0.19496643714431716
34.70041999902466 0.06151978640213406 0.12493666652160229
34.77895999902169 0.08873138921005863 0.19441817770199377
34.85647999901875 0.06170936447696951 0.12541957195690845
34.93501999901578 0.08854490206325705 0.19394079484746918
35.013559999012806 0.061914771223025473 0.12594304381804422
35.09209999900983 0.08833713804458598 0.19340954159822177
35.1696199990069 0.06209934708359399 0.12641319138445573
35.248159999003924 0.08815557280086272 0.19294473678835855
35.32669999900095 0.06229837272572991 0.1269203880815195
35.40523999899798 0.08795426088455716 0.19242996724347927
35.483779998995004 0.06249925099280351 0.12743232744013566
35.56129999899207 0.08777749329384643 0.19197742503697102
35.639839998989096 0.06267091235901323 0.12786952277215047
35.71837999898612 0.087582434849925 0.1914786334503149
35.79691999898315 0.06286556460310289 0.12836558368148898
35.874439998980215 0.08741034388587166 0.19103804784211809
35.95297999897724 0.06303270298106967 0.12879124992692947
36.03151999897427 0.0872213466483277 0.1905547451166778
36.110059998971295 0.06322132044821804 0.12927192146993116
36.18757999896836 0.08705381461190542 0.19012581965496267
36.26611999896539 0.06338404895104777 0.12968635080347068
36.34465999896241 0.08687069275758474 0.18965753350244086
36.42319999895944 0.06356681713894863 0.13015210773017483
36.500719998956505 0.0867076055321302 0.1892399817742585
36.57925999895353 0.06372524620754594 0.13055558587610205
36.65779999895056 0.08653018010294067 0.18878625764603418
36.736339998947585 0.0639023447988355 0.13100688790038673
36.81385999894465 0.08637142834985634 0.18837980584284209
36.89239999894168 0.06405658170167883 0.13139969125766093
36.970939998938704 0.08619952840681733 0.18794020933791122
37.04947999893573 0.0642281840009662 0.13183698154952683
37.126999998932796 0.08604500599697606 0.18754459086471886
37.20553999892982 0.06437833268629722 0.13221937816441098
37.28407999892685 0.08587846377348773 0.18711869557971328
37.362619998923876 0.06454460644403126 0.13264308642341183
37.4411599989209 0.08571039891973464 0.18668892352844413
37.51867999891797 0.06469076898780401 0.13301533870484494
37.597219998914994 0.08556671623901091 0.18632103163919167
37.67575999891202 0.06485187767279654 0.13342588220444096
37.75429999890905 0.085403878931264 0.18590463034504623
37.83181999890611 0.06499415471623304 0.1337882480583863
37.91035999890314 0.08526402182208426 0.18554654878227828
37.988899998900166 0.06515025751306969 0.13418603402253204
38.06743999889719 0.08510625111281167 0.185143110004804
38.14495999889426 0.06528874806855178 0.13453876807000276
38.223499998891285 0.08497012209523869 0.18479459154713274
38.30203999888831 0.06543999945160839 0.1349241932459888
38.38057999888534 0.08481726180887816 0.18440371752317386
38.4580999988824 0.06557480059901633 0.13526754421454568
38.53663999887943 0.0846847657590849 0.18406451913435262
38.61517999887646 0.06572135059484696 0.13564099252635353
38.69371999887348 0.08453666458027098 0.18368582357837226
38.77123999887055 0.06585255739096085 0.13597520342587543
38.849779998867575 0.08440770836933797 0.18335570740336538
38.9283199988646 0.06599455150218336 0.13633704738076347
39.00685999886163 0.08426421940176787 0.18298881557090585
39.084379998858694 0.06612225692786888 0.13666235577441954
39.16291999885572 0.08413871183982269 0.18266754856858247
39.24145999885275 0.06625983631000221 0.13701295651478151
39.319999998849774 0.08399969250080774 0.1823120964961289
39.3985399988468 0.06639870518042978 0.1373668642368986
39.476059998843866 0.08387754431894001 0.18199945022350228
39.55459999884089 0.0665174328913104 0.13766930193817029
39.63313999883792 0.08374285618881716 0.1816550844050191
39.711679998834946 0.06665199559160984 0.13801224438967363
39.78919999883201 0.08362398001143889 0.18135083495096627
39.86773999882904 0.06676756296398045 0.13830664932701353
39.946279998826064 0.08349348870829432 0.18101721198505727
40.02481999882309 0.06689795286367128 0.13863896712013046
40.102339998820156 0.08337779902877762 0.18072113986482563
40.18087999881718 0.06701044223863606 0.1389255484063101
40.25941999881421 0.08325137407205607 0.1803979260831423
40.337959998811236 0.06713678869892437 0.1392475716314734
40.4154799988083 0.08313878720371226 0.18010981608100884
40.49401999880533 0.06724628057152049 0.13952653337699905
40.572559998802355 0.08301630185620024 0.17979668710637053
40.65109999879938 0.06736870908244386 0.13983858190267373
40.72861999879645 0.082906735846078 0.17951632803483442
40.80715999879347 0.06747528213175458 0.1401101232291757
40.8856999987905 0.08278806691776586 0.17921296826300948
40.96423999878753 0.06759391445857699 0.1404125069785267
41.04175999878459 0.0826814413703072 0.1789401525586265
41.12029999878162 0.06769764559525915 0.14067682212060006
41.198839998778645 0.0825664688106994 0.178646254024184
41.27737999877567 0.06781259999470157 0.14096984144229552
41.3559199987727 0.08245043212320546 0.17834964994064562
41.433439998769764 0.06791356460531228 0.1412271204666138
41.51197999876679 0.08235131095146475 0.17809603750879033
41.59051999876382 0.06802495617609428 0.1415110669351627
41.669059998760844 0.08223887590815104 0.1778086495440867
41.74657999875791 0.06812322804256554 0.1417614960764646
41.825119998754936 0.08214240299021491 0.17756182787711516
41.90365999875196 0.06823116825321074 0.14203665261175447
41.98219999874899 0.0820334564768952 0.17728336575476566
42.059719998746054 0.06832681905371218 0.14228041359705124
42.13825999874308 0.08193956084013432 0.1770431519973359
42.21679999874011 0.06843141565443767 0.1425470541351337
42.295339998737134 0.08183399352279797 0.17677333536072481
42.3728599987342 0.06852451506608481 0.1427843236450177
42.451399998731226 0.08174260624012664 0.1765395519220614
42.52993999872825 0.06862587228733374 0.143042713130348
42.60847999872528 0.08164031241152714 0.1762781097149113
42.685999998722345 0.06871648805829222 0.14327366297699484
42.76453999871937 0.08155136650343409 0.17605058410381513
42.8430799987164 0.06881470673473156 0.14352405778685906
42.921619998713425 0.08145230648075885 0.17579725422839365
42.99913999871049 0.0689029047505243 0.1437488551009336
43.07767999870752 0.08136579986104475 0.1755758188385692
43.15621999870454 0.06899808245925332 0.1439915033635164
43.23475999870157 0.08126981975320113 0.17533034777756917
43.312279998698635 0.06908392680919717 0.14421031074728363
43.39081999869566 0.08118562442090638 0.17511483970684694
43.46935999869269 0.06917615799026533 0.14444545264924447
43.547899998689715 0.08109261877230611 0.1748769821955376
43.62643999868674 0.06926926959826529 0.14468285118686142
43.70395999868381 0.08101067321341049 0.17466724307422243
43.782499998680834 0.0693490871049649 0.14488629641489226
43.86103999867786 0.08092054946650107 0.17443676178047207
43.93957999867489 0.0694393239365404 0.14511637047960324
44.01709999867195 0.0808407938486877 0.1742326376143688
44.09563999866898 0.06951701898938567 0.14531441382028554
44.174179998666006 0.0807534624116234 0.17400930284616756
44.25271999866303 0.06960446990927838 0.1455373895069778
44.3302399986601 0.08067583853018168 0.17381064386852163
44.408779998657124 0.06968009839976996 0.1457301728139182
44.48731999865415 0.08059121266952807 0.17359423329352808
44.56585999865118 0.06976484946691397 0.14594626910536812
44.64337999864824 0.0805156638938288 0.17340089382602564
44.72191999864527 0.06983846580493147 0.14613393049507373
44.800459998642296 0.08043365963334903 0.17319119220843282
44.87899999863932 0.06992060037337067 0.14634335951639876
44.95651999863639 0.08036013085925353 0.17300303053195965
45.035059998633415 0.06999225753145144 0.14652603347610205
45.11359999863044 0.08028066688353896 0.17279982947984163
45.19213999862747 0.07007185634070301 0.1467290007183819
45.26965999862453 0.0802091044874953 0.17261670771104853
45.34819999862156 0.07014160589456808 0.1469068182042954
45.42673999861859 0.080132102048727 0.1724198054365189
45.50527999861561 0.07021874715664711 0.14710352274615035
45.58381999861264 0.08005437283005412 0.17222105156169398
45.661339998609705 0.07028663932546286 0.14727661128837166
45.73987999860673 0.07998783667400677 0.17205079050690575
45.81841999860376 0.07036139881046533 0.1474672460175075
45.896959998600785 0.07991250897522151 0.17185818129660246
45.97447999859785 0.07042748249605069 0.14763572982084971
46.05301999859488 0.07984774609616585 0.17169246489366907
46.131559998591904 0.070499933613 0.14782048162762518
46.21009999858893 0.07977474574391852 0.17150581033994472
46.287619998585996 0.0705642564348784 0.14798448164441425
46.36615999858302 0.07971170932035654 0.17134451824288854
46.44469999858005 0.07063447030890335 0.14816353161422047
46.523239998577075 0.07964096446123214 0.17116363429526826
46.60075999857414 0.07069707864066688 0.14832316564522552
46.67929999857117 0.07957960891055116 0.1710066493586293
46.757839998568194 0.07076512418707492 0.14849668924867832
46.83637999856522 0.07951104993270375 0.17083135772317792
46.913899998562286 0.07082606318924956 0.14865207202453545
46.99243999855931 0.07945133087333123 0.17067856590625707
47.07097999855634 0.07089200718574284 0.14882023930380406
47.149519998553366 0.07938489033337348 0.17050869385910605
47.22703999855043 0.07095132084046607 0.14897148257261295
47.30557999854746 0.07932676455352483 0.17035998413942322
47.384119998544485 0.0710152279935663 0.14913445830596617
47.46265999854151 0.07926237710631623 0.17019536434401683
47.54119999853854 0.07107974515608995 0.14929899632796229
47.6187199985356 0.07920580253134579 0.17005062863517661
47.69725999853263 0.07113489214863677 0.149439614786262
47.775799998529656 0.07914340486176719 0.1698910989648139
47.85433999852668 0.07119742127074147 0.14959908526176457
47.93185999852375 0.07908834052207103 0.1697502320287536
48.010399998520775 0.07125110213126795 0.1497359695120104
48.0889399985178 0.07902787128086297 0.16959563540288602
48.16747999851483 0.07131170425875566 0.14989052792768742
48.244999998511894 0.0789742772828802 0.1694585347776445
48.32353999850892 0.07136395745806279 0.1500237757290579
48.40207999850595 0.07891567702155011 0.16930871899314415
48.48061999850297 0.07142269175493787 0.15017357278468424
48.55813999850004 0.07886351451807116 0.16917528491218192
48.636679998497065 0.07147355476797623 0.15030327937440857
48.71521999849409 0.07880672563079483 0.16903010249423867
48.79375999849112 0.07153047857774641 0.15044846114024013
48.871279998488184 0.07875595679303049 0.1689002378145621
48.94981999848521 0.07157998790934295 0.15057471929929012
49.02835999848224 0.07870092345639212 0.16875954586142994
49.106899998479264 0.07163515680918875 0.1507154273515776
49.18441999847633 0.07865151144608007 0.1686331559933807
49.262959998473356 0.07168334802054033 0.15083832747064818
49.34149999847038 0.07859817956305881 0.1684968160295841
49.42003999846741 0.07173681588096281 0.15097469904247207
49.497559998464475 0.0785500885063829 0.16837380886999265
49.5760999984615 0.07178372361288654 0.15109432918239962
49.65463999845853 0.07849840565105792 0.1682416867081149
49.733179998455554 0.07183554264815595 0.15122649729222282
49.81171999845258 0.07844623065495415 0.1681083102115788
49.889239998449646 0.0718812006451498 0.15134294324132824
49.96777999844667 0.07840151597748346 0.1679939381736495
50.0463199984437 0.07193142146694853 0.15147103682756624
50.124859998440726 0.07835095039573536 0.16786467793867832
50.20237999843779 0.07197586260208377 0.151584382163783
50.28091999843482 0.07830742727953832 0.16775335707159833
50.359459998431845 0.07202453426952404 0.15170852621283482
50.43799999842887 0.07825842164495522 0.16762808650259142
50.51551999842594 0.07206779056801949 0.15181885236332793
50.59405999842296 0.07821605869758941 0.1675197362163705
50.67259999841999 0.07211496063816525 0.1519391680401494
50.75113999841702 0.07816856506077297 0.1673983326105244
50.82865999841408 0.07215706330175209 0.15204655434615244
50.90719999841111 0.07812733169950836 0.16729287440352403
50.985739998408135 0.07220277787129692 0.15216315910112632
51.06427999840516 0.07808130358719612 0.16717521883528041
51.14179999840223 0.07224375729257304 0.15226768285464543
51.220339998399254 0.0780411700268675 0.1670725762573766
51.29887999839628 0.07228806104150287 0.15238069052649905
51.37741999839331 0.0779965623993033 0.16695855346674504
51.45493999839037 0.0723279468242034 0.15248242702450288
51.5334799983874 0.07795749962952803 0.16685865206435002
51.612019998384426 0.07237088305879169 0.15259194795218534
51.69055999838145 0.07791426883689079 0.1667481503477286
51.76909999837848 0.07241423067335329 0.15270252194168332
51.846619998375544 0.07787624860348208 0.16665091761904893
51.92515999837257 0.07245131473280508 0.15279711168370014
52.0036999983696 0.07783435233954572 0.16654382870759932
52.082239998366624 0.0724933273436198 0.15290428158962754
52.15975999836369 0.07779734712382858 0.16644919404823488
52.238299998360716 0.07252942483499736 0.1529963568543513
52.31683999835774 0.07775674438657243 0.16634541300736272
52.39537999835477 0.07257014332551248 0.15310022684649205
52.472899998351835 0.07772072738814517 0.16625330766789626
52.55143999834886 0.0726052801558763 0.15318985357072323
52.62997999834589 0.07768137843964062 0.16615273279295684
52.708519998342915 0.07264474415820521 0.15329052463461945
52.78603999833998 0.07764632355664802 0.16606308983200258
52.86457999833701 0.0726789455621748 0.1533777670650771
52.94311999833403 0.0776081898818074 0.16596562254296288
53.02165999833106 0.07271719349367545 0.1534753370941555
53.099179998328125 0.07757407169522823 0.165878376784101
53.17771999832515 0.07275048404804552 0.15356025781234628
53.25625999832218 0.07753711596652202 0.16578392153628885
53.334799998319205 0.07278755314947738 0.1536548217054179
53.41231999831627 0.07750390972227905 0.1656990095222577
53.4908599983133 0.07281995678816389 0.15373748165810053
53.569399998310324 0.07746809576132374 0.16560747370740758
53.64793999830735 0.07285588315596359 0.15382913141455123
53.72647999830438 0.07743194197756442 0.1655150714329756
53.80399999830144 0.07288742318820218 0.15390958999077498
53.88253999829847 0.07740107009970099 0.16543612751739323
53.961079998295496 0.07292224181142903 0.1539984148353324
54.03961999829252 0.07736603081319171 0.16534657472782044
54.11713999828959 0.07295294093522486 0.15407672988247967
54.195679998286614 0.07733598153644394 0.16526973585923033
54.27421999828364 0.07298668571774047 0.15416281628681805
54.35275999828067 0.07730202259301622 0.16518294520624366
54.43027999827773 0.07301656603258733 0.1542390440627539
54.50881999827476 0.07727277427761448 0.16510815592856165
54.587359998271786 0.07304926985346283 0.1543224758312145
54.66589999826881 0.0772398625649462 0.1650240426865457
54.74341999826588 0.07307835289648046 0.15439667111788458
54.821959998262905 0.0772113941346908 0.1649512489623417
54.90049999825993 0.07311004764339979 0.15447752950881188
54.97903999825696 0.07717949754633124 0.164869730980155
55.05655999825402 0.0731383543968942 0.15454974569253377
55.13509999825105 0.0771517884671401 0.1647988801824707
55.21363999824808 0.07316907099225045 0.15462810951596406
55.2921799982451 0.07712087586975702 0.16471987780509734
55.36969999824217 0.07319662189839848 0.1546983986177919
55.448239998239195 0.07709390613562717 0.16465091867294834
55.52677999823622 0.07322639033203338 0.15477434430565262
55.60531999823325 0.07706394733904232 0.16457435465767611
55.682839998230314 0.07325320530908352 0.15484275702120076
55.76137999822734 0.07703769745957378 0.1645072372632006
55.83991999822437 0.07328205466406212 0.15491635869496756
55.918459998221394 0.07700866318900124 0.16443303671334064
55.99699999821842 0.07331118092580624 0.15499066894129054
56.074519998215486 0.0769831141737356 0.16436771242454018
56.15305999821251 0.07333611160097386 0.15505427397591864
56.23159999820954 0.0769549760398649 0.16429580271106747
56.310139998206566 0.07336434063014563 0.15512629578650072
56.38765999820363 0.07693010938431966 0.16423222415132832
56.46619999820066 0.07338860740846809 0.1551882080144562
56.544739998197684 0.07690283985685331 0.16416253484442533
56.62327999819471 0.073415966704243 0.15525801147429075
56.700799998191776 0.0768786375285736 0.1641006558560032
56.7793399981888 0.0734395870468254 0.15531827536602316
56.85787999818583 0.07685220990713482 0.16403311865521575
56.936419998182856 0.07346610328408609 0.15538592845937282
57.01393999817992 0.07682865433032637 0.16397289425061912
57.09247999817695 0.07348909421394345 0.15544458737695166
57.171019998173975 0.07680304271927041 0.16390744291789883
57.249559998171 0.0735147932705793 0.1555101560555605
57.32707999816807 0.07678011676265462 0.1638488292570739
57.40561999816509 0.07353717138866267 0.15556725229508572
57.48415999816212 0.07675529603938591 0.16378539955376192
57.56269999815915 0.07356207838026163 0.15563080057268142
57.64021999815621 0.0767329829976221 0.16372835390113805
57.71875999815324 0.07358385989823102 0.15568637543954544
57.797299998150265 0.07670892877626367 0.16366688348716796
57.87583999814729 0.07360799920531402 0.15574796548166736
57.95437999814432 0.07668464525325824 0.16360482812688426
58.031899998141384 0.07362919992313932 0.1558020592366316
58.11043999813841 0.07666390096766451 0.16355179248013219
58.18897999813544 0.07365259516682343 0.15586175126546253
58.267519998132464 0.07664036548373288 0.16349164913984637
58.34503999812953 0.07367323046488339 0.15591440306301774
58.423579998126556 0.076620173816766 0.16344002720094508
58.50211999812358 0.07369590453641606 0.1559722554151155
58.58065999812061 0.07659736334889378 0.16338173697910685
58.658179998117674 0.07371598938783275 0.15602350337737825
58.7367199981147 0.07657770966540267 0.1633314912344197
58.81525999811173 0.07373796446823411 0.15607957258731986
58.893799998108754 0.07655560190485189 0.16327499706108028
58.97131999810582 0.073757513448519 0.1561294538272695
59.049859998102846 0.07653647195809055 0.16322609099717056
59.12839999809987 0.07377881103276407 0.15618379468433918
59.2069399980969 0.07651504528763042 0.16317133757481894
59.284459998093965 0.0737978383311072 0.15623234533453934
59.36299999809099 0.07649642520919497 0.1631237356518267
59.44153999808802 0.07381847924904705 0.15628501093412073
59.520079998085045 0.0764756586808546 0.1630706693980799
59.59759999808211 0.07383699867981541 0.15633226617693952
59.67613999807914 0.07645753496967933 0.16302433702179986
59.75467999807616 0.07385700311856769 0.15638330797942412
59.83321999807319 0.07643740828285972 0.1629729060124263
59.910739998070255 0.07387502813148517 0.15642930207018235
59.98927999806728 0.076419767796015 0.16292780950907249
60.06781999806431 0.07389441565477439 0.15647876994879795
