0.0010024999999999802 0.4775359591986209 1.1914210930226155
0.07909999999996936 0.22657531054281035 0.5834870089264088
0.1571974999999714 0.3950056624649042 0.9989469175032739
0.2362962500004896 0.1631708652770646 0.42325397239942886
0.3143937500010012 0.3332979736329358 0.840630749480642
0.39249125000151286 0.11253210849349604 0.29528039480990476
0.4705887500020245 0.2849297645792461 0.7165925303540766
0.548686250000374 0.07181274237487822 0.1922995412481865
0.6277849999973795 0.24623553861965886 0.6173718029996778
0.7058824999944229 0.03895852079145212 0.10919571010505891
0.7839799999914663 0.2156481995444106 0.5389195520529078
0.8620774999885097 0.012823370724556638 0.04298659770101132
0.9401749999855531 0.19119555727441417 0.47619396191452834
1.0192737499825586 0.00907154223837181 0.010532162601673
1.097371249979602 0.17154977122284887 0.4257828013273901
1.1754687499766454 0.025742863695939144 0.05307339572071523
1.2535662499736888 0.1559609871124895 0.38576977531589174
1.3316637499707322 0.039151021063086655 0.08722040663277086
1.4107624999677377 0.14339570958396874 0.3534985777658539
1.4888599999647811 0.04997841778860834 0.11475542229766322
1.5669574999618245 0.1334267772879062 0.32788307998872224
1.645054999958868 0.05859630788298509 0.13665137969532948
1.7231524999559114 0.12543021812807342 0.3073300564978898
1.8022512499529169 0.06556218342133846 0.15433302670256888
1.8803487499499603 0.11898673504441104 0.2907577697358832
1.9584462499470037 0.07109320270608122 0.16836462814968645
2.0365437499440473 0.11386829337517146 0.277589194564154
2.1146412499410907 0.07553124253691468 0.17962249524398066
2.192738749938134 0.10976514053799423 0.2670326729117156
2.2718374999351396 0.07911024760966512 0.18870065391702884
2.349934999932183 0.10646377617029135 0.25854015464762403
2.4280324999292264 0.0819550312997831 0.1959114978230203
2.50612999992627 0.10384040295673624 0.251791858973216
2.5842274999233132 0.08423553903602288 0.20169272917157643
2.6633262499203187 0.1017273407110848 0.2463573195996438
2.741423749917362 0.08607072895959256 0.2063451027834673
2.8195212499144056 0.10005163790903183 0.242047543652546
2.897618749911449 0.08752860414885966 0.21004151110682878
2.9757162499084924 0.09871042139526953 0.23859631601998998
3.054814999905498 0.08870317706447672 0.213019474721321
3.1329124999025413 0.09763185438798294 0.23582073870003217
3.2110099998995847 0.08963434343640975 0.2153804768301626
3.289107499896628 0.09677573259384709 0.23361734495380704
3.3672049998936715 0.09038005338655974 0.21727116241712086
3.446303749890677 0.09608613660935061 0.23184258655890577
3.5244012498877204 0.0909799108281305 0.21879178216638318
3.602498749884764 0.09553970087187214 0.2304359712024695
3.6805962498818072 0.09145585990648764 0.2199982363526476
3.7586937498788506 0.09510216674906968 0.22930953089239647
