0.001020000000000002 0.4775025698646752 1.191399686509742
0.07879000000000215 0.2617529570253615 0.6851542967639901
0.15959000000001883 0.45174621676334475 1.1426552522929123
0.2363500000000956 0.2527955465336983 0.6536910510000604
0.3161400000001754 0.43648375670741135 1.1004209641293672
0.39391000000025317 0.2422288139726405 0.6302743614277406
0.47269000000033196 0.42285159271013883 1.0620652205968861
0.551470000000125 0.23206158082761807 0.6068430836358996
0.6302499999997665 0.4094881497940615 1.0265828781706121
0.7080199999994126 0.22289319460471077 0.584350845630377
0.786799999999054 0.39755364340824195 0.9953846873224315
0.8655799999986955 0.21360906116986433 0.5614719029056747
0.944359999998337 0.38584616809414685 0.9647303596877044
1.0221299999982287 0.20505807919880392 0.5404773451719636
1.1009099999987448 0.37541420779702883 0.9373795110299676
1.179689999999261 0.19629996768971233 0.5188827022036824
1.2574599999997704 0.36549673048524667 0.9114515558135361
1.3362400000002865 0.18834393556361195 0.4992195994029669
1.4150200000008026 0.3556434447431188 0.8857711003138369
1.4927900000013121 0.1805943057803644 0.48001228583943734
1.5715700000018282 0.3467667798735332 0.862648168994451
1.6503500000023443 0.17263566551397658 0.4602286423783797
1.7281200000028538 0.3382683495713018 0.8405439740264975
1.80690000000337 0.16542653669731444 0.4422953583897882
1.8846700000038794 0.33012020427111344 0.8193788161432902
1.9634500000043955 0.1584159803954499 0.4248272326746627
2.0422300000049116 0.32194678997560344 0.7981846717071583
2.120000000005421 0.15160395843228736 0.4078314322485621
2.198780000005937 0.31451427353433925 0.7789111961174822
2.2765500000064467 0.1449888827162209 0.39131035120426594
2.355330000006963 0.3073552474695592 0.7603601032438179
2.434110000007479 0.13824203685393788 0.3744422229124855
2.5118800000079884 0.3004555838356675 0.7424929971235339
2.5906600000085045 0.1320803379785146 0.359029442801273
2.668430000009014 0.2938024180507961 0.7252755137100109
2.74721000000953 0.12609495740653043 0.3440440581344184
2.825990000010046 0.28705632401040004 0.7078384627690948
2.9037600000105557 0.12028188502545356 0.32947770278363153
2.982540000011072 0.28091816074060083 0.6919723655603782
3.0603100000115813 0.11463702145832921 0.31532208108656645
3.1390900000120974 0.2749864312521245 0.676647825104193
3.216860000012607 0.10915641999174397 0.3015693139665876
3.295640000013123 0.269251806500867 0.6618387002722548
3.374420000013639 0.10353573142956639 0.2874472051423216
3.4521900000141486 0.2637029693084112 0.6475154192047139
3.5309700000146647 0.09841514920365725 0.27458398371151826
3.608740000015174 0.25833065075946404 0.6336521080281043
3.6875200000156902 0.09344109256575439 0.26208457903331706
3.7652900000161997 0.25312694098254307 0.6202274055517321
3.844070000016716 0.08860927228280846 0.24993901261243234
3.9218400000172253 0.24808377205035437 0.6072195426095606
4.0006200000177135 0.08391545783077214 0.23813700930556125
4.079400000014731 0.24292721583726876 0.5939446364369716
4.157170000011787 0.0793558328346674 0.22666953305778836
4.235950000008804 0.23821822334027165 0.5818025697726159
4.31372000000586 0.07492688641540846 0.21552802601350063
4.392500000002878 0.23364937724767576 0.5700237571246269
4.470269999999934 0.07062514455798241 0.2047040089604213
4.549049999996951 0.229215712591842 0.5585954283873429
4.626819999994007 0.06644699281160105 0.19418879760336738
4.7055999999910245 0.2249135499129663 0.547508658527418
4.78336999998808 0.062388525443236476 0.18397254062891832
4.862149999985098 0.22073944554956848 0.5367554135911057
4.939919999982154 0.05844613390039066 0.17404567434686768
5.018699999979171 0.21668979393192123 0.5263258701863616
5.097479999976189 0.054406901064494084 0.16385702049591666
5.175249999973245 0.21276127032404446 0.5162107702826879
5.254029999970262 0.05070747965070122 0.15453635275972655
5.331799999967318 0.2089499009510094 0.506401794329181
5.410579999964336 0.04711277860537699 0.1454761391740056
5.488349999961391 0.20525233208159754 0.4968903050975304
5.567129999958409 0.04361994710903627 0.13666915662563506
5.644899999955465 0.20166459872539233 0.48766550044410106
5.723679999952482 0.04022599026788454 0.12810831268695866
5.801449999949538 0.19818312733213173 0.47871745795504683
5.880229999946556 0.03692806960791073 0.1197869263897533
5.9579999999436115 0.19480453077582782 0.4700370400066989
6.036779999940629 0.03372362843658483 0.1116988766049043
6.114549999937685 0.1915254301590077 0.4616150779439443
6.1933299999347025 0.03061009090004707 0.10383807400623501
6.27210999993172 0.18816454201617983 0.4529952123085823
6.349879999928776 0.027629428403070363 0.09619832006908524
6.428659999925793 0.18508747491882216 0.44509451584340276
6.506429999922849 0.0248685637442847 0.08877329856167293
6.585209999919867 0.18209815854907185 0.43741996208566114
6.662979999916923 0.02225934892323378 0.08155654024124548
6.74175999991394 0.17919345219456906 0.42996312650110946
6.819529999910996 0.01983343969591478 0.07454164910365435
6.8983099999080135 0.17637026028315883 0.4227157578494456
6.976079999905069 0.017612483018325076 0.06772225459107384
7.054859999902087 0.17362557729379924 0.4156698586632701
7.132629999899143 0.015583645734345453 0.06109190093995798
7.21140999989616 0.17095774495834182 0.4088188210583765
7.289179999893216 0.013761102460048578 0.05464401858975565
7.367959999890234 0.16836390135542545 0.4021578416408267
7.4457299998872895 0.012161904849261829 0.04837234720178607
7.524509999884307 0.16584200317830122 0.39568217607270917
7.602279999881363 0.01078560735060774 0.04227110791289457
7.68105999987838 0.16338998217643097 0.3893866959339465
7.758829999875436 0.00966549808509376 0.036334924967473814
7.837609999872454 0.1610058151010122 0.38326624688802546
7.916389999869471 0.008791463491531704 0.030228250084241015
7.994159999866527 0.15868767554585272 0.3773162088456461
8.072939999863545 0.00828711650282854 0.02463182413072751
8.1507099998606 0.15643382293756813 0.3715322423048839
8.229489999857618 0.008097303068836936 0.019184810861549995
8.307259999854674 0.1542425485098684 0.36591008293458405
8.386039999851691 0.008250752024606789 0.013882881895654897
8.463809999848747 0.15211207021163653 0.36044515747301054
8.542589999845765 0.008801494484791728 0.008722049575171642
8.62035999984282 0.15004047663678588 0.355132372424527
8.699139999839838 0.009844486169222288 0.003698516444172739
8.776909999836894 0.14802621968079654 0.34996767876602775
8.855689999833912 0.011506069976352618 0.0011914469165041908
8.933459999830967 0.14606794840927417 0.3449477013378721
9.012239999827985 0.01337246727748298 0.005951380640689674
9.09000999982504 0.14416421298585613 0.34006879202519436
9.168789999822058 0.015188586460788134 0.010584606970254207
9.246559999819114 0.14231347679402795 0.3353269714077234
9.325339999816132 0.016956286918309305 0.015094179391839102
9.403109999813188 0.1405143035800549 0.3307183732350061
9.481889999810205 0.018677838445089856 0.01948278933664449
9.559659999807261 0.13876533223550624 0.32623921059710126
9.638439999804278 0.02035245935953045 0.023752862737358438
9.717219999801296 0.13697487555720012 0.3216535172420043
9.794989999798352 0.021981121449742402 0.02790663914239433
9.87376999979537 0.1353302515627749 0.3174409576311543
9.951539999792425 0.023564673452795115 0.03194609753705002
10.030319999789443 0.13373218816178833 0.3133481182591491
10.108089999786499 0.02510400487815212 0.03587333349760469
10.186869999783516 0.13217957242806455 0.30937201147793747
10.264639999780572 0.026600065056319844 0.03969060102323452
10.34341999977759 0.13067126020540376 0.30550957719217564
10.421189999774645 0.028053840507008872 0.043400255808412336
10.499969999771663 0.12920607010078944 0.30175765536172294
10.577739999768719 0.02946634434181783 0.0470047280599073
10.656519999765736 0.12778278155720724 0.2981129652386283
10.734289999762792 0.03083908767663512 0.05050651153889474
10.81306999975981 0.12640020827266774 0.29457235143499627
10.890839999756865 0.03217381878130432 0.05390824234502434
10.969619999753883 0.12505719094472667 0.2911328002959679
11.047389999750939 0.03347050778404148 0.05721286434804407
11.126169999747956 0.12375258905677855 0.2877914326991804
11.203939999745012 0.03473034779942774 0.0604234800983483
11.28271999974203 0.12248528046950291 0.2845454751508991
11.360489999739086 0.03595448129467771 0.06354308154117305
11.439269999736103 0.1212541593826506 0.2813921889270321
11.51804999973312 0.03721074197799268 0.06674551306518062
11.595819999730177 0.1200581344477335 0.27832885857485
11.674599999727194 0.03836221127349726 0.06968006715919461
11.75236999972425 0.11889610570526399 0.2753527356378793
11.831149999721267 0.03948141698869556 0.07253248074777785
11.908919999718323 0.1177669938013064 0.2724611040312408
11.98769999971534 0.04056948517197978 0.0753056717935463
12.065469999712397 0.11666975110408917 0.2696513238811038
12.144249999709414 0.041627481751657425 0.07800242445009653
12.22201999970647 0.11560336450710497 0.26692086070192467
12.300799999703488 0.04265635950732383 0.08062523045685444
12.378569999700543 0.11456687384518029 0.26426728901065566
12.457349999697561 0.04365700167828146 0.08317637265555788
12.535119999694617 0.11355937159270191 0.2616882910410179
12.613899999691634 0.04463023866695093 0.08565797404911368
12.69166999968869 0.11257999570111865 0.25918165055992537
12.770449999685708 0.045576857911723945 0.08807203244001194
12.848219999682764 0.11162792267089172 0.25674524258016973
12.926999999679781 0.046497910399237785 0.09042044461788912
13.004769999676837 0.11070236183350324 0.25437702008741514
13.083549999673854 0.04739445005079279 0.09270502359832733
13.16131999967091 0.10980254998975136 0.2520750007394268
13.240099999667928 0.04826651467404486 0.09492750742962075
13.317869999664984 0.10892817489511741 0.24983724978538957
13.396649999662001 0.0491147765292691 0.0970895605576727
13.475429999659019 0.108029647520831 0.24753909479472425
13.553199999656075 0.04993988692858131 0.09919278834837897
13.631979999653092 0.10720630736443648 0.24543208303399178
13.709749999650148 0.05074247674885125 0.10123874956640133
13.788529999647166 0.10640570652308068 0.2433834048176542
13.866299999644221 0.0515231576246803 0.10322896628713885
13.945079999641239 0.10562720196299069 0.24139138061289866
14.022849999638295 0.05228252259993815 0.10516492529285548
14.101629999635312 0.10487017312493141 0.2394543983115449
14.179399999632368 0.05302114730388652 0.10704807589693166
14.258179999629386 0.10413402036160502 0.2375709051178232
14.335949999626441 0.05373959070044354 0.10887982904147497
14.414729999623459 0.10341816367489065 0.23573940235751545
14.492499999620515 0.054438395497282015 0.11066155727323945
14.571279999617532 0.10272204174197053 0.2339584419534746
14.649049999614588 0.05511808843947319 0.11239459465992585
14.727829999611606 0.10204511123875258 0.23222662413842077
14.805599999608662 0.05577918045639196 0.1140802365788729
14.88437999960568 0.10138684646240559 0.2305425967399355
14.962149999602735 0.056422166354187946 0.11571973872051
15.040929999599753 0.10074673919755306 0.22890505428094787
15.118699999596808 0.05704752318270201 0.11731431374970569
15.197479999593826 0.10012429931200428 0.22731273805250973
15.275249999590882 0.057655716296100334 0.1188651454404499
15.3540299995879 0.09951905184544284 0.22576442830846144
15.431799999584955 0.0582471983813313 0.12037338365435968
15.510579999581973 0.0989305337789721 0.22425893306405875
15.58935999957899 0.058854323053429976 0.12192185203914185
15.667129999576046 0.09835829005978235 0.22279507398056397
15.745909999573064 0.05941153165378954 0.12334268861026176
15.82367999957012 0.09780188517514486 0.2213717250432845
15.902459999567137 0.059953406901901984 0.12472441823196956
15.980229999564193 0.09726090249383723 0.21998781544078083
16.059009999561212 0.060480346817247455 0.1260680553990423
16.136779999558268 0.09673493474558748 0.21864230383099592
16.215559999555285 0.060992740392556866 0.12737459456432232
16.29332999955234 0.09622358421070265 0.21733417550126033
16.37210999954936 0.06149096875504634 0.1286450114942661
16.449879999546415 0.09572646267166884 0.21606244162821753
16.528659999543432 0.06197540511894317 0.12988026305961187
16.606429999540488 0.0952431912608559 0.21482613889785007
16.685209999537506 0.062446414685851326 0.13108128678614994
16.76297999953456 0.09477340042873128 0.21362432923279773
16.84175999953158 0.06290435463425204 0.13224900067672074
16.919529999528635 0.09431673003947216 0.21245609984437142
16.998309999525652 0.06334957418876652 0.13338430341447438
17.076079999522708 0.09387282972943312 0.2113205643694549
17.154859999519726 0.06378241468563994 0.13448807404267127
17.23262999951678 0.09344136052449059 0.2102168681910599
17.3114099995138 0.06420326799265585 0.13556117303933357
17.389179999510855 0.09302199273077061 0.20914417984222444
17.467959999507872 0.06461270272296626 0.13660444073101408
17.54673999950489 0.09259211868049111 0.20804514073173852
17.624509999501946 0.06501072332254143 0.1376186897645182
17.703289999498963 0.09219753922856322 0.20703596081446118
17.78105999949602 0.06539763699524681 0.138604705982448
17.859839999493037 0.09181403929060405 0.20605518867716777
17.937609999490093 0.06577374360233201 0.13956325284772975
18.01638999948711 0.09144131796775379 0.2051020532208292
18.094159999484166 0.06613933565663721 0.14049507346587387
18.172939999481184 0.09107908133683684 0.20417580011374836
18.25070999947824 0.06649469838177846 0.14140089147041124
18.329489999475257 0.09072704245634944 0.2032756920886336
18.407259999472313 0.06684010986859168 0.14228141156613638
18.48603999946933 0.09038492128320341 0.2024010087976702
18.563809999466386 0.06717584128223919 0.1431373205548092
18.642589999463404 0.09005244449704664 0.20155104648218458
18.72035999946046 0.0675021570109624 0.14396928733984016
18.799139999457477 0.0897293451760065 0.20072511716378028
18.876909999454533 0.0678193146831475 0.14477796207034155
18.95568999945155 0.08941536197301148 0.19992254579459523
19.033459999448606 0.06812756561336608 0.14556397822382827
19.112239999445624 0.08911023995480127 0.19914267301318622
19.19000999944268 0.06842715492020446 0.14632795362369277
19.268789999439697 0.0888137318050406 0.1983848599853899
19.347569999436715 0.06873454416417357 0.14711184707083547
19.42533999943377 0.08852559717469488 0.19764848719691086
19.504119999430788 0.06901638876126825 0.1478306462101009
19.581889999427844 0.08824560237748702 0.19693295316344228
19.66066999942486 0.06929031955471188 0.14852929776775214
19.738439999421917 0.08797352015132465 0.19623767337775266
19.817219999418935 0.06955655494245327 0.14920835517172604
19.89498999941599 0.0877091294456186 0.1955620796335822
19.97376999941301 0.06981530754390841 0.14986835747933247
20.051539999410064 0.08745221523623037 0.19490561946519103
20.13031999940708 0.0700667843369821 0.15050982965715276
20.208089999404137 0.0872025683592309 0.19426775567233934
20.286869999401155 0.07031118679439574 0.15113328289714234
20.36463999939821 0.08695998534872362 0.19364796589304012
20.44341999939523 0.07054871101884652 0.15173921494221476
20.521189999392284 0.08672426828708468 0.1930457422177012
20.5999699993893 0.07077954787245377 0.15232811039558314
20.677739999386358 0.08649522465569603 0.192460590803456
20.756519999383375 0.07100388311216144 0.15290044105321643
20.83428999938043 0.08627266719428672 0.19189203150961065
20.91306999937745 0.07122189751757335 0.15345666622629262
20.990839999374504 0.08605641375460626 0.1913395975108867
21.069619999371522 0.07143376702348869 0.15399723306701585
21.147389999368578 0.08584628715246323 0.19080283488779326
21.226169999365595 0.07163966285012346 0.15452257689548832
21.304949999362613 0.08563109591783602 0.190253324733336
21.38271999935967 0.07183975163711576 0.15503312151378124
21.461499999356686 0.08543349597283678 0.18974859194669236
21.539269999353742 0.07203419558979429 0.1555292795332952
21.61804999935076 0.08524148419573896 0.18925815142567526
21.695819999347815 0.07222315273375468 0.15601145293231422
21.774599999344833 0.08505490325760223 0.18878160068833694
21.85236999934189 0.07240677695465558 0.15648003314936432
21.931149999338906 0.08487373142336119 0.18831854704849382
22.008919999335962 0.07258521763541192 0.15693540054798616
22.08769999933298 0.08469768567405711 0.18786860904982383
22.165469999330035 0.07275861980528875 0.15737792389408645
22.244249999327053 0.08452662095174535 0.1874314162474744
22.32201999932411 0.07292712438297988 0.15780796137746522
22.400799999321126 0.08436039709014442 0.1870066088310307
22.478569999318182 0.07309086837103107 0.1582258613039622
22.5573499993152 0.08419887790366509 0.1865938372777043
22.635119999312256 0.07324998497191026 0.1586319623886001
22.713899999309273 0.08404193105755753 0.18619276205181778
22.79166999930633 0.07340460369468904 0.15902659404301023
22.870449999303347 0.08388942794447796 0.185803053289757
22.948219999300402 0.07355485045909538 0.15941007663798912
23.02699999929742 0.0837412435725089 0.18542439049317183
23.105779999294437 0.07370880937563118 0.159803011317472
23.183549999291493 0.08359725645781257 0.1850564622365325
23.26232999928851 0.07385011018335197 0.160163677012104
23.340099999285567 0.08345734852014364 0.1846989658861875
23.418879999282584 0.07398742189183305 0.16051416838113175
23.49664999927964 0.08332140498391194 0.18435160733525358
23.575429999276658 0.0741208560609754 0.1608547694670448
23.653199999273713 0.08318931428450838 0.1840141007577567
23.73197999927073 0.07425052117244346 0.16118575651458134
23.809749999267787 0.08306096797518159 0.18368616835964247
23.888529999264804 0.0743765227120814 0.16150739817452076
23.96629999926186 0.08293626063979476 0.1833675401482049
24.045079999258878 0.07449896325152228 0.1618199557064215
24.122849999255934 0.08281508980487995 0.1830579537043464
24.20162999925295 0.07461794252929821 0.16212368318350157
24.279399999250007 0.08269735586040883 0.18275715396988135
24.358179999247024 0.07473355752689137 0.1624188276763472
24.43594999924408 0.08258296197902248 0.1824648930389916
24.514729999241098 0.07484590254331314 0.1627056294472351
24.592499999238154 0.08247181403563275 0.18218092995208046
24.67127999923517 0.07495506926898154 0.1629843221314098
24.749049999232227 0.08236382053643976 0.18190503050198314
24.827829999229245 0.07506114685472642 0.16325513290781357
24.906609999226262 0.08225312609223012 0.181622302375406
24.984379999223318 0.07516422198450456 0.16351828268594826
25.063159999220336 0.08215158579715964 0.18136289532107996
25.14092999921739 0.07526437893907323 0.163773986266047
25.21970999921441 0.08205292195516789 0.18111084059100335
25.297479999211465 0.07536169966352235 0.16402245250619618
25.376259999208482 0.08195705359624894 0.18086593097363934
25.454029999205538 0.07545626383110382 0.1642638844876254
25.532809999202556 0.08186390200879068 0.18062796505565748
25.61057999919961 0.07554814890324868 0.1644984796644433
25.68935999919663 0.08177339067602207 0.18039674705450093
25.767129999193685 0.07563743019388114 0.1647264300298601
25.845909999190702 0.08168544521739307 0.1801720866661638
25.92367999918776 0.0757241809231819 0.16494792224680532
26.002459999184776 0.08159999332680146 0.17995379890328733
26.08022999918183 0.07580847228081844 0.165163137813773
26.15900999917885 0.08151696471676784 0.17974170395643752
26.236779999175905 0.07589037347714234 0.1653722531896551
26.315559999172923 0.08143629105992889 0.1795356270413273
26.39332999916998 0.07596995180056176 0.16557543994313306
26.472109999166996 0.08135790593786607 0.17933539826437972
26.54987999916405 0.07604727267083922 0.16577286488215215
26.62865999916107 0.08128174478612737 0.1791408524857152
26.707439999158087 0.07612655798487467 0.16597527876035523
26.785209999155143 0.08120774483868265 0.17895182916929375
26.86398999915216 0.07619925932071059 0.16616091270632571
26.941759999149216 0.08113584507908911 0.1787681722615564
27.020539999146234 0.0762699021239549 0.1663412921406593
27.09830999914329 0.08106598619252015 0.17858973006632528
27.177089999140307 0.07633854431846265 0.1665165647780409
27.254859999137363 0.08099811052519468 0.17841635513952125
27.33363999913438 0.07640524221570877 0.16668687422187745
27.411409999131436 0.08093216203570353 0.17824790416401948
27.490189999128454 0.07647005056248346 0.1668523600836136
27.56795999912551 0.08086808625198039 0.1780842378418579
27.646739999122527 0.07653302258212447 0.16701315809174444
27.724509999119583 0.08080583022345178 0.17792522077028083
27.8032899991166 0.07659421001888356 0.1671694002084445
27.881059999113656 0.08074534247923904 0.17777072133133842
27.959839999110674 0.0766536631805298 0.1673212147250136
28.03760999910773 0.08068657297794724 0.1776206115695511
28.116389999104747 0.07671143097527877 0.16746872636165255
28.194159999101803 0.08062947305628554 0.1774747670585608
28.27293999909882 0.07676756096444626 0.16761205643341937
28.350709999095876 0.08057399542403587 0.17733306688689776
28.429489999092894 0.07682209938479934 0.1677513229044192
28.50826999908991 0.08051709002361063 0.17718775062198766
28.586039999086967 0.07687509117700586 0.16788664045666035
28.664819999083985 0.0804649316380357 0.1770545285874725
28.74258999908104 0.07692658001927677 0.1680181205677811
28.82136999907806 0.08041425195556595 0.1769250839487091
28.899139999075114 0.07697660836317188 0.16814587159590388
28.97791999907213 0.08036500919178402 0.17679930992918758
29.055689999069187 0.07702521746808566 0.1682699988590719
29.134469999066205 0.08031716274126699 0.17667710277022852
29.21223999906326 0.07707244743382202 0.16839060472014777
29.29101999906028 0.08027067314206715 0.17655836163997796
29.368789999057334 0.07711833723227646 0.168507788666028
29.447569999054352 0.0802255020446001 0.17644298854833096
29.525339999051408 0.07716292473976649 0.16862164738777885
29.604119999048425 0.08018161217997866 0.17633088827215815
29.68188999904548 0.0772062467664203 0.1687322748570308
29.7606699990425 0.08013896732845294 0.1762219682697852
29.838439999039554 0.07724833908823092 0.16883976240807952
29.917219999036572 0.08009753229112115 0.17611613860871733
29.994989999033628 0.0772892364728216 0.16894419879986966
30.073769999030645 0.08005727286194486 0.17601331189479597
30.1515399990277 0.07732897270917527 0.16904567029629725
30.23031999902472 0.08001815579770433 0.17591340319554893
