0.0010100000000000022 0.4775168853635112 1.1914121789007415
0.07940000000000902 0.2559575567257055 0.6648358225893602
0.15879500000008842 0.4426577290897047 1.118547163938144
0.23718500000016682 0.23639033991273095 0.6121565353663705
0.3155749999998812 0.41754433583782063 1.0520961650269944
0.39396499999952445 0.21785224158254335 0.5671023460586233
0.4723549999991677 0.3953958681239825 0.994017845351447
0.5507449999993743 0.20056626151371057 0.5242924795378245
0.6291349999998879 0.3753948399910251 0.9420146337217994
0.7075250000004014 0.18437703409162143 0.4839879048517126
0.785915000000915 0.35715546243976537 0.8946895517575437
0.8643050000014285 0.16918950716577907 0.4461044669190395
0.9426950000019421 0.3403905875608043 0.8512361059086593
1.0210850000024556 0.15493113649625156 0.4104904295983536
1.0994750000029692 0.3248882811380569 0.811087330839444
1.1778650000034827 0.14153610581470033 0.3769994469728255
1.2562550000039963 0.3104931962989902 0.7738262796486595
1.3346450000045098 0.12894270592623713 0.34548707172987747
1.4130350000050234 0.29708892732166237 0.7391458212744229
1.491425000005537 0.11709278056714545 0.31580966510116326
1.5698150000060505 0.28457934816037633 0.7067967062597713
1.648205000006564 0.10593484620675632 0.287842206145561
1.7265950000070776 0.2728838089058082 0.6765645638328821
1.804985000007591 0.09542323594150515 0.2614767858440614
1.8833750000081046 0.26192696128989346 0.6482536846406206
1.9617650000086182 0.08551601546181453 0.2366159136863999
2.0401550000073483 0.251644343752081 0.6216942222840638
2.1185450000043806 0.07617373877702482 0.21316328541566287
2.196935000001413 0.2419812087676203 0.5967416306915774
2.2753249999984453 0.06736057750146507 0.19103109391979123
2.3537149999954776 0.23289215169598154 0.5732779488054729
2.431099999992548 0.05928448831987276 0.17075518211435714
2.5094899999895803 0.22458865517404736 0.5518358023539727
2.5878799999866127 0.051449659614759564 0.1510665984253423
2.666269999983645 0.2165525375223175 0.5311056001884973
2.7446599999806773 0.04405227350303409 0.1324679513332594
2.8230499999777097 0.20898653420943783 0.5115988868074628
2.901439999974742 0.037066069940835056 0.11489256100588596
2.9798299999717743 0.2018602489761637 0.49323735151672876
3.0582199999688067 0.03046645439028162 0.09827962836139736
3.136609999965839 0.195146335922195 0.47594843723930413
3.2149999999628713 0.024243878331303814 0.08257351725622364
3.2933899999599037 0.18881771618166976 0.45965964049351493
3.371779999956936 0.01876307755932971 0.06772503749399306
3.4501699999539683 0.1828497193895422 0.4443049916309061
3.5275549999510387 0.014204067379235184 0.05408615200378497
3.605944999948071 0.1773835604913251 0.43024064546505203
3.6843349999451034 0.010447101890014188 0.04084781126925119
3.7627249999421357 0.1720852432465202 0.416612773155578
3.841114999939168 0.007819526885689987 0.02832455351249319
3.9195049999362004 0.16708302225193172 0.40375089578689183
3.9978949999332327 0.0067364176744354465 0.01647449475675744
4.076284999930265 0.16235907007252937 0.3916086606105762
4.154674999927297 0.007614491880035157 0.00525934550477114
4.23306499992433 0.15789691683029794 0.3801431794682064
4.311454999921362 0.011215927518917757 0.005356176236470667
4.389844999918394 0.1536810383057421 0.3693137949382419
4.468234999915427 0.01516339612726314 0.015404762209769718
4.545619999912497 0.14980928831982954 0.3593694257862934
4.624009999909529 0.018783334820540065 0.024621037756766828
4.702399999906562 0.14605611089785786 0.3497344911843614
4.780789999903594 0.02231076560700951 0.033600639946562705
4.859179999900626 0.14250878304479409 0.34063014256831003
4.937569999897659 0.025651624813779028 0.04210166313501906
5.015959999894691 0.1391573204730332 0.3320270140619974
5.094349999891723 0.02881303548908953 0.050148357228452234
5.172739999888756 0.1359897563455339 0.32389784830165746
5.251129999885788 0.03180373613762422 0.05776233950355314
5.32951999988282 0.13299623984898845 0.3162166831468638
5.407909999879853 0.03463209609035123 0.06496395159627522
5.485294999876923 0.13024516769010763 0.30915566519789106
5.5636849998739555 0.03722870886193652 0.07156812015622904
5.642074999870988 0.12758026004417844 0.3023189417126204
5.72046499986802 0.03975223009189299 0.07798731797221681
5.7988549998650525 0.12506209475583518 0.2958593620249639
5.877244999862085 0.04213797688000109 0.08405681704488632
5.955634999859117 0.12268272191609488 0.28975662291618187
6.0340249998561495 0.044393378157251195 0.08979562673367969
6.112414999853182 0.12043466436822371 0.28399179247589057
6.190804999850214 0.0465256423620275 0.095222299209341
6.2691949998472465 0.11831086467214258 0.2785469893242687
6.347584999844279 0.04854183699927417 0.10035502459105894
6.425974999841311 0.1163045636546135 0.2734049838272523
6.5033599998383815 0.05039240777221521 0.10506705091297697
6.581749999835414 0.11446864700568825 0.2686993376179059
6.660139999832446 0.052192214892923805 0.10964696265888252
6.7385299998294785 0.11268339401167171 0.26412518995810874
6.816919999826511 0.05389458815007275 0.11398030204513576
6.895309999823543 0.1109969381582141 0.2598043197297728
6.9736999998205755 0.055504699617050623 0.11808003400113343
7.052089999817608 0.10940346997686135 0.2557228253603605
7.13047999981464 0.05702742750721057 0.1219583773301558
7.2088699998116725 0.10789793743094932 0.25186757563114837
7.287259999808705 0.05846738272217944 0.1256268605573152
7.365649999805737 0.10647555213706994 0.24822609830513764
7.443034999802808 0.059789980896850614 0.12899716135573724
7.52142499979984 0.10517281539584034 0.24489057963188454
7.599814999796872 0.06107371825541919 0.13226895212929968
7.678204999793905 0.1039065351335422 0.24164984045421667
7.756594999790937 0.0622875937364874 0.1353631486974094
7.834984999787969 0.10271002860613876 0.23858801170821842
7.913374999785002 0.0634352134673063 0.13828880702271285
7.991764999782034 0.1015795996861043 0.23569554442820495
8.070154999779067 0.06451997623206329 0.14105450460540903
8.1485449997761 0.10051176927632055 0.23296350162889112
8.226934999773132 0.06554514154767477 0.14366851411651282
8.305324999770164 0.09950322407370261 0.2303833812046352
8.382709999767235 0.06648720175975009 0.1460710094161488
8.461099999764267 0.09857888584932582 0.22801822772259284
8.5394899997613 0.06739989133073365 0.14839865808196073
8.617879999758332 0.09768186723552875 0.22572385145236407
8.696269999755364 0.06826236687268716 0.1505982201349232
8.774659999752396 0.09683473795348962 0.22355726103776563
8.853049999749429 0.06907783491950037 0.15267646127424817
8.93143999974646 0.09603479832731987 0.22151151426980098
9.009829999743493 0.06984816963429785 0.1546398302213592
9.088219999740526 0.09527948685413445 0.21958003229272105
9.166609999737558 0.07057579064484487 0.15649446877848971
9.24499999973459 0.09456637330090012 0.21775657995669606
9.323389999731623 0.07126299761372556 0.1582462200357182
9.400774999728693 0.09391215885264714 0.21608338729804943
9.479164999725725 0.07189219659493595 0.15985034344911941
9.557554999722758 0.09327828706158459 0.21446278719261525
9.63594499971979 0.07250350118824844 0.161408824113618
9.714334999716822 0.09267980582087121 0.21293277577407732
9.792724999713855 0.07308085688500776 0.1628808686974681
9.871114999710887 0.09211477700523385 0.21148838534547076
9.94950499970792 0.07362610546283554 0.1642711583953127
10.027894999704952 0.09158136476352152 0.21012490765163205
10.106284999701984 0.0741409902111575 0.16558412197758
10.184674999699016 0.091077832227494 0.20883788882709586
10.263064999696049 0.07462716339199504 0.16682395804272776
10.341454999693081 0.09060253540427976 0.20762311412807488
10.418839999690151 0.07507286878038333 0.1679607942632555
10.497229999687184 0.09016785458651644 0.2065119190317044
10.575619999684216 0.07550513825470317 0.16906330073613862
10.654009999681248 0.08974545187567706 0.20543246682345195
10.73239999967828 0.07591331993002637 0.17010443664724484
10.810789999675313 0.089346701871312 0.20441351460367407
10.889179999672345 0.07629872951107641 0.1710875477873297
10.967569999669378 0.08897037094553317 0.203451722196335
11.04595999966641 0.07666261327886403 0.17201580388684912
11.124349999663442 0.08861534409379324 0.202543929246346
11.202739999660475 0.07700615155687385 0.17289220747367384
11.281129999657507 0.08828025047940813 0.201687145845586
11.358514999654577 0.07732154760772847 0.17369696649806032
11.43690499965161 0.08797333287168907 0.20090224585617156
11.515294999648642 0.0776268914060686 0.17447600473597946
11.593684999645674 0.08767558923999996 0.2001410371931467
11.672074999642707 0.07791518613744752 0.1752115814275701
11.750464999639739 0.08739453106388395 0.1994225170018793
11.828854999636771 0.07818736820099359 0.17590608021398335
11.907244999633804 0.08712923571619646 0.198744321804889
11.985634999630836 0.07844432378674604 0.1765617572099032
12.064024999627868 0.08687883067463542 0.19810421674599787
12.1424149996249 0.07868689146073593 0.17718074759127678
12.220804999621933 0.08664249088181664 0.1975000888109535
12.299194999618965 0.0789158646261483 0.17776507182719614
12.376579999616036 0.08642567893891606 0.19694576622071303
12.454969999613068 0.079125481149106 0.17830010103184746
12.5333599996101 0.08621570852253857 0.19640908633957732
12.611749999607133 0.07932898050447945 0.17881945345110672
12.690139999604165 0.08601750748649528 0.19590250531756892
12.768529999601197 0.07952109477970537 0.17930976842828183
12.84691999959823 0.08583042418534503 0.195424355071383
12.925309999595262 0.07970245193221215 0.17977264592642372
13.003699999592294 0.08565384248129437 0.19497305861576608
13.082089999589327 0.07987364598092717 0.18020959963749306
13.160479999586359 0.08548717984156984 0.19454712518325312
13.238869999583391 0.08003523879270125 0.1806220614988474
13.317259999580424 0.08532988553583576 0.1941451456246801
13.394644999577494 0.08018341013650876 0.18100033877335164
13.473034999574526 0.08518598412255296 0.19377731926633057
13.551424999571559 0.08032700245698365 0.18136687512265715
13.629814999568591 0.08504622779421012 0.19342018473677003
13.708204999565623 0.08046255829049476 0.18171290897353032
13.786594999562656 0.08491430906350539 0.19308308861799572
13.864984999559688 0.08059052217606111 0.1820395735839142
13.94337499955672 0.08478979294760691 0.19276491799358197
14.021764999553753 0.08071131433491019 0.18234794010345556
14.100154999550785 0.08467226831144237 0.1924646208497971
14.178544999547817 0.08082533200923137 0.18263902109987296
14.25693499954485 0.08456134660499215 0.19218120297657126
14.335324999541882 0.080932950734803 0.1829137738537101
14.412709999538952 0.0844596996935496 0.1919214339546782
14.491099999535985 0.08103136069442285 0.18316506560084322
14.569489999533017 0.08436114834935848 0.19166963906355194
14.64787999953005 0.08112700013368823 0.18340924527082691
14.726269999527082 0.0842681202890625 0.19143196118076578
14.804659999524114 0.08121728409376272 0.183639757349352
14.883049999521146 0.0841803092018456 0.19120761677285936
14.961439999518179 0.08130250895177071 0.18385735758227328
15.039829999515211 0.08409742559802713 0.19099586540363145
15.118219999512243 0.08138295488448988 0.18406276047217007
15.196609999509276 0.08401919589595463 0.19079600738820535
15.274999999506308 0.08145888674375379 0.18425664150267806
15.352384999503379 0.08394738778490896 0.19061252023543362
15.43077499950041 0.08152843605765814 0.18443426004048913
15.509164999497443 0.08387788469328217 0.1904349643144676
15.587554999494476 0.08159591055671778 0.18460655092170652
15.665944999491508 0.08381227481593345 0.19026735656160199
