0.001020000000000002 0.4774933465080145 1.1913997004642574
0.08384000000000019 0.36193839717421317 0.9305807723994031
0.16868000000002792 0.45073105936565505 1.140651912497792
0.25049000000010974 0.3614199223333545 0.9137281624466254
0.33331000000019256 0.4430473679109776 1.118201229147131
0.4181500000002774 0.355766939854805 0.9108833132431604
0.4989500000003582 0.43706089896134237 1.0915976017546125
0.5837899999999779 0.35239318945879805 0.9099663531177637
0.666609999999601 0.4303467630793507 1.068929211636438
0.7494299999992241 0.3499925219810758 0.9030581845797081
0.8322499999988472 0.4239448767744046 1.0545043059172587
0.9150699999984703 0.34748185088519523 0.8954597600513536
0.9988999999980888 0.41758775461762326 1.037942064858366
1.0817199999986191 0.3439964073782834 0.888603011892497
1.1645399999991617 0.412496683511175 1.0222672028638802
1.2473599999997043 0.34096719774338946 0.8833853680534909
1.3301800000002468 0.40741007815170227 1.0074865070797578
1.414010000000796 0.33753478896124955 0.8758404405654008
1.4968300000013386 0.4018817986575265 0.9927393801829165
1.5796500000018812 0.33480596997230405 0.8695413454333556
1.6624700000024237 0.3970974550922478 0.9798261297482402
1.7452900000029663 0.331961719891689 0.8632798987571855
1.8281100000035089 0.39245250860198116 0.9669672557837461
1.911940000004058 0.3285650611882057 0.8558065996242203
1.9947600000046006 0.3874908748229122 0.9533223785660128
2.077580000005143 0.3257973061010597 0.849706742809786
2.1604000000056858 0.3831446953228651 0.9414861710106304
2.2432200000062283 0.32301060757667277 0.8434013896433057
2.326040000006771 0.3788597387186513 0.9299001290578701
2.4088600000073135 0.3201949087487125 0.8369956230737885
2.4926900000078627 0.3741878996176706 0.9173376403971645
2.5755100000084052 0.31697905844420926 0.8295700777173898
2.658330000008948 0.37017872269934593 0.9064758114086358
2.7411500000094904 0.3142585995486039 0.823359778309074
2.823970000010033 0.36622190829322276 0.8958133357035436
2.9067900000105755 0.31152591360408965 0.8170576477747105
2.989610000011118 0.3623192943413468 0.8853475151173185
3.0724300000116607 0.30878383006570087 0.8106871325412657
3.15626000001221 0.35803200501594123 0.8739531149881019
3.2390800000127524 0.3056651586863397 0.8033094647343919
3.321900000013295 0.3543588868731833 0.8641390877289545
3.4047200000138376 0.30302440610010484 0.7971289895630451
3.48754000001438 0.35073778569303293 0.8544948798370866
3.5703600000149227 0.3003806187102426 0.7909052258458837
3.6531800000154653 0.34716969376728524 0.8450229276153798
3.736000000016008 0.2977380122135138 0.7846512260334393
3.8188200000165504 0.34365583090028173 0.8357221403415216
3.9026500000170996 0.29466779825547085 0.777255073684413
3.985470000017642 0.3397968255574787 0.8255893474636178
4.068290000015152 0.2921290802462726 0.7712083827145277
4.151110000012016 0.3364819238105432 0.8168461786922099
4.233930000008881 0.28959602518697425 0.7651534296275964
4.3167500000057455 0.3332143073093128 0.8082458295587402
4.39957000000261 0.28707107669741005 0.7590991603418584
4.482389999999475 0.32999282778572914 0.7997818860669192
4.565209999996339 0.2845561800498446 0.7530533540588746
4.648029999993204 0.32681661615290514 0.7914491764812848
4.730849999990069 0.2820529648217933 0.7470221751767703
4.814679999986895 0.32324379132162573 0.78214843131309
4.89749999998376 0.2791714340668313 0.7399841227132442
4.980319999980624 0.32022849168375533 0.7742515410780526
5.063139999977489 0.2767655198768547 0.7341713484286916
5.1459599999743535 0.3172529076835853 0.7664682544825108
5.228779999971218 0.2743713557863514 0.7283762725958542
5.311599999968083 0.3143171043817463 0.7587960893373435
5.394419999964947 0.2719898739108605 0.7226024387821828
5.477239999961812 0.3114198033086538 0.7512322018507378
5.560059999958677 0.2696218326181111 0.7168529218075204
5.642879999955541 0.30856033980305575 0.7437738344579281
5.725699999952406 0.26726786770759037 0.7111302257678642
5.8085199999492705 0.30573793104338176 0.736418146517881
5.891339999946135 0.264928526801153 0.70543640722871
5.9751699999429615 0.30252708030524644 0.7281184599941648
6.057989999939826 0.26221997657250495 0.6987636287823951
6.140809999936691 0.29982816144253266 0.7210915251788963
6.223629999933555 0.2599630499080732 0.6932633583379144
6.30644999993042 0.2971585976562424 0.7141451011215438
6.389269999927285 0.25771937772194387 0.6877906496126074
6.472089999924149 0.2945169313284357 0.707274532873714
6.554909999921014 0.2554893948024942 0.6823473094930477
6.6377299999178785 0.2919019789047528 0.7004761695890149
6.720549999914743 0.25327352746053544 0.6769349169748029
6.803369999911608 0.2893127339454844 0.6937470328155948
6.886189999908472 0.2510721668659992 0.671554867465729
6.969009999905337 0.2867484096273544 0.687084707074459
7.051829999902202 0.2488856645479086 0.6662084590267403
7.134649999899066 0.2842085655183991 0.6804876455361653
7.217469999895931 0.24671435118497365 0.6608969362805306
7.3002899998927955 0.28169340631215123 0.6739560666044975
7.38310999988966 0.24455855184826358 0.655621328649969
7.465929999886525 0.27920336383195654 0.6674908463802476
7.548749999883389 0.24241857396136357 0.6503824373539691
7.632579999880216 0.27635816762074705 0.6601637148739403
7.71539999987708 0.23994294407927563 0.6442633332412906
7.798219999873945 0.2739525698548192 0.6539174199801434
7.88103999987081 0.23786835008566976 0.6391838963119123
7.963859999867674 0.2715702777189538 0.6477323578211958
8.046679999864539 0.2358084945826756 0.6341386239071212
8.129499999861403 0.2692112465025983 0.6416084659155996
8.212319999858268 0.2337636431137288 0.6291279750605061
8.295139999855133 0.2668752111123327 0.6355451906354226
8.377959999851997 0.23173405671016034 0.6241524840765678
8.460779999848862 0.2645620200425435 0.6295416743033244
8.543599999845727 0.22971996081435764 0.6192128656730134
8.626419999842591 0.2622718217272797 0.6235972895722086
8.709239999839456 0.22772151063126922 0.6143097803136266
8.79205999983632 0.26000383966550644 0.6177113192420647
8.874879999833185 0.22573881911878402 0.6094437080238824
8.95769999983005 0.25775785141207175 0.6118831016416637
9.040519999826914 0.2237719772792438 0.604615026606492
9.123339999823779 0.25553354800509487 0.6061117469058463
9.206159999820644 0.2218210772463555 0.5998241416825811
9.288979999817508 0.2533306779621306 0.6003965979620385
9.371799999814373 0.2198862212220226 0.595071390512325
9.454619999811237 0.2511492211370563 0.5947376898008394
9.537439999808102 0.2179675439019586 0.5903570149075055
9.620259999804967 0.24898941787246387 0.5891357701846567
9.703079999801831 0.21606520803084872 0.5856813186821297
9.785899999798696 0.246851806252721 0.5835923331785287
9.86871999979556 0.21417938128432246 0.5810445863717262
9.951539999792425 0.2447373416689529 0.5781098205933088
10.03435999978929 0.21231026646465392 0.5764473168590412
10.117179999786154 0.24264789325357264 0.5726931314689265
10.199999999783019 0.21045806408177534 0.571889531231895
10.282819999779884 0.2405846427873951 0.5673457775558277
10.365639999776748 0.2086228831856525 0.5673710399926035
10.449469999773575 0.238212488603909 0.5612606114000385
10.531279999770478 0.20680453930213902 0.5628912484879844
10.615109999767304 0.2362137486264221 0.5560845763069033
10.697929999764169 0.20469828057348313 0.5576539389489987
10.780749999761033 0.23423690194820124 0.5509665734527158
10.863569999757898 0.20292490481902703 0.5532811972654095
10.946389999754762 0.23228072971161395 0.5459028397596266
11.029209999751627 0.2011663457849118 0.5489438956737702
11.112029999748492 0.23034433144259003 0.5408905696195121
11.194849999745356 0.19942261445904585 0.5446426500698043
11.277669999742221 0.228427148358302 0.5359275872166225
11.360489999739086 0.19769389781943303 0.5403788475010995
11.44330999973595 0.2265288375721085 0.5310125312941949
11.526129999732815 0.19598002195252692 0.5361522540148655
11.60894999972968 0.224649114808518 0.5261448453535267
11.691769999726544 0.1942809023112344 0.5319625191279709
11.774589999723409 0.22278776019375068 0.5213242365157189
11.857409999720273 0.1925964827727512 0.5278093523240601
11.940229999717138 0.22094487169407007 0.5165507521747825
12.023049999714003 0.19092649713173726 0.5236917541817321
12.105869999710867 0.2191207834695944 0.5118247653107533
12.188689999707732 0.18927096401061716 0.5196096246015025
12.271509999704596 0.21731516846584154 0.5071474906622742
12.354329999701461 0.18762954166647605 0.5155614124612851
12.437149999698326 0.21552815466169814 0.5025200695553456
12.51996999969519 0.1860022513192393 0.51154662637658
12.602789999692055 0.21375971485269496 0.4979427557685434
12.68560999968892 0.18438919983432212 0.5075656301873566
12.768429999685784 0.2120097713476743 0.49341503841683343
12.851249999682649 0.18279041100540228 0.5036189785118661
12.934069999679513 0.21027813444201934 0.48893585565039643
13.016889999676378 0.1812059311412656 0.49970735614052186
13.099709999673243 0.20856431423509225 0.48450335436235337
13.182529999670107 0.17963579816416486 0.49583144774795196
13.265349999666972 0.20686774576565203 0.48011553252839123
13.348169999663837 0.1780799276452485 0.4919914954804594
13.430989999660701 0.2051879926405168 0.47577091128016
13.513809999657566 0.17653820508225226 0.4881873982482965
13.59662999965443 0.2035246612900269 0.4714683567310307
13.679449999651295 0.17501053013632617 0.48441896331558043
13.76226999964816 0.20187738685380252 0.46720691356957333
13.845089999645024 0.17349671185199167 0.4806857051372515
13.927909999641889 0.20024582372736932 0.46298574242579216
14.010729999638754 0.1719964864656488 0.47698685792643136
14.093549999635618 0.1986296316963807 0.4588041661180653
14.176369999632483 0.17050953810135083 0.47332136134089486
14.259189999629347 0.19702845179724005 0.4546616430416983
14.342009999626212 0.16903550883371654 0.46968787063998985
14.424829999623077 0.19544191512101064 0.4505576209712703
14.507649999619941 0.1675741321607681 0.4660852716376396
14.590469999616806 0.1938696770609838 0.4464914615842419
14.67328999961367 0.16612519828868844 0.46251280624066693
14.756109999610535 0.19231143649235904 0.4424624287342138
14.8389299996074 0.16468851761698822 0.45896997192076405
14.921749999604264 0.19076692353118463 0.4384697451167652
15.004569999601129 0.16326393486651591 0.45545642626174665
15.087389999597994 0.18923588124361868 0.4345126538302435
15.170209999594858 0.161851360534227 0.4519720166077157
15.253029999591723 0.1877180678601652 0.4305903796296695
15.335849999588588 0.16045068021562314 0.44851654145191544
15.418669999585452 0.18621326189616827 0.42670215466953376
15.501489999582317 0.1590617502551741 0.44508976261284916
15.584309999579181 0.18472125621192814 0.4228472349730117
15.667129999576046 0.15768440318593624 0.4416913988464666
15.74994999957291 0.18324259217342453 0.4190249645598554
15.832769999569775 0.15631847429402446 0.43832114594177796
15.91558999956664 0.18177640889265123 0.41523475188098846
15.998409999563505 0.15496383017532744 0.4349787252730608
16.08122999956037 0.18032246264400087 0.41147614414797085
16.164049999557236 0.1536203560746744 0.43166386847782734
16.2468699995541 0.17888060170068643 0.407748762415161
16.329689999550965 0.152287924953472 0.4283762551095638
16.41250999954783 0.17745068050871227 0.40405226986183207
16.495329999544694 0.15096637369603716 0.4251154280041747
16.57814999954156 0.17603255286838881 0.40038636600780997
16.660969999538423 0.14965557138427998 0.42188096042373724
16.743789999535288 0.17462607707742528 0.3967507760259448
16.826609999532153 0.1483554121491658 0.41867251226315183
16.909429999529017 0.17323112432494747 0.393145188138333
16.99123999952592 0.1472998765075062 0.41609190986334754
17.075069999522746 0.1718475834868941 0.3895692481899027
17.15687999951965 0.14602457069766017 0.4129446829653438
17.239699999516514 0.1707212931976111 0.386617863792027
17.32251999951338 0.14475993075690108 0.40982385564606316
17.405339999510243 0.16936421253923672 0.38311004921088854
17.488159999507108 0.14350596356552947 0.4067295679490601
17.570979999503972 0.16801840333104912 0.3796311440635636
17.653799999500837 0.1422626370048099 0.403661859557658
17.7366199994977 0.16668379649998977 0.3761808509440856
17.819439999494566 0.1410298782749193 0.4006206520814404
17.90225999949143 0.1653603261395835 0.37275892358906715
17.985079999488295 0.1398075894274744 0.39760574478364674
18.06789999948516 0.16404792213471575 0.36936517192651674
18.150719999482025 0.13859565068635504 0.39461681903791845
18.23353999947889 0.16274650622327413 0.365999427775765
18.316359999475754 0.13739392854732735 0.3916534806291394
18.39917999947262 0.1614559896154617 0.3626615162123148
18.481999999469483 0.13620229411594076 0.3887153337593041
18.564819999466348 0.16017626593435452 0.35935122619874527
18.647639999463212 0.13502061303667634 0.38580197470313715
18.730459999460077 0.15890717025643541 0.3560681808344346
18.81327999945694 0.13384873956414212 0.38291299213882857
18.896099999453806 0.15764846574448788 0.3528117826187116
18.97891999945067 0.13268650746251287 0.38004797880734076
19.061739999447536 0.15639997710132636 0.34958157345366114
19.1445599994444 0.13153372718137957 0.3772064432831401
19.227379999441265 0.15516155970371226 0.3463772400528864
19.31019999943813 0.13039018201504926 0.37438772620191907
19.393019999434994 0.15393308035741327 0.3431985822783368
19.47583999943186 0.12925571325191032 0.3715912389714582
19.558659999428723 0.15271460133364612 0.3400454612444537
19.641479999425588 0.12813019886488397 0.3688165381521169
19.724299999422453 0.15150649488750811 0.33691773372558353
19.807119999419317 0.12701353509489555 0.36606331728111785
19.889939999416182 0.15030804949919085 0.33381525158806546
19.972759999413046 0.12590563543961242 0.36333135756284607
20.05557999940991 0.149119217765745 0.33073789515454255
20.138399999406776 0.12480643070095555 0.3606204973644611
20.22121999940364 0.14793996368618267 0.32768558436374606
20.304039999400505 0.12371586803622936 0.35793062556168653
20.38685999939737 0.14677026044614672 0.324658266829303
20.469679999394234 0.12263390461848576 0.35526165907190377
20.5524999993911 0.1456100891951867 0.3216559048366485
20.635319999387963 0.12156048560835009 0.35261347255148845
20.718139999384828 0.14445943627761593 0.31867848184086167
20.800959999381693 0.12049553746697084 0.34998588541137465
20.883779999378557 0.14331828876783137 0.3157259988492145
20.966599999375422 0.1194389756550015 0.3473786755031849
21.049419999372287 0.14218662895938705 0.3127984517954707
21.13223999936915 0.118390724225107 0.3447916209630475
21.215059999366016 0.14106443584486972 0.30989583379187335
21.29787999936288 0.1173507097079437 0.34222451118466335
21.380699999359745 0.13995168717883433 0.30701811377642496
21.46351999935661 0.11631885157831967 0.33967714072076216
21.546339999353474 0.13884835412068042 0.3041652242025572
21.62915999935034 0.11529505935045281 0.3371492812637378
21.711979999347204 0.13775438822535546 0.30133704122579097
21.793789999344106 0.11445631425672764 0.33510604009022726
21.877619999340933 0.13666970208663198 0.29853331057385635
21.959429999337836 0.11345421414019939 0.3326314038484157
22.043259999334662 0.13559410905062974 0.29575346191450524
22.125069999331565 0.11245986932916308 0.33017555351065875
22.20788999932843 0.13472646573900837 0.29347153019524397
22.290709999325294 0.11147321460583147 0.3277384606147238
22.37352999932216 0.1336739447644134 0.2907516506486463
22.456349999319023 0.11049417697327135 0.325320114357186
22.539169999315888 0.13262984574692405 0.2880535699308684
22.621989999312753 0.10952266758125329 0.322920425812645
22.704809999309617 0.1315940274269175 0.2853768865398232
22.787629999306482 0.10855859017218948 0.32053920013266346
22.870449999303347 0.13056635052982668 0.28272127324583396
22.95326999930021 0.10760182393337635 0.31817613016492663
23.036089999297076 0.12954667728685043 0.2800864283403093
23.11890999929394 0.10665221227669874 0.3158307767063606
23.201729999290805 0.12853486661528069 0.27747206318081696
23.28454999928767 0.10570963535269284 0.3135027344050467
23.367369999284534 0.12753077471006558 0.2748778863221779
23.4501899992814 0.10477399724007253 0.31119169496576227
23.533009999278264 0.12653426641639964 0.2723035585305844
23.615829999275128 0.10384520868233338 0.30889744708068045
23.698649999271993 0.12554526482003991 0.2697487974500534
23.781469999268857 0.10292319377613224 0.3066198544011911
23.864289999265722 0.12456450992721692 0.2672133802223198
23.947109999262587 0.10200789342389481 0.30435881760774164
24.02992999925945 0.12359116840197193 0.2646971170079615
24.112749999256316 0.10109924390116341 0.3021142241554142
24.19556999925318 0.12262517190289925 0.2621998191739694
24.278389999250045 0.1001971799147985 0.29988592160538063
24.36120999924691 0.12166642375556726 0.25972122608224346
24.444029999243774 0.099301627180036 0.29767372208669984
24.52684999924064 0.1207148587420318 0.2572611303584771
24.609669999237504 0.09841249018273657 0.29547739626654135
24.69248999923437 0.11977049601522749 0.25481952946124764
24.775309999231233 0.09752968437416876 0.2932966482850907
24.858129999228098 0.11883337739240307 0.25239658277130816
24.940949999224962 0.09665317168763843 0.2911311793598603
25.023769999221827 0.11790357793302751 0.24999261391230876
25.10658999921869 0.09578293611719046 0.2889807735839578
25.189409999215556 0.11698124479075522 0.24760813878805799
25.27222999921242 0.0949189866411585 0.286845284715298
25.355049999209285 0.11606641775330186 0.24524344047233138
25.43786999920615 0.09406135079916611 0.2847246673940096
25.520689999203015 0.1151590571649591 0.24289851193869394
25.60350999919988 0.09321004204977101 0.28261897778786294
25.686329999196744 0.11425907320210858 0.24057309200538057
25.76914999919361 0.09236505229694458 0.2805283049634344
25.851969999190473 0.11336634352122366 0.23826677875350422
25.934789999187338 0.0915263569816882 0.27845271536529603
26.017609999184202 0.11248076946606778 0.2359792433585861
26.099419999181105 0.09084604187457546 0.2767811066169523
26.18223999917797 0.11175956466124959 0.23409659822610784
26.265059999174834 0.09002474292747997 0.27474751463639757
26.3478799991717 0.11089266139959443 0.2318585375773563
26.430699999168564 0.08920953202336646 0.27272867676800816
26.51351999916543 0.11003257256178178 0.22963832573128506
26.596339999162293 0.08840033428478711 0.2707243925605729
26.679159999159157 0.10917920173983042 0.2274357399016047
26.761979999156022 0.08759709553974016 0.26873451262179326
26.844799999152887 0.10833245755679677 0.22525054660923471
26.92761999914975 0.08679977295247887 0.26675894626582153
27.010439999146616 0.10749225798594574 0.2230825019053695
27.09325999914348 0.08600833205975356 0.26479765532797517
27.176079999140345 0.10665852871048177 0.22093136253528156
27.25889999913721 0.08522273116770163 0.26285059997536164
27.341719999134074 0.10583119892528603 0.21879689578911954
27.42453999913094 0.08444292382530694 0.26091771309723066
27.507359999127804 0.10501019923752221 0.2166788906650674
27.59017999912467 0.08366886085203995 0.2589989014869509
27.672999999121533 0.10419546269691869 0.2145771595738033
27.755819999118398 0.08290049119627807 0.25709404973348615
27.838639999115262 0.1033869255682377 0.21249153758238215
27.921459999112127 0.0821377613253752 0.25520302677625173
28.00427999910899 0.10258452849716293 0.21042187801509904
28.087099999105856 0.08138061445324218 0.25332568943171596
28.16991999910272 0.10178821693208906 0.20836805111300594
28.252739999099585 0.08062898990577094 0.25146188119418156
28.33555999909645 0.10099853076652454 0.20632994538972715
28.418379999093315 0.07988282142310865 0.2496114239277425
28.50119999909018 0.10021500587602773 0.20430746888032703
28.584019999087044 0.07914202980745577 0.24777409262158878
28.66683999908391 0.09943742121662737 0.20230054870109537
28.749659999080773 0.07840654219508514 0.24594966110604854
28.832479999077638 0.0986657375229737 0.20030913272940376
28.915299999074502 0.07767630103440626 0.24413794019761959
28.998119999071367 0.09789992348811259 0.19833318303034142
29.08093999906823 0.0769512570911759 0.24233877682013905
29.163759999065096 0.09713995807786258 0.19637267438807893
29.24657999906196 0.07623136551854359 0.24055204033293087
29.329399999058825 0.09638583153658731 0.19442760871707376
29.41221999905569 0.07551658396572325 0.23877759985891922
29.495039999052555 0.09563755066759683 0.19249804783644242
29.57785999904942 0.07480686780623524 0.2370152936978287
29.660679999046284 0.09489513560357654 0.19058408547871775
29.74349999904315 0.07410217910186656 0.23526498332385737
29.826319999040013 0.09415859774448543 0.18868578333821606
29.908129999036916 0.0735280809707467 0.2338474276149749
29.99094999903378 0.0935569445486274 0.1871262908173299
30.073769999030645 0.07283784012614025 0.23213220770813559
30.15658999902751 0.09283653585139662 0.1852704862575938
30.239409999024375 0.07215249336710527 0.23042859034035912
30.32222999902124 0.09212192594574498 0.1834301714620401
30.405049999018104 0.07147201962709426 0.22873651509519588
30.48786999901497 0.09141311034287036 0.18160534737700074
30.570689999011833 0.0707964007112748 0.2270559307235187
30.653509999008698 0.09071008060719543 0.17979600185291655
30.736329999005562 0.07012562137974854 0.22538679987508248
30.819149999002427 0.0900128252756689 0.1780021077104732
30.90196999899929 0.06945966708724993 0.22372909626658943
30.984789998996156 0.08932132986416264 0.17622362334427377
31.06760999899302 0.06879851997927589 0.22208278846612695
31.150429998989885 0.0886355757930054 0.17446049712843692
31.23324999898675 0.06814216325520928 0.2204478362993867
31.316069998983615 0.0879555413569254 0.17271267482336095
31.39888999898048 0.06749058061063229 0.21882419869762026
31.481709998977344 0.0872812039082057 0.17098009561908878
31.56452999897421 0.06684375422054811 0.21721183724430215
31.647349998971073 0.08661254046317968 0.16926269202001132
31.730169998967938 0.06620166504701219 0.21561071391915654
31.812989998964802 0.08594952734353967 0.16756039380987353
31.895809998961667 0.06556429345765369 0.21402078827875703
31.97862999895853 0.0852921400701353 0.1658731306599437
32.061449998977224 0.06493161941779635 0.21244201678188857
32.14426999900351 0.08464035362541589 0.16420083209998104
32.2270899990298 0.06430362244844956 0.2108743539605884
32.30990999905609 0.08399414272551264 0.16254342691349732
32.39272999908238 0.0636802815760531 0.20931775347536874
32.475549999108665 0.08335348186942992 0.1609008433957393
32.55836999913495 0.06306157537224277 0.20777216798585352
32.64118999916124 0.08271834528089672 0.1592730091111716
32.72400999918753 0.062447482256236975 0.20623754927129312
32.80682999921382 0.0820887067357603 0.15765985058584508
32.889649999240106 0.06183798060154888 0.2047138481719557
32.972469999266394 0.08146453947808496 0.15606129350005382
33.05528999929268 0.06123304855241252 0.20320101555706405
33.13810999931897 0.08084581620817 0.15447726150800145
33.22092999934526 0.06063266407803347 0.20169900230656568
33.30374999937155 0.08023301362890833 0.1529076757574077
33.385559999397515 0.06014113119917719 0.20047800840500285
33.4683799994238 0.07973382970730314 0.1516206013521093
33.55119999945009 0.05955389735138905 0.19900795069394128
33.63401999947638 0.07913602825227395 0.15008993546730132
33.71683999950267 0.05897107789238831 0.1975483919324117
33.799659999528956 0.07854347763690495 0.1485732919290328
33.882479999555244 0.05839264976554081 0.19609928133382803
33.96529999958153 0.07795614321412891 0.14707057322808081
34.04811999960782 0.05781858907943682 0.19466056636558982
34.13093999963411 0.07737398757861635 0.1455816737983895
34.2137599996604 0.05724887261684275 0.19323219569994388
34.296579999686685 0.07679696953636861 0.14410647601720283
34.37939999971297 0.056683478010403854 0.19181412410377296
34.46221999973926 0.07622504283131037 0.14264484292467738
34.54503999976555 0.056122383467697046 0.19040631548927767
34.62785999979184 0.07565815319317826 0.14119660789382316
34.710679999818126 0.05556556805778745 0.1890087440439947
34.793499999844414 0.07509622774079194 0.13976154486482484
34.8763199998707 0.05501301096667244 0.18762139636243624
34.95913999989699 0.07453918824979977 0.1383394100594626
35.04195999992328 0.05446468884937728 0.18624425755261464
35.12477999994957 0.0739869660747694 0.13692998548704427
35.207599999975855 0.053920573120265776 0.1848772932287579
35.29042000000214 0.0734394971949821 0.13553307351146238
35.37324000002843 0.05338063580566165 0.1835204612975816
35.45606000005472 0.07289672023268434 0.13414849068852375
35.53888000008101 0.05284485044914988 0.18217371950326466
35.621700000107296 0.07235857640418131 0.13277606134537434
35.704520000133584 0.05231319067692742 0.1808370262389669
35.78734000015987 0.0718250093552083 0.1314156149399781
35.87016000018616 0.05178562980876101 0.17951033959165974
35.95298000021245 0.07129596471299204 0.13006698647695103
36.03580000023874 0.05126214086393844 0.17819361537353418
36.118620000265025 0.0707713896381057 0.1287300168181349
36.20144000029131 0.05074269639242979 0.1768868060080142
36.2842600003176 0.07025123265141786 0.1274045523206202
36.36708000034389 0.05022726801770349 0.17558986022250256
36.44990000037018 0.06973544367135587 0.12609044509501732
36.532720000396466 0.04971582593627877 0.17430272105761757
36.615540000422754 0.06922397366878685 0.12478755354982107
36.69735000044872 0.0492961232799144 0.17325380328234719
36.78017000047501 0.06880790996660491 0.12372103893973918
36.8629900005013 0.048796124354977266 0.1719949291489553
36.94581000052759 0.06830840343578537 0.12244911904144562
37.028630000553875 0.048299934995077565 0.1707454321920543
37.11145000058016 0.06781300387190625 0.12118786037083051
37.19427000060645 0.047807520583779683 0.16950522733032436
37.27709000063274 0.06732166524823424 0.11993714239616482
37.35991000065903 0.04731884848569312 0.16827423721044177
37.442730000685316 0.066834342763747 0.11869684622657362
37.525550000711604 0.04683388676454492 0.16705238836569603
37.60837000073789 0.06635099312019521 0.11746685636951915
37.69119000076418 0.046352602850068814 0.1658396066845591
37.77401000079047 0.06587157423947632 0.11624705900771248
37.85683000081676 0.04587496340029318 0.1646358146242699
37.939650000843045 0.06539604477139371 0.1150373438522756
38.02247000086933 0.045400939761077286 0.16344094010357635
38.10529000089562 0.06492436507523947 0.11383760680898636
38.18811000092191 0.044930506410276405 0.16225492109148698
38.2709300009482 0.06445649793731878 0.11264774603585437
38.353750000974486 0.04446363977868184 0.16107770531141874
38.436570001000774 0.06399240826114894 0.11146766183582901
38.51939000102706 0.04400031804259674 0.1599092469086294
38.60221000105335 0.06353206246533494 0.11029725799679424
38.68503000107964 0.04354052100070405 0.15874950376379982
38.76785000110593 0.06307542816393397 0.10913644219170404
38.850670001132215 0.043084229831544585 0.15759843656532047
38.9334900011585 0.06262247407463817 0.10798512558474194
39.01631000118479 0.04263142695124411 0.15645600865351605
39.09913000121108 0.062173209023850935 0.10684322282326075
39.18195000123737 0.04218209657028016 0.15532218670090137
39.264770001263656 0.06172812363328939 0.10571065196789409
39.347590001289944 0.041736223262325844 0.15419694060296862
39.43041000131623 0.061286626225519836 0.1045873320766666
39.51323000134252 0.041293790167668654 0.15308023997533393
39.59605000136881 0.060848689133151335 0.10347318252440507
39.6788700013951 0.04085477966747808 0.15197205202315267
39.761690001421385 0.0604142847372614 0.10236812421984265
39.844510001447674 0.040419173603484126 0.15087234110621184
39.92733000147396 0.05998338536119441 0.10127207926796666
40.00914000149993 0.04006102730723904 0.14997262869879124
40.09196000152622 0.05963231722005246 0.10037502005069143
40.174780001552506 0.03963512531785218 0.14889713162983265
40.257600001578794 0.059211217065222366 0.09930416267938114
40.34042000160508 0.03921250973626278 0.14782984166136215
40.42324000163137 0.05879347880058028 0.09824193281273708
40.50606000165766 0.03879316083951423 0.14677071738113945
40.58888000168395 0.05837907369361949 0.09718825049513935
40.671700001710235 0.038377058307706435 0.14571971648338344
40.75452000173652 0.05796797144327238 0.0961430315413847
40.83734000176281 0.037964181200697444 0.14467679570757674
40.9201600017891 0.057560138184422294 0.09510618163758311
41.00298000181539 0.03755450783218972 0.14364191021569717
41.085800001841676 0.05715553391221495 0.09407758781077025
41.168620001867964 0.03714801511482857 0.1426150156047079
41.25144000189425 0.05675412545953618 0.09305715101357581
41.33426000192054 0.03674467933982528 0.14159606660891777
41.41708000194683 0.05635588416441206 0.092044787741008
41.49990000197312 0.03634466083402388 0.1405850134870934
41.582720001999405 0.05596078282264371 0.0910404250365926
41.66554000202569 0.03596189380706083 0.13958180126855124
41.74836000205198 0.05556879499812406 0.09004399609850999
41.83118000207827 0.035592723953262184 0.13858636961682214
41.91400000210456 0.055179894598236245 0.0890554355857387
41.996820002130846 0.035230981757206514 0.13759865575865282
42.079640002157134 0.05479405595718235 0.08807468027334231
42.16246000218342 0.03487866431769138 0.1366186005924197
42.24528000220971 0.05441125458902407 0.08710166881751302
42.328100002236 0.03453307597525912 0.13564615028588412
42.41092000226229 0.05403146715964724 0.08613634045585572
42.493740002288575 0.034194475382046896 0.13468125383967466
42.576560002314864 0.05365467092786813 0.08517863572143902
42.65938000234115 0.03386983996717452 0.13372385784639063
42.74220000236744 0.053280842973928655 0.08422849533638033
42.82502000239373 0.03355096857120887 0.13277390697994385
42.907840002420016 0.05290996028529493 0.08328586156148843
42.990660002446305 0.03323929565921446 0.13183135254698497
43.07348000247259 0.05254200111271634 0.08235067877698787
43.15630000249888 0.03293288868033761 0.13089615484688233
43.23912000252517 0.052176945199492786 0.08142289175011586
43.32093000255114 0.03268114307274861 0.13012522473457855
43.403750002577425 0.0518774843490234 0.080659475442868
43.48657000260371 0.03238393746261847 0.12921064882892574
43.56939000263 0.05152052728248902 0.0797523484241558
43.65221000265629 0.03209411113339167 0.12830321884430562
43.73503000268258 0.051166369649896404 0.07885233504691946
43.817850002708866 0.03180727092047886 0.12740290876404048
43.900670002735154 0.050814994946233316 0.077959388104476
43.98349000276144 0.031523970672181156 0.12650969160205028
44.06631000278773 0.0504663870175719 0.07707346076193389
44.14913000281402 0.031247610397496905 0.1256235378619519
44.23195000284031 0.05012052974758274 0.07619450744695833
44.314770002866595 0.030974106802044155 0.12474441576428852
44.39759000289288 0.04977740700053834 0.0753224837310662
44.48041000291917 0.030702939288039244 0.12387229208307149
44.56323000294546 0.049437002701019805 0.0744573457487796
44.64605000297175 0.030438570560646583 0.12300713278925457
44.728870002998036 0.04909930088113601 0.07359904996601108
44.811690003024324 0.030178735494282738 0.12214890350930041
44.89451000305061 0.04876428569173219 0.07274755324895299
44.9773300030769 0.02992098623185691 0.12129757000014507
45.06015000310319 0.04843194144965668 0.07190281289820577
45.14297000312948 0.02966531176278442 0.12045309775701174
45.225790003155765 0.04810225249931521 0.07106478603553512
45.308610003182054 0.029416516071316234 0.11961545097360915
45.39143000320834 0.04777520303235849 0.07023343015852834
45.47425000323463 0.02917147510158113 0.1187845921683528
45.55707000326092 0.047450777085538354 0.0694087032464541
45.639890003287206 0.02892891408949516 0.11796048263469361
45.722710003313495 0.04712895862359712 0.06859056343336833
45.80553000333978 0.028689810672801297 0.11714308289325626
45.88835000336607 0.046809731580489955 0.06777896887532053
45.97117000339236 0.02845665255315821 0.11633235290793298
46.05399000341865 0.04649307985578732 0.06697387784357911
46.136810003444936 0.02822539738069163 0.11552825210782158
46.219630003471224 0.046178987295066976 0.06617524897480909
46.30245000349751 0.0279963019827828 0.11473073924357369
46.3852700035238 0.045867437658774324 0.06538304137001516
46.46809000355009 0.02777049116445407 0.1139397724231106
46.55091000357638 0.04555869271245361 0.06459721445893907
46.633730003602665 0.027551753291100045 0.11315530928700523
46.71655000362895 0.04525264882860047 0.06381772780695849
46.79836000365492 0.027371280978755737 0.11250836991621993
46.88118000368121 0.04500160614730553 0.06317656018948181
46.9640000037075 0.02715752794899995 0.11174179025010833
47.046820003733785 0.04470247881632061 0.06241465581765526
47.12964000376007 0.026945553029348424 0.11098149331747464
47.21246000378636 0.0444057726103404 0.06165888271332243
47.29528000381265 0.026736527662068355 0.1102274362426936
47.37810000383894 0.04411147135139759 0.060909202783809846
47.460920003865226 0.026533246537547513 0.10947957476409309
47.543740003891514 0.04381955846290564 0.0601655790616995
47.6265600039178 0.026332997387139234 0.10873786315364065
47.70938000394409 0.04353001737965889 0.05942797435554148
47.79220000397038 0.026134394806772376 0.10800225696193655
47.87502000399667 0.043242831989427466 0.058696349377840296
47.957840004022955 0.025938341515044594 0.10727271370957192
48.04066000404924 0.0429579864252434 0.05797066369813697
48.12348000407553 0.025744092678627876 0.10654919141386276
48.20630000410182 0.042675464784478256 0.0572508773189373
48.28912000412811 0.025552547676813142 0.10583164801860612
48.371940004154396 0.04239525112582265 0.0565369512379954
48.454760004180685 0.025366808730931664 0.10512004154501486
48.53758000420697 0.04211732953694536 0.05582884668572374
48.62040000423326 0.02518260709169373 0.10441432955627938
48.70322000425955 0.04184168394352217 0.05512652361014947
48.78604000428584 0.025000273366238553 0.10371446893494563
48.868860004312126 0.041568297990295267 0.05442994109270405
48.951680004338414 0.024820073103340667 0.10302041560124042
49.0345000043647 0.04129715495474928 0.05373905752283914
49.11732000439099 0.02464136796815042 0.10233212470021069
49.20014000441728 0.04102823768697428 0.0530538301928174
49.28296000444357 0.02446621942200278 0.1016495509331472
49.365780004469855 0.0407615284611309 0.0523742147179318
49.44860000449614 0.024295690231372902 0.10097264839479259
49.53142000452243 0.04049700822402258 0.05170016284257173
49.61424000454872 0.02412657716917277 0.10030136957834834
49.69706000457501 0.04023465724064346 0.05103162366507652
49.779880004601296 0.023958868048783222 0.09963566582905647
49.862700004627584 0.039974457396793284 0.05036855038154098
49.94552000465387 0.023792550776385313 0.09897548878319284
50.02834000468016 0.03971639127060267 0.04971089934441286
50.11116000470645 0.023627881623697222 0.09832079043157194
50.192970004732416 0.03950340153532572 0.04916692925777122
50.275790004758704 0.023492989448447466 0.09778269564356679
50.35861000478499 0.0392512442717009 0.0485243296593274
50.44143000481128 0.02333768994548724 0.09714308307678943
50.52425000483757 0.03900113921444248 0.047886947880759756
50.60707000486386 0.02318372918537759 0.09650873193305376
50.689890004890145 0.0387530706016318 0.047254744466995735
50.77271000491643 0.02303103533066142 0.09587959950365654
50.85553000494272 0.038507022865269636 0.04662768034970899
50.93835000496901 0.02287959827855668 0.09525564404077036
51.0211700049953 0.03826298061405309 0.046005716806540864
51.103990005021586 0.022729408139519736 0.09463682472241608
51.186810005047874 0.03802092863198003 0.045388815426250506
51.26963000507416 0.02258045522623675 0.09402310159537519
51.35245000510045 0.03778085187420133 0.04477693810066574
51.43527000512674 0.022435064233451762 0.09341443551569295
51.51809000515303 0.03754273546380238 0.04417004704589944
51.600910005179315 0.022293513997797332 0.09281078808135446
51.683730005205604 0.037306564686410026 0.04356810480862228
51.76655000523189 0.022153132311239165 0.09221212157146663
51.84937000525818 0.03707232498816737 0.042971074277653454
51.93219000528447 0.02201391045585377 0.09161839889124668
52.01501000531076 0.036840001972874625 0.04237891868551502
52.097830005337045 0.021876003624733742 0.09102958352621426
52.18065000536333 0.03660958139966253 0.04179160161386086
52.26347000538962 0.021739744117203252 0.09044563949679452
52.34629000541591 0.0363810491796972 0.04120908699732917
52.4291100054422 0.021604613545408213 0.08986653130171884
52.511930005468486 0.03615439137372212 0.040631339124552746
52.594750005494774 0.021475008243809213 0.0892922238869609
52.67757000552106 0.03592959418595065 0.040058322632385845
52.76039000554735 0.021346930402655784 0.08872268260136096
52.84321000557364 0.03570664396331802 0.039490002505249144
52.92603000559993 0.02121991729072692 0.08815787317726365
53.008850005626215 0.035485527190014965 0.03892634406574835
53.0916700056525 0.021093961249171178 0.08759776168839606
53.17449000567879 0.035266230482339456 0.038367312965603695
53.25731000570508 0.020969054692202893 0.08704231453262601
53.34013000573137 0.035048740588447536 0.037812875181753025
53.422950005757656 0.020845190099809896 0.08649149838935166
53.505770005783944 0.034833044382112544 0.037262997043407964
53.58758000580991 0.020743109011783112 0.0860373478747678
53.6704000058362 0.03465617945785582 0.03681121087280026
53.75322000586249 0.020626809711883798 0.08549932607603283
53.836040005888776 0.03444544302946717 0.03627396068476285
53.918860005915064 0.02051147586602242 0.08496576732953676
54.00168000594135 0.03423643449934488 0.03574110187709589
54.08450000596764 0.020397100634164667 0.08443664009397667
54.16732000599393 0.03402914154718295 0.035212602937984006
54.25014000602022 0.02028367721640112 0.08391191300044509
54.332960006046505 0.033823551957791964 0.03468843264455845
54.415780006072794 0.020171198850555072 0.08339155484774485
54.49860000609908 0.03361965361603414 0.03416856002865787
54.58142000612537 0.020059658805610114 0.08287553460195607
54.66424000615166 0.03341743450850465 0.03365295444563987
54.747060006177946 0.01994970254861017 0.08236382137415399
54.829880006204235 0.03321688271111167 0.03314158555187685
54.91270000623052 0.019844569077760665 0.08185638435337372
54.99552000625681 0.03301798639208697 0.03263442328437227
55.0783400062831 0.019740316051309326 0.08135319285885734
55.16116000630939 0.03282073381244077 0.03213143781813921
55.243980006335676 0.019636937111599972 0.08085421634705936
55.326800006361964 0.03262511332354234 0.031632599569320075
55.40962000638825 0.01953442592405863 0.08035942438893162
55.49244000641454 0.03243111336047089 0.03113787919850619
55.57526000644083 0.01943277617289163 0.07986878665087183
55.65808000646712 0.032238722439620116 0.030647247611581552
55.740900006493405 0.0193319875529141 0.07938227289110422
55.82372000651969 0.03204792915460131 0.030160675944135296
55.90654000654598 0.019234017114766466 0.07889985295211899
55.98936000657227 0.03185872217494168 0.029678135562494212
56.07218000659856 0.01913982124757685 0.07842149675487686
56.155000006624846 0.03167109024308612 0.029199598051499187
56.237820006651134 0.019046420621641857 0.07794717430286147
56.32064000667742 0.03148502217023297 0.02872503519986136
56.40346000670371 0.018953809310272685 0.07747685569848839
56.48628000673 0.03130050683931007 0.02825441898764991
56.56910000675629 0.018861981404992734 0.07701051113649937
56.651920006782575 0.031117533199182753 0.027787721576277846
56.73474000680886 0.018770931014526204 0.07654811089082836
56.81756000683515 0.030936131655708077 0.027324915308402087
56.89937000686112 0.01869574179256228 0.07616632423861347
56.98219000688741 0.0307873666281111 0.026944075568047232
57.065010006913695 0.018608261086544564 0.07571479342545206
57.147830006939984 0.030610449787463082 0.026492016311729927
57.23065000696627 0.018524344064637766 0.07526705929050692
57.31347000699256 0.030435005362413396 0.026043707522005466
57.39629000701885 0.018441134151273464 0.07482309324141623
57.479110007045136 0.03026102290781907 0.02559912301599576
57.561930007071425 0.018358625955945063 0.07438286678662642
57.64475000709771 0.030088492033905293 0.025158236725220107
57.727570007124 0.018276814101624406 0.07394635150712592
57.81039000715029 0.02991740239751861 0.02472102272679244
57.89321000717658 0.018195693217550435 0.07351351902247227
57.976030007202866 0.029747743694831463 0.024287455240790123
58.058850007229154 0.01811525794308233 0.07308434101013228
58.14167000725544 0.029579505665858537 0.023857508618763124
58.22449000728173 0.018037500521866034 0.07265878921030033
58.30731000730802 0.02941267809066017 0.02343115732730272
58.39013000733431 0.017962527889008206 0.07223683543237103
58.472950007360595 0.029247250789052655 0.023008375943123216
58.55577000738688 0.017888190238531165 0.07181845155791455
58.63859000741317 0.02908321361751287 0.02258913914826577
58.72141000743946 0.01781448252788853 0.07140360954307479
58.80423000746575 0.028920556466416444 0.02217342171771941
58.887050007492036 0.017741399729403917 0.07099228143149228
58.969870007518324 0.02875926926273331 0.02176119852155267
59.05269000754461 0.017668936830767645 0.07058443935213932
59.1355100075709 0.02859934196256886 0.021352444502376056
59.21833000759719 0.01759708883355693 0.07018005554263462
59.30115000762348 0.02844076455482603 0.020947134674875745
59.383970007649765 0.017527512909168097 0.06977910230420159
59.46679000767605 0.028283527053732826 0.020545244133618468
59.54961000770234 0.01746085203994885 0.06938155201361429
59.63243000772863 0.02812761949702136 0.02014674805633776
59.71525000775492 0.01739475751356523 0.06898737712213165
59.798070007781206 0.02797303194509504 0.01975162168286193
59.880890007807494 0.01732922466387543 0.06859655018606192
59.96371000783378 0.027819754480604808 0.01935984030573268
60.04653000786007 0.017264248842451146 0.06820904385488324
60.12935000788636 0.027667777206739408 0.018971379267251898
60.211160007912326 0.01721056229131457 0.06788893883803437
60.293980007938615 0.02754287747991535 0.01865157274846263
60.3768000079649 0.017147120362122847 0.06751057518528114
60.45962000799119 0.027394470901389467 0.018272239934291612
60.54244000801748 0.017084213153759964 0.06713540019958053
60.62526000804377 0.027247315248977944 0.017896103435299793
60.708080008070056 0.017024936682375147 0.06676338754960653
60.790900008096344 0.02710140092958424 0.01752313933887084
60.87372000812263 0.01696686626382471 0.06639451100446392
60.95654000814892 0.026956718356139553 0.017153323748897442
61.03936000817521 0.016909285316959455 0.06602874442366291
61.1221800082015 0.026813257945322744 0.016786632787313405
61.205000008227785 0.016852189678519203 0.06566606175180123
61.28782000825407 0.026671010108220372 0.016423042568036728
61.37064000828036 0.016795575204829216 0.0653064370171541
61.45346000830665 0.02652996523674012 0.01606252910681949
61.53628000833294 0.016739437761215115 0.0649498442635621
61.619100008359226 0.026390113679192195 0.015705068319271653
61.701920008385514 0.016683773167709193 0.06459625743349129
61.7847400084118 0.026251445799726495 0.015350636204769508
61.86756000843809 0.01662982438410676 0.06424565061651233
61.95038000846438 0.02611395200445843 0.014999208714527867
62.03320000849067 0.016578745562501496 0.06389799812116514
62.116020008516955 0.025977622734846603 0.014650761763101983
62.19884000854324 0.01652809646152109 0.06355327442869596
62.28166000856953 0.025842448453404998 0.01430527127433967
62.36448000859582 0.01647787331715722 0.0632114541716966
62.44730000862211 0.025708419641074176 0.013962713219184408
62.530120008648396 0.016428072403516514 0.06287251217012013
62.612940008674684 0.025575526801069007 0.013623063585876949
62.69576000870097 0.016378690016858988 0.06253642341389476
62.77858000872726 0.025443760453625508 0.01328629841181872
62.86140000875355 0.016329722477746667 0.06220316305889373
62.94422000877984 0.02531311113414514 0.012952393787624139
63.027040008806125 0.0162811661371014 0.06187270645316989
63.10986000883241 0.025183569384817143 0.012621325827977259
63.1926800088587 0.01623514364930123 0.06154502913902071
63.27550000888499 0.025055125755904625 0.012293070617219737
63.35832000891128 0.01619108091337995 0.061220106891013426
63.441140008937566 0.024927770803321203 0.011967604178175772
63.522950008963534 0.01615473354615027 0.06095139313868625
63.60577000898982 0.024822988078946895 0.01169941285122933
63.68859000901611 0.01611181678773732 0.060634062971587355
63.7714100090424 0.024698615258561762 0.011381580121438972
63.85423000906869 0.01606925619322186 0.060319373247852415
63.937050009094975 0.024575285774247283 0.01106642005754832
64.01987000912126 0.016027048708213143 0.06000730120072628
64.10269000914755 0.024452990008482667 0.010753907901361881
64.18551000917384 0.015985191328384163 0.05969782422723391
64.26833000920013 0.024331718400552038 0.01044401883495416
64.35115000922642 0.015943681111264096 0.05939092002924529
64.4339700092527 0.024211461717653093 0.010136728799747807
64.51679000927899 0.015903699713166963 0.05908656662356737
64.59961000930528 0.024092210907579403 0.009832014328803318
64.68243000933157 0.015866201403660796 0.05878474229062958
64.76525000935786 0.02397395707359351 0.009529852483980417
64.84807000938414 0.015829013872975306 0.05848542560501491
64.93089000941043 0.02385669147936842 0.009230220761902164
65.01371000943672 0.01579213453528483 0.058188595488317674
65.09653000946301 0.023740405548416832 0.008933097045260574
65.1793500094893 0.01575556084789731 0.05789423118740533
65.26217000951559 0.02362509085966258 0.00863845960482612
65.34499000954187 0.01571929030606256 0.05760231226036305
65.42781000956816 0.023510739137618475 0.008346287093363713
65.51063000959445 0.015683320436665538 0.05731281856131698
65.59345000962074 0.02339734225404755 0.008056558544655701
65.67627000964703 0.015647648799898217 0.05702573025336832
65.75909000967332 0.023284892219048725 0.007769253384126706
65.8419100096996 0.015612914984544202 0.056741027778162145
65.92473000972589 0.023173381173825613 0.007484351438369341
66.00755000975218 0.015581017303398337 0.05645869185287866
66.09037000977847 0.02306280140424455 0.007201832871572833
66.17319000980476 0.015549384196420823 0.05617870349458043
66.25601000983104 0.02295314534269821 0.00692167819265066
66.33883000985733 0.01551801358092797 0.055901043995587596
66.42165000988362 0.022844405567768233 0.006643868283018328
66.50447000990991 0.01548690340371861 0.05562569492039149
66.5872900099362 0.022736574819757882 0.0063683844459982986
66.67011000996249 0.015456051642715574 0.05535263813667424
66.75293000998877 0.022629646028966444 0.006095208467504776
66.83575001001506 0.015425456310293684 0.055081855874428154
66.91756001004103 0.02254132075111348 0.005869208447473184
67.00038001006732 0.01540029904310758 0.054859190957035064
67.0832000100936 0.02243686506895115 0.005602358662482043
67.1660200101199 0.015370408041391004 0.05459464963560867
67.24884001014618 0.02233327727599388 0.005337729344767617
67.33166001017247 0.015342108254221665 0.05433229609133061
67.41448001019876 0.022230550832421647 0.005075303760582184
67.49730001022505 0.015315711290730949 0.05407211407831847
67.58012001025133 0.02212867921842243 0.004815065147112385
67.66294001027762 0.015289532398098604 0.05381408744495886
67.74576001030391 0.02202765594459999 0.004556996750804121
67.8285800103302 0.015263569969045876 0.05355820010177759
67.91140001035649 0.021927474550683668 0.0043010818915334426
67.99422001038278 0.015237822394394305 0.05330443601432311
68.07704001040906 0.021828128608198827 0.004047303981802308
68.15986001043535 0.015212288066510982 0.05305277924357865
68.24268001046164 0.021729611715537556 0.003795646581128409
68.32550001048793 0.015186965377660068 0.05280321390701559
68.40832001051422 0.02163191748626203 0.0035460933760500524
68.4911400105405 0.01516185273210857 0.0525557241962904
68.5739600105668 0.021535039571791592 0.003298628075265597
68.65678001059308 0.015136948560627637 0.05231029441669088
68.73960001061937 0.02143897166379516 0.0030532344318268123
68.82242001064566 0.015113170926825625 0.05206690895356303
68.90524001067195 0.02134370748645731 0.002809896282995883
68.98806001069823 0.015091527620490817 0.05182555225182739
69.07088001072452 0.021249240793911217 0.002568597569940767
69.15370001075081 0.015070064323369992 0.05158620881670073
69.2365200107771 0.02115556537380281 0.0023293223312736977
69.31934001080339 0.01504877967292062 0.05134886322581966
69.40216001082968 0.02106267505125925 0.002092054700086887
69.48498001085596 0.015027672314208429 0.051113500142396795
69.56780001088225 0.020970563687241484 0.0018567789015100367
69.65062001090854 0.015006740899244033 0.050880104308681506
69.73344001093483 0.0208792251803277 0.0016234792612923599
69.81626001096112 0.014985984086670512 0.05064866055072281
69.8990800109874 0.020788653467586404 0.0013921402064687172
69.98190001101369 0.014965400542165106 0.05041915378307671
70.06472001103998 0.020698842523768746 0.0011627462647267883
70.14754001106627 0.014944988938166759 0.05019156900213373
70.23036001109256 0.02060978636491606 0.0009352820734109812
70.31318001111885 0.01492474795492793 0.04996589129878659
70.39499001114481 0.020536412918560565 0.0007475993816341564
70.4778100111711 0.01491013033361577 0.0497807612826251
70.56063001119739 0.020449409697475107 0.0005253839551411232
70.64345001122368 0.01489301451447489 0.04956027264098051
70.72627001124997 0.02036313212269092 0.00030502361619832996
70.80909001127625 0.014876040646150335 0.049341617932241455
70.89191001130254 0.02027757453008827 8.650382221642161e-05
70.97473001132883 0.014859207649071005 0.04912478302747658
71.05755001135512 0.020195335091002242 0.00013018987469193277
71.1403700113814 0.014842514450328248 0.04890975388747165
71.2231900114077 0.02011549826073633 0.0003450718192854474
71.30601001143398 0.014825959982188941 0.048696516555568614
71.38883001146027 0.020036328695999805 0.0005581562517842364
71.47165001148656 0.014809543182429219 0.04848505716342766
71.55447001151285 0.01995782116748046 0.0007694573086136636
71.63729001153914 0.014793262994820975 0.04827536192627546
71.72011001156542 0.019879970479847242 0.0009789890333400386
71.80293001159171 0.014777118370408513 0.04806741715713825
71.885750011618 0.019802800353264538 0.0011867653664232591
71.96857001164429 0.014761108266739265 0.047861209258515114
72.05139001167058 0.019730311580355986 0.0013928001502683252
72.13421001169687 0.014747216104878167 0.047656724714939536
72.21703001172315 0.019658430204500976 0.001597107131390274
72.29985001174944 0.014733972261859352 0.04745395010518072
72.38267001177573 0.0195871514443946 0.00179969995642848
72.46549001180202 0.01472083890944764 0.04725287209556006
72.5483100118283 0.019516470553308185 0.0020005921724353115
72.6311300118546 0.014707815195045717 0.04705347744481392
72.71395001188088 0.019446382816807883 0.0021997972305509705
72.79677001190717 0.014694900271393417 0.04685575299829825
72.87959001193346 0.019376883554344526 0.002397328485059802
72.96241001195975 0.014682093296761622 0.04665968569059764
73.04523001198604 0.019311640698162158 0.0025931991937899745
73.12805001201232 0.014669393434806888 0.04646526254699079
73.21087001203861 0.0192470814363489 0.0027874225196566904
73.2936900120649 0.014656799854301794 0.0462724706803086
73.37651001209119 0.019183065025389467 0.0029800115295519625
73.45933001211748 0.01464431173003211 0.04608129729436472
73.54215001214376 0.019119587170458696 0.0031709791920020436
73.62497001217005 0.014631928241608637 0.045891729675728854
73.70779001219634 0.01905664360562631 0.0033603383842395473
73.79061001222263 0.01462030158445182 0.04570375520316361
73.8724200122486 0.019004790948849215 0.003516587061869192
73.95524001227488 0.014612164683504457 0.04554951766745363
74.03806001230117 0.018944125635794618 0.0037015917930816045
74.12088001232746 0.014602479842021898 0.04536585500507506
74.20370001235375 0.018886658899059494 0.0038850499173403996
74.28652001238004 0.014592875547907115 0.04518372451520758
74.36934001240633 0.01882967248747336 0.004066973604666124
74.45216001243261 0.014583351180469939 0.04500311425781334
74.5349800124589 0.018773162630559614 0.004247374932453418
74.61780001248519 0.014573906122761104 0.04482401237092537
74.70062001251148 0.01871712558335359 0.004426265893620052
74.78344001253777 0.01456453976212968 0.04464640708037315
74.86626001256406 0.018661557627889236 0.004603658397328569
74.94908001259034 0.014555251490274255 0.04447028668619346
75.03190001261663 0.018606455072919026 0.004779564264045799
75.11472001264292 0.014546040702943186 0.044295639577318635
75.19754001266921 0.01855190827808828 0.004953995228018648
75.2803600126955 0.01453690679958608 0.04412245421566707
75.36318001272178 0.018500993454474535 0.005126962938417634
75.44600001274807 0.014527849183799013 0.04395071914959914
75.52882001277436 0.01845050569155149 0.005298478960003017
75.61164001280065 0.014518867263055957 0.04378042300305918
75.69446001282694 0.018400441619921604 0.00546855477202568
75.77728001285323 0.014512038225396153 0.0436115544834359
75.86010001287951 0.01835079789442673 0.005637201774288947
75.9429200129058 0.014505359912150406 0.04344410237510088
76.02574001293209 0.018301571194733746 0.005804431278355615
76.10856001295838 0.014498737452915965 0.04327805554377173
76.19138001298467 0.01825275822360617 0.005970254515597073
76.27420001301095 0.014492170413421213 0.043113402930095024
76.35702001303724 0.01820435570840817 0.006134682634728605
76.43984001306353 0.014485658362362264 0.04295013355555266
76.52266001308982 0.018156780795588245 0.006297726702741979
76.60548001311611 0.014479200871404642 0.04278823651576724
76.6883000131424 0.01811232173810262 0.006459397704361436
76.77112001316868 0.014472797515190705 0.04262770098970581
76.85394001319497 0.018068237070659854 0.006619706547139614
76.93676001322126 0.014466447871038122 0.04246851622835557
77.01958001324755 0.018024523823728433 0.0067786640575273616
77.10240001327384 0.0144601515191487 0.04231067156080792
77.18522001330012 0.0179811790505926 0.006936280978397935
77.26804001332641 0.014453908042694752 0.04215415639622355
77.34985001335238 0.01794540135952638 0.007066622887319518
77.43267001337867 0.014448767562829088 0.042025429608694154
77.51549001340496 0.017903050611402183 0.00722062229669973
77.59831001343125 0.014442666939671 0.041872499799577856
77.68113001345753 0.017861054259101228 0.007373332392390797
77.76395001348382 0.014437239657611012 0.0417208487900278
77.84677001351011 0.01781940951511729 0.007524763333943696
77.9295900135364 0.014433215119294296 0.041570466555762575
78.01241001356269 0.017778614304173823 0.007674925205225502
78.09523001358897 0.014429224121539908 0.04142134314323309
78.17805001361526 0.017740395354207572 0.007823828022923696
78.26087001364155 0.014425266404590742 0.041273468668900914
78.34369001366784 0.017702496862142647 0.007971481723512142
78.42651001369413 0.014421341711045477 0.04112683331894962
78.50933001372042 0.01766491630082212 0.008117896176396133
78.5921500137467 0.014417449784768444 0.04098142735300403
78.67497001377299 0.017627651161027602 0.008263081180737153
78.75779001379928 0.014413590371665898 0.040837241099189736
78.84061001382557 0.01759069895249543 0.00840704645966861
78.92343001385186 0.014409763219320972 0.04069426495362238
79.00625001387814 0.01755405720305614 0.008549801664958778
79.08907001390443 0.014405968076826479 0.040552489380452084
79.17189001393072 0.017517723457714296 0.008691356381829163
79.25471001395701 0.01440220469511966 0.04041190491321789
79.3375300139833 0.01748169527931709 0.008831720124147235
79.42035001400959 0.014398472826658517 0.040272502152693956
79.50317001403587 0.017445970249337472 0.00897090233336062
79.58599001406216 0.014394772225821195 0.04013427176650097
79.66881001408845 0.017411442967643298 0.00910891238327105
79.75163001411474 0.014391102648451672 0.039997204491004634
79.83445001414103 0.017378788964836134 0.009245759582277024
79.91727001416731 0.014387463852226555 0.03986129112995007
80.0000900141936 0.017346410121793387 0.009381453164047926
80.08291001421989 0.014383897562369907 0.03972652254933262
80.16573001424618 0.017314304254269164 0.009516002299991833
80.24855001427247 0.014382110422613725 0.03959288968534702
80.33137001429876 0.017282469195026184 0.00964941609107317
80.41419001432504 0.014380338242159008 0.039460383538880706
80.49701001435133 0.017250902792244727 0.009781703570277411
80.57983001437762 0.014378580905076157 0.03932899517187227
80.66265001440391 0.017219602909242515 0.009912873708317615
80.7454700144302 0.01437683829635761 0.03919871571680389
80.82829001445648 0.017188567426353663 0.010042935404419584
80.91010001448245 0.014375392550621702 0.0390911325564236
80.99292001450874 0.017163088189593 0.01014993026836608
81.07574001453503 0.014373689768724775 0.03896383663591907
81.15856001456132 0.017132762068228002 0.01027701695298644
81.2413800145876 0.014372001159143388 0.03883760746571374
81.3242000146139 0.017102690303389734 0.01040303733850223
81.40702001464018 0.01437032661284343 0.0387124366517444
81.48984001466647 0.017073109132372477 0.010527999846976499
81.57266001469276 0.014368666021299381 0.03858831586186495
81.65548001471905 0.017045744099438043 0.010651912839443334
81.73830001474533 0.014367019276767534 0.038465236821594306
81.82112001477162 0.017018608928538792 0.010774784614908661
81.90394001479791 0.01436538627249284 0.03834319131982289
81.9867600148242 0.016991701803326098 0.010896623412171014
82.06958001485049 0.01436376690213681 0.03822217119866522
82.15240001487678 0.016965020920482687 0.011017437411442454
82.23522001490306 0.014362161060143208 0.03810216836587221
82.31804001492935 0.016938564489745733 0.011137234730784762
82.40086001495564 0.014360568641838212 0.03798317478198587
82.48368001498193 0.016912330734885628 0.011256023426198247
82.56650001500822 0.014358989542750944 0.03786518247005377
82.6493200150345 0.016886317890823954 0.011373811501735887
82.73214001506079 0.014357423659714708 0.03774818350571474
82.81496001508708 0.016860524206856353 0.011490606898589828
82.89778001511337 0.014356721317744014 0.037632170027313006
82.98060001513966 0.016834947944441292 0.011606417500098498
83.06342001516595 0.014356754298258001 0.03751713422839309
83.14624001519223 0.016809587378421087 0.011721251129925836
83.22906001521852 0.014356786924529796 0.037403068357633185
83.31188001524481 0.016784440794689326 0.011835115558878062
83.3947000152711 0.014356819201322923 0.037289964722553304
83.47752001529739 0.016759506493656873 0.011948018495289148
83.56034001532367 0.01435685113303009 0.03717781568469691
83.64316001534996 0.01673552990150784 0.01205996759355843
83.72598001537625 0.014356882724436915 0.03706661366321695
83.80880001540254 0.016712958820751966 0.012170970452496377
83.89162001542883 0.014356913979841625 0.03695635113202256
83.97444001545512 0.016690578558737346 0.012281034614203268
84.0572600154814 0.01435694490354944 0.036847020618568926
84.14008001550769 0.016668387596148748 0.012390167560560883
84.22290001553398 0.014356975499875689 0.036738614706122164
84.30572001556027 0.016646384423989358 0.012498376723546478
84.38854001558656 0.014357005772997923 0.03663112603095042
84.47035001561252 0.01662822727173796 0.012587872039637737
84.55317001563881 0.014357023304139349 0.03654269003739996
84.6359900156651 0.016606727290208068 0.012693604681124349
84.71881001569139 0.014357052861245001 0.03643765803605925
84.80163001571768 0.016585407985149514 0.012798448562156839
84.88445001574397 0.014357082109556663 0.03633350854501671
84.96727001577025 0.016564267928745546 0.012902410713244716
85.05009001579654 0.014357111052839544 0.03623023459509156
85.13291001582283 0.01654330570237217 0.013005498119489367
85.21573001584912 0.014357139695002852 0.03612782926806224
85.2985500158754 0.016522519899332844 0.01310771770751673
85.3813700159017 0.01435721285459124 0.03602628569473465
85.46419001592798 0.016501909122430103 0.013209076358478011
85.54701001595427 0.01435732602836337 0.0359255970557526
85.62983001598056 0.0164814719846883 0.013309580899878437
85.71265001600685 0.014357438194776306 0.035825756582907875
85.79547001603314 0.01646120710930421 0.013409238109995947
85.87829001605942 0.014357549363156363 0.03572675755784127
85.96111001608571 0.01644111312907859 0.01350805472171146
86.043930016112 0.014358262173683634 0.035628593306935574
86.12675001613829 0.016421893361819317 0.013606037411040273
86.20957001616458 0.014359728561644802 0.035531257213095024
86.29239001619086 0.016403811498767795 0.013703192811020948
86.37521001621715 0.01436118252114682 0.035434742698414734
86.45803001624344 0.016385882346854563 0.013799527502544873
86.54085001626973 0.014362624152175707 0.03533904323637094
86.62367001629602 0.01636810469199801 0.013895048017731337
86.7064900163223 0.014364053553909018 0.035244152352298386
86.7893100163486 0.016350477327999102 0.013989760844790311
86.87213001637488 0.014365470824929895 0.035150063609790116
86.95495001640117 0.016332999058552122 0.014083672419384907
87.03777001642746 0.01436687606304188 0.03505677063069257
87.12059001645375 0.016315668695102037 0.01417678913486764
87.20341001648003 0.014368269364772757 0.03496426707466638
87.28623001650632 0.016298485058420686 0.014269117332244008
87.36905001653261 0.014369650826563609 0.03487254665542894
87.4518700165589 0.016281446977887026 0.014360663309853638
87.53469001658519 0.014371020543823108 0.034781603126476934
87.61751001661148 0.01626455329133847 0.014451433315887385
87.70033001663776 0.014372378611313241 0.03469143028704824
87.78315001666405 0.016247802845943182 0.014541433552550664
87.86597001669034 0.01437372512321855 0.03460202198638518
87.94879001671663 0.016231194496275858 0.014630670181126071
88.0306000167426 0.014374832220645728 0.03452798093530607
88.11342001676888 0.0162175260225641 0.014704282024569082
88.19624001679517 0.014376147916045134 0.03444061947948107
88.27906001682146 0.016201297060377318 0.014791478726428053
88.36188001684775 0.01437745249392275 0.034353993659741455
88.44470001687404 0.016185204829898825 0.014877940664614897
88.52752001690033 0.014378746043091193 0.03426809764782712
88.61034001692661 0.016169248247111745 0.014963673668177968
88.6931600169529 0.014380028651764909 0.03418292566351733
88.77598001697919 0.016153426236041657 0.015048683525020756
88.85880001700548 0.014381300407887765 0.034098471963184274
88.94162001703177 0.01613773772784166 0.015132975983433994
89.02444001705805 0.014382561398376903 0.03401473084931883
89.10726001708434 0.01612320245801968 0.015216556744990228
89.19008001711063 0.01438381170945846 0.03393169666453533
89.27290001713692 0.016109183161188922 0.015299431470516822
89.35572001716321 0.014385051426839655 0.033849363791582654
89.4385400171895 0.016095282331872407 0.01538160578042902
89.52136001721578 0.014386280635828252 0.033767726655231645
89.60418001724207 0.016081499027760793 0.01546308525175455
89.68700001726836 0.014387499420681515 0.03368677972211964
89.76982001729465 0.016067832312599895 0.015543875421686337
89.85264001732094 0.014389019719850514 0.03360651749542143
89.93546001734722 0.016054281257220193 0.015623981787371566
90.01828001737351 0.014391349232017792 0.03352693452226552
90.1011000173998 0.016040844939310017 0.015703409805878366
90.18392001742609 0.014393658989167224 0.03344802538907121
90.26674001745238 0.016027522443191278 0.015782164895850048
90.34956001747867 0.014395949149711984 0.033369784721859475
90.43238001750495 0.0160143128605289 0.01586025243114353
90.51520001753124 0.014398219870719207 0.03329220718634174
90.59802001755753 0.01600121528865328 0.015937677750688106
90.68084001758382 0.014400471308182672 0.033215287485810485
90.7636600176101 0.015988228833062723 0.01601444614861558
90.8464800176364 0.014402703616881674 0.033139020364747473
90.92930001766268 0.015975352604296278 0.016090562884374382
91.01212001768897 0.014404916950637394 0.033063400602262316
91.09494001771526 0.015962585720502243 0.016166033175890604
91.17776001774155 0.014407111461787638 0.032988423020363644
91.26058001776784 0.01594992730549094 0.016240862206717832
91.34340001779412 0.014409287301812235 0.032914082478230355
91.42622001782041 0.01593737649015392 0.016315055117177568
91.5090400178467 0.014411444620874738 0.032840373869824635
91.59186001787299 0.015924932411450765 0.01638861701377392
91.67367001789896 0.014413219923096299 0.03277943738361211
91.75649001792524 0.01591470998964073 0.01644919257065558
91.83931001795153 0.014415327896863062 0.032707415929478234
91.92213001797782 0.015902550109163638 0.01652107331326924
92.00495001800411 0.014417418049062491 0.03263600257487065
92.0877700180304 0.015890492945826673 0.016592346821209247
92.17059001805669 0.014419490521935363 0.032565192487687966
92.25341001808297 0.015878537682205818 0.016663017928431056
92.33623001810926 0.014421545456722473 0.0324949808696795
92.41905001813555 0.015866683506917445 0.01673309143500612
92.50187001816184 0.014423582993523863 0.03242536295614551
92.58469001818813 0.01585495548347604 0.016802572105634184
92.66751001821441 0.014425603271655318 0.03235633401994509
92.7503300182407 0.01584445032236781 0.016871464667678193
92.83315001826699 0.014427606429020856 0.03228788936505689
92.91597001829328 0.015834034118498264 0.01693977381905798
92.99879001831957 0.014429592602785646 0.03222002433121984
93.08161001834586 0.015823706161990136 0.01700750421775865
93.16443001837214 0.014431561928923142 0.03215273429283405
93.24725001839843 0.01581346574802045 0.017074660488858306
93.33007001842472 0.01443351454262931 0.03208601466138106
93.41289001845101 0.01580331217661124 0.017141247223984024
93.4957100184773 0.014435450577994337 0.032019860872867234
93.57853001850359 0.015793244753358637 0.017207268982422086
93.66135001852987 0.014437370167834527 0.03195426840698623
93.74417001855616 0.01578326278817488 0.017272730290407434
93.82699001858245 0.014439273444377454 0.03188923276841171
93.90981001860874 0.015773365597334887 0.01733763563592783
93.99263001863503 0.014441160538745558 0.0318247495023849
94.07545001866131 0.015763552500888012 0.01740198947850491
94.1582700186876 0.01444303158103033 0.03176081418173604
94.24109001871389 0.01575382282450033 0.017465796244953147
94.32391001874018 0.01444488670033428 0.031697422410559284
94.40673001876647 0.0157441758987531 0.0175290603256828
94.48955001879276 0.014446726024679333 0.031634569830885084
94.57237001881904 0.015734611058606962 0.017591786083392957
94.65519001884533 0.014448754274523634 0.03157225211352088
94.73801001887162 0.015725127645032533 0.017653977842568835
94.82083001889791 0.014451457609412133 0.0315104649590614
94.9036500189242 0.015715725003104364 0.017715639899895663
94.98647001895048 0.014454137902368271 0.0314492041026071
95.06929001897677 0.015706402482871362 0.017776776521227777
95.15211001900306 0.014456795339060968 0.0313884653114993
95.23493001902935 0.01569715943906891 0.017837391937991498
95.31674001905532 0.014458981652270997 0.03133830864180398
95.3995600190816 0.01568957666796189 0.01788724684171905
95.4823800191079 0.014461578282847887 0.03127896094929916
95.56520001913418 0.015680544831420784 0.01794647633366342
95.64802001916047 0.014464152918896911 0.031220115652930147
95.73084001918676 0.01567158948206482 0.018005204239701644
95.81366001921305 0.014466705736344678 0.031161768743825924
95.89648001923933 0.015662710008581104 0.018063434569992598
95.97930001926562 0.014469236909826155 0.03110391623905029
96.06212001929191 0.015653905804333013 0.018121171305984785
96.1449400193182 0.014471746612803815 0.031046554184166464
96.22776001934449 0.01564517626681161 0.018178418398395735
96.31058001937078 0.014474235017449932 0.030989678657578068
96.39340001939706 0.015636520798006814 0.01823517977076472
96.47622001942335 0.014476702294397459 0.030933285761747253
96.55904001944964 0.015627938804236297 0.018291459315722403
96.64186001947593 0.014479148613154249 0.030877371628734718
96.72468001950222 0.015619429696536513 0.018347260898621265
96.8075000195285 0.014481574142284901 0.030821932421809528
96.89032001955479 0.015610992889848354 0.018402588358112926
96.97314001958108 0.014483979048904971 0.030766964329587143
97.05596001960737 0.015602627803318447 0.01845744550356132
97.13878001963366 0.014486363498619759 0.03071246357164714
97.22160001965995 0.01559459562374177 0.018511836115375768
97.30442001968623 0.014488727656082558 0.030658426390384186
97.38724001971252 0.015587256979870956 0.018565763944533575
97.47006001973881 0.014491071684773926 0.030604849060189565
97.5528800197651 0.015579980808811178 0.018619232718541934
97.63570001979139 0.01449339574689501 0.030551727880523405
97.71852001981767 0.015572766607507282 0.01867224613266716
97.80134001984396 0.014495700003202772 0.03049905917912321
97.88416001987025 0.015565613876626585 0.018724807858028214
97.96698001989654 0.01449798461384566 0.030446839310338536
98.04980001992283 0.015558522120281193 0.01877692153924304
98.13262001994912 0.01450024973711217 0.030395064654609172
98.2154400199754 0.015551490846497764 0.018828590793806832
98.29826002000169 0.014502495530560933 0.03034373162048576
98.38108002002798 0.01554451956690317 0.018879819209571824
98.46390002005427 0.014504722150461058 0.030292836642853427
98.54672002008056 0.015537607796551112 0.018930610351497457
98.62954002010684 0.014506929751701092 0.030242376180600328
98.71236002013313 0.015530755054448675 0.018980967753456923
98.79518002015942 0.014509118488339022 0.03019234672296811
98.87800002018571 0.015523960862769302 0.019030894930038844
98.95981002021168 0.014510916762697668 0.030151071313710975
99.04263002023797 0.01551839355290907 0.019071920147539778
99.12545002026425 0.014513055391006004 0.030102188985181577
99.20827002029054 0.015511754783223197 0.01912070464616944
99.29109002031683 0.014515175865990049 0.030053721419665003
99.37391002034312 0.01550517236126392 0.01916907511356758
99.4567300203694 0.014517278333542993 0.0300056652870917
99.5395500203957 0.015498645834648326 0.01921703487651749
99.62237002042198 0.014519362938687164 0.029958017282416538
99.70519002044827 0.01549217475379705 0.019264587239875564
99.78801002047456 0.014521429824741914 0.02991077412585197
99.87083002050085 0.015485758672390881 0.01931173548094245
99.95365002052714 0.014523479134636585 0.02986393255738351
100.03647002055342 0.015479397147856401 0.019358482855835746
100.11929002057971 0.014525511010225369 0.02981748934510753
100.202110020606 0.01547308974035011 0.019404832595204535
100.28493002063229 0.014527525591679804 0.029771441278336752
100.36775002065858 0.015466836013308671 0.019450787906727385
100.45057002068486 0.014529523018831482 0.02972578517067559
100.53339002071115 0.015460635533526723 0.01949635197527888
100.61621002073744 0.014531503430238124 0.02968051785918746
100.69903002076373 0.015454487871548019 0.019541527958277793
100.78185002079002 0.01453346696333746 0.029635636203217963
100.8646700208163 0.015448392600040384 0.01958631899370289
100.9474900208426 0.014535413754683148 0.02959113708718153
101.03031002086888 0.015442349295334392 0.0196307281989605
101.11313002089517 0.014537895149384748 0.029547017417208554
101.19595002092146 0.015436357536622314 0.019674758664345315
101.27877002094775 0.014540454619647923 0.029503274121378542
101.36159002097403 0.01543041690661051 0.019718413457125994
101.44441002100032 0.014542992240181294 0.0294599041516852
101.52723002102661 0.015424526990717058 0.01976169562313279
101.6100500210529 0.014545508188206768 0.029416904481449624
101.69287002107919 0.015418687377789175 0.019804608184503802
101.77569002110548 0.014548002639840685 0.02937427210578658
101.85851002113176 0.015412897659534576 0.019847154145224977
101.94133002115805 0.014550475769716797 0.029332004043680637
102.02415002118434 0.015407157430398334 0.01988933648372493
102.10697002121063 0.014552927750909437 0.029290097336043264
102.18979002123692 0.015401466288119559 0.01993115815731583
102.2726100212632 0.014555358755647842 0.029248549043470184
102.3554300212895 0.015395823833275202 0.01997262210022832
102.43825002131578 0.014557768954786665 0.029207356249449923
102.52006002134175 0.015391163228668627 0.020006965709362667
102.60288002136804 0.014559748856414092 0.029173405302052036
102.68570002139433 0.015385650357740643 0.020047477063689367
102.76852002142061 0.014562103810045746 0.029133158302319107
102.8513400214469 0.01538018433567545 0.020087644201993715
102.93416002147319 0.014564438743514097 0.029093253377177053
103.01698002149948 0.015374764783360528 0.02012746990918135
103.09980002152577 0.014566753818855192 0.029053687760782765
103.18262002155205 0.015369391325152583 0.0201669569466989
103.26544002157834 0.014569049197008967 0.029014458706921875
103.34826002160463 0.015364063587838261 0.0202061080576188
103.43108002163092 0.014571325037235683 0.02897556349249486
103.51390002165721 0.0153590131657263 0.02024492596727212
103.5967200216835 0.014573581498189547 0.0289369994098454
103.67954002170978 0.015354396559833616 0.020283413375732362
103.76236002173607 0.014575818737209256 0.02889876377313305
103.84518002176236 0.015349819283495549 0.020321572968040602
103.92800002178865 0.014578036910721568 0.028860853915424478
104.01082002181494 0.015345281017286272 0.02035940740794384
104.09364002184122 0.014580236173574512 0.02882326718931516
104.17646002186751 0.015340781443585416 0.020396919339704667
104.2592800218938 0.014582416679615018 0.028786000967873093
104.34210002192009 0.01533632024783016 0.020434111388167864
104.42492002194638 0.014584578581840923 0.02874905264133032
104.50774002197267 0.01533189711721894 0.020470986160647797
104.59056002199895 0.014586722032222332 0.02871241961768245
104.67338002202524 0.015327511741181854 0.020507546245118746
104.75620002205153 0.014588847181111421 0.02867609932774018
104.83902002207782 0.015323163812201447 0.02054379420790564
104.9218400221041 0.014590954178357431 0.028640089217968345
105.0046600221304 0.015318853023591929 0.020579732602565848
105.08748002215668 0.014593043172213107 0.028604386754771394
105.17030002218297 0.015314579072203682 0.020615363957798838
105.25312002220926 0.014595114310310795 0.028568989422650404
105.33594002223555 0.015310341656487035 0.020650690787571424
105.41876002226184 0.014597167739162751 0.02853389471986212
105.50158002228812 0.015306140476904926 0.020685715587975828
105.58440002231441 0.014599203604120148 0.02849910017088675
105.6672200223407 0.01530197523648169 0.020720440834376408
105.75004002236699 0.014601222049365314 0.028464603308964165
105.83286002239328 0.015297845639855923 0.020754868987682418
105.91568002241956 0.014603223218543349 0.028430401692258744
105.99850002244585 0.015293751394106601 0.020789002491083952
106.08132002247214 0.014605207253917007 0.028396492890736535
106.16313002249811 0.0152903750711576 0.020817238240367075
106.2459500225244 0.01460683492621695 0.028368582825455402
106.32877002255069 0.015286374915320589 0.020850586910414748
106.41159002257697 0.014608773452661093 0.028335453222605445
106.49441002260326 0.015282408765380007 0.020883652126935104
106.57723002262955 0.014610695495776649 0.02830260529920192
106.66005002265584 0.015278476343174363 0.020916436209661438
106.74287002268213 0.014612601190679864 0.028270036746791405
106.82569002270841 0.015274577371550026 0.02094894146675852
106.9085100227347 0.014614490672108958 0.028237745272408077
106.99133002276099 0.015270711575550487 0.02098117018584089
107.07415002278728 0.01461636407381772 0.028205728592023416
107.15697002281357 0.015266878681625018 0.021013124643409764
107.23979002283986 0.014618221528964082 0.028173984434931576
107.32261002286614 0.01526307841766661 0.021044807105818908
107.40543002289243 0.014620063169537456 0.0281425105408184
107.48825002291872 0.015259310512088176 0.021076219826388076
107.57107002294501 0.01462188912564988 0.028111304669165005
107.6538900229713 0.015255574696938057 0.021107365035999415
107.73671002299758 0.014623699527267164 0.02808036460409946
107.81953002302387 0.015251870706006754 0.02113824495832972
107.90235002305016 0.014625494503567982 0.02804968814289488
107.98517002307645 0.015248198275939262 0.021168861789633286
108.06799002310274 0.014627274182556162 0.028019273103996323
108.15081002312903 0.015244557145340454 0.021199217713163687
108.23363002315531 0.014629038691171492 0.02798911732578846
108.3164500231816 0.015240947055289222 0.021229314888460138
108.39927002320789 0.014630788155159391 0.027959218660233986
108.48209002323418 0.015237367748432873 0.021259155465458424
108.56491002326047 0.014632522699404961 0.027929574982776817
108.64773002328675 0.015233818970025736 0.021288741567881964
108.73055002331304 0.014634242447473356 0.027900184181817167
108.81337002333933 0.015230300466962944 0.021318075307452666
108.89619002336562 0.01463594752201647 0.02787104416599462
108.97901002339191 0.015226811988750089 0.021347158774653874
109.0618300234182 0.014637638044818992 0.027842152859736125
109.14465002344448 0.015223353286531571 0.02137599404657964
109.22747002347077 0.01463931413654007 0.027813508206120385
109.31029002349706 0.015219924114085905 0.02140458317796412
109.39311002352335 0.014640975916997976 0.027785108161992866
109.47593002354964 0.015216524226883243 0.021432928209041968
109.55875002357593 0.014642623504905748 0.02775695070289519
109.64157002360221 0.015213153382144904 0.021461031165703748
109.7243900236285 0.014644257017777386 0.027729033822887494
109.80620002365447 0.01521037807688308 0.0214842391233816
109.88902002368076 0.014645594734766898 0.027706095045965107
109.97184002370705 0.015207084601829736 0.021511696726106422
110.05466002373333 0.014647190828875667 0.02767881890756163
110.13748002375962 0.01520381905993806 0.021538921512009868
110.22030002378591 0.014648773385646517 0.02765177415996467
110.3031200238122 0.015200581221693765 0.021565915393384483
110.38594002383849 0.014650342516237091 0.027624958901828478
110.46876002386477 0.015197370859263426 0.021592680272064513
110.55158002389106 0.014652105510608804 0.027598371252113285
110.63440002391735 0.015194187747617272 0.021619218026702747
110.71722002394364 0.014654044515188924 0.02757200934364601
110.80004002396993 0.01519103166258351 0.02164553052732554
110.88286002399622 0.014655967055944739 0.027545871323031434
110.9656800240225 0.01518790238212242 0.021671619626173477
111.04850002404879 0.014657873268178467 0.027519955351984482
111.13132002407508 0.01518479968619102 0.021697487159333395
111.21414002410137 0.014659763286137939 0.027494259607918625
111.29696002412766 0.015181723356278098 0.0217231349497915
111.37978002415394 0.014661637243150836 0.027468782280481996
111.46260002418023 0.015178673175837985 0.021748564802193115
111.54542002420652 0.014663495271122207 0.02744352157930674
111.62824002423281 0.01517564892990697 0.02177377851266815
