0.001020000000000002 0.477498210543498 1.1913996828839202
0.08283000000000058 0.3462048061005736 0.8145425791610261
0.16464000000002388 0.4363306408166825 1.1084431998812705
0.2464500000001057 0.31949430369237475 0.7459920556476374
0.3282600000001875 0.40404890470707244 1.0288130294109687
0.41007000000026933 0.29369726598515566 0.6832455393807169
0.49289000000035216 0.3745411071106396 0.9559693398051294
0.5747000000000193 0.26902333548537405 0.6229843699333548
0.656509999999647 0.34819742824683464 0.891035222991543
0.7383199999992747 0.24632295439728047 0.5674872125284058
0.8201299999989023 0.32408302928176735 0.8315813787139303
0.90193999999853 0.22506365113325108 0.515489585001061
0.9837499999981577 0.30195205570542794 0.7769936484726236
1.0655599999985133 0.2052324102753259 0.4669728063853795
1.1473699999990492 0.28161485645755846 0.7268063990174101
1.2291799999995852 0.18677757262507566 0.42180748008143754
1.3109900000001211 0.26291140696443394 0.6806331050629999
1.3938100000006637 0.16932608854165532 0.37906319330216487
1.4756200000011996 0.24544431074876527 0.6374757435746004
1.5574300000017356 0.15346932784000145 0.340213660780575
1.6392400000022715 0.22966588668597887 0.5984640764144844
1.7210500000028075 0.13874881212159262 0.3041307387118941
1.8028600000033435 0.21511648098951497 0.5624606128341147
1.8846700000038794 0.1250941600584331 0.27065096038503267
1.9664800000044154 0.20169579523093625 0.5292197239145757
2.0482900000049513 0.11243870712220039 0.2396152125934914
2.1301000000054873 0.18932552853960383 0.4985319642084485
2.21292000000603 0.10051617518700806 0.2103674822699575
2.294730000006566 0.17774369633857412 0.4697683053709545
2.3765400000071017 0.08972662211084192 0.18389714866593465
2.4583500000076377 0.16727243248877233 0.4437358702144234
2.5401600000081737 0.07974610941921256 0.15940956887822155
2.6219700000087096 0.15761492524329368 0.4196831667484191
2.7037800000092456 0.07051855217210323 0.13676964854963947
2.7855900000097815 0.14870939486699764 0.3974580696536001
2.8674000000103175 0.06198886562554484 0.11584301225143756
2.9492100000108534 0.14049457146755218 0.3769254242563691
3.032030000011396 0.053975046669623716 0.09618016859733736
3.113840000011932 0.1328125394876558 0.3576863240327466
3.195650000012468 0.046728391352750975 0.07840207710073654
3.277460000013004 0.12587383274682107 0.3402657387478025
3.35927000001354 0.040031598459433826 0.061972548024413765
3.4410800000140758 0.11947667924128791 0.3241802801323357
3.5228900000146117 0.033844209085512555 0.04679231449595811
3.6047000000151477 0.1135838798006229 0.309330439966371
3.6865100000156836 0.028128613219724593 0.03276916725226675
3.769330000016226 0.10806711312176677 0.2953874200723461
3.851140000016762 0.02276874825777453 0.0196168681265263
3.932950000017298 0.1030953830235637 0.2828029177494473
4.014760000017178 0.017919126676330444 0.007718385398458594
4.096570000014081 0.09851999105336161 0.27118537545707255
4.178380000010984 0.013759366977010965 0.003270767092311555
4.260190000007887 0.09430711477282316 0.2604611315130234
4.34200000000479 0.01295439673993326 0.013418458024838653
4.423810000001692 0.09042556028747806 0.25056222372874526
4.505619999998595 0.013760234552775308 0.022787672723589836
4.58843999999546 0.08680220816178563 0.24128092940279844
4.670249999992363 0.015151965273905277 0.03155891461190663
4.752059999989266 0.08353205117459062 0.23289293589292548
4.8338699999861685 0.016749808778095288 0.03950213022380078
4.915679999983071 0.08052543360164055 0.22515053210866443
4.997489999979974 0.018443161956210208 0.04683532256930523
5.079299999976877 0.0777570376794473 0.21800478313775962
5.16110999997378 0.02015616795598607 0.05360446536870622
5.242919999970683 0.07521004133509679 0.211410493463704
5.325739999967547 0.021869454555402235 0.05995545239084743
5.40754999996445 0.07283357293985482 0.2052377312184106
5.489359999961353 0.023493337764840083 0.06569098218942582
5.571169999958256 0.07068847962773339 0.19965195255097212
5.652979999955159 0.025046476294194875 0.07098518848334123
5.734789999952062 0.06871493747278812 0.19449710551755484
5.816599999948965 0.026524239627285225 0.07587146634354669
5.8984099999458675 0.06689947220609294 0.18974037291825674
5.98021999994277 0.02792067955928368 0.08038074029088627
6.063039999939635 0.06519909222686893 0.18527734200124435
6.144849999936538 0.029253262878750186 0.08460438019962657
6.226659999933441 0.06367179161237901 0.18124900600354765
6.3084699999303435 0.030476793578976587 0.08842371721047293
6.390279999927246 0.062262259987920794 0.17753131130510136
6.472089999924149 0.03162137411370369 0.0919483732404136
6.553899999921052 0.06096829033943074 0.17410052777203644
6.635709999917955 0.03269207955238773 0.09520075649999127
6.717519999914858 0.05977657007128434 0.1709347296611985
6.800339999911722 0.03370438647477669 0.09825413294973773
6.882149999908625 0.058660113246502006 0.16796855401589594
6.963959999905528 0.0346263473184536 0.10100791125079445
7.045769999902431 0.05765744992740197 0.16528722478031943
7.127579999899334 0.035483242832000994 0.10354910721580568
7.209389999896237 0.05673306966501035 0.16281272249097922
7.29119999989314 0.036279377169595506 0.10589393031205097
7.3730099998900425 0.05588006330066975 0.1605292602461672
7.454819999886945 0.037016340685742444 0.10805737331186505
7.536629999883848 0.055095536101635985 0.15842224261388704
7.619449999880713 0.037714041273574916 0.11008538293723058
7.701259999877616 0.054365191249880596 0.156450908949346
7.7830699998745185 0.03834424632500921 0.11191704104214217
7.864879999871421 0.05370394191994033 0.15466624808165852
7.946689999868324 0.03892839787772362 0.11360716561804596
8.028499999865227 0.053093725880324794 0.15301931214721787
8.11030999986213 0.03947169265971173 0.11516657060719471
8.192119999859033 0.052530644574054874 0.15149958244018435
8.273929999855936 0.03997292735751046 0.11660525524004317
8.3567499998528 0.052006819056130915 0.15007430022541124
8.438559999849703 0.04044205954289082 0.1179519181853328
8.520369999846606 0.051534068679204625 0.14878723802395077
8.602179999843509 0.040868530967817285 0.119169977291822
8.683989999840412 0.05109778312766932 0.14759944930783364
8.765799999837315 0.04126474616266207 0.1202938597023806
8.847609999834217 0.05069517772366894 0.14650335335962827
8.92941999983112 0.041630298143466415 0.12133076914524477
9.011229999828023 0.05032367815744432 0.14549194203845595
9.094049999824888 0.04197327318839017 0.12230372891959274
9.17585999982179 0.04997578478344733 0.14454470682375709
9.257669999818694 0.04228272067541006 0.12318149703125503
9.339479999815596 0.049662109192842425 0.14368807036321263
9.4212899998125 0.042568250626365045 0.123991425475245
9.503099999809402 0.049374405696254724 0.14289752335507888
9.584909999806305 0.04283262017561418 0.12473870184297464
9.666719999803208 0.049108916913482514 0.14216801741038232
9.74852999980011 0.04307839188630913 0.12542812159941352
9.831349999796975 0.04885969445427552 0.14148314234004866
9.913159999793878 0.04330865796189509 0.12607410847915723
9.994969999790781 0.04863485424044489 0.14086533506670884
10.076779999787684 0.04351671768105958 0.12665774270780306
10.158589999784587 0.04842734984814512 0.14029516241739204
10.24039999978149 0.043708688966116016 0.1271962493460399
10.322209999778392 0.04823585784282125 0.1397689879392039
10.404019999775295 0.043885802827185794 0.12769308116395983
10.485829999772198 0.04805915475298628 0.13928344984650565
10.567639999769101 0.0440491971407051 0.12815142971781546
10.650459999765966 0.047893505876057674 0.13882824248228065
10.732269999762869 0.04420206783415581 0.1285802992748608
10.814079999759771 0.047743844369798505 0.1384170118183925
10.895889999756674 0.04434039669597978 0.12896833598158297
10.977699999753577 0.047605724568833496 0.13803749473175753
11.05950999975048 0.04446802453573062 0.12932635618425614
11.141319999747383 0.04747826515152154 0.13768726959223487
11.223129999744286 0.04458577053992874 0.1296566575870739
11.304939999741189 0.047360651387670205 0.13736409774477432
11.387759999738053 0.044696205462795846 0.12996647971990072
11.469569999734956 0.047250546027110985 0.13706152801103988
11.551379999731859 0.04479587493308923 0.13024607356876272
11.633189999728762 0.04715176573707869 0.13678779078629688
11.714999999725665 0.04488783755568626 0.13050404936952864
11.796809999722567 0.047060725318079144 0.13653516806197974
11.87861999971947 0.04497341647087194 0.13074206115727405
11.960429999716373 0.04697671292516181 0.13630204717159922
12.042239999713276 0.04505251838842872 0.13096163781413095
12.12505999971014 0.04689787218961694 0.13608325619408612
12.206869999707044 0.0451266050890079 0.13116731312677876
12.288679999703946 0.0468267173453667 0.13588581503607422
