0.001020000000000002 0.4775114360355745 1.1913996218850031
0.07778000000000254 0.21105840701744882 0.5332683763244916
0.15353000000001277 0.435529470777365 1.1033374637950843
0.23029000000008953 0.1772655697160852 0.44615601704324215
0.3070500000001663 0.40118714935525335 1.0165046383597498
0.38280000000024206 0.14651653284766608 0.3685221286951257
0.4595600000003188 0.3711563375599144 0.9404724740362802
0.5353100000001986 0.11888351372325978 0.29870335216263255
0.6120699999998492 0.34427906939732267 0.8724599745916439
0.6888299999994999 0.09380703478638897 0.23530724611553477
0.7645799999991552 0.32021249555536324 0.8115597715940281
0.8413399999988058 0.07165313739242729 0.1792877170071705
0.9180999999984565 0.29841364539486204 0.7564054292585665
0.9938499999981117 0.05176343643290138 0.12898009597756
1.0706099999985463 0.27922416298589947 0.7078639261824726
1.1473699999990492 0.033698818059375246 0.08327251319634188
1.2231199999995455 0.26203793219789806 0.6643889803070513
1.2998800000000483 0.017786979849519158 0.043009401746429976
1.3766400000005512 0.2464491091782598 0.6249532357585963
1.4523900000010475 0.003521283801099728 0.006907465241423605
1.5291500000015503 0.23275130141187636 0.5902981287863818
1.6059100000020532 0.011275907986581069 0.02587561719146203
1.6816600000025494 0.22048451837271688 0.5592605812709706
1.7584200000030523 0.022219869771742062 0.05465338582977264
1.8351800000035552 0.20934606394713406 0.5310755831506198
1.9109300000040514 0.03217206842379372 0.0804131658694307
1.9876900000045543 0.199572642284073 0.5063423014475821
2.0634400000050506 0.04112776529537476 0.10346798589990769
2.1402000000055534 0.1908214593662948 0.4841890618355049
2.2169600000060563 0.04925063203839796 0.12431532336401041
2.2927100000065526 0.18298401729233926 0.46434915475146443
2.3694700000070554 0.05641674766801274 0.14267441121328384
2.4462300000075583 0.17589092036831477 0.44639202988950855
2.5219800000080546 0.06284156453983458 0.1591054991885832
2.5987400000085574 0.1696444491934923 0.430575584974191
2.6755000000090603 0.06865827232560529 0.17397347369493277
2.7512500000095566 0.16405089074322843 0.4164080968118822
2.8280100000100594 0.07377754874135933 0.18704483200712163
2.9047700000105623 0.15898219761714594 0.4035692753237452
2.9805200000110585 0.07835715555982758 0.19873877201168622
3.0572800000115614 0.15452102170078308 0.3922713875370909
3.1340400000120643 0.08250932148022805 0.20932742318198194
3.2097900000125605 0.15052362795498175 0.3821487728783102
3.2865500000130634 0.08615399440442861 0.2186219548489743
3.3633100000135663 0.14689691615665024 0.37296375471451704
3.4390600000140625 0.08941306064179622 0.2269340771149042
3.5158200000145654 0.1437095147977837 0.36488751682809406
3.5925800000150683 0.09236610279070312 0.2344657104816794
3.6683300000155645 0.14085238621932894 0.35764893698680966
3.7450900000160674 0.09495688774471456 0.2410663997417295
3.8218500000165703 0.13825638922337335 0.35107202674466986
3.8976000000170665 0.09727254542743335 0.24696705440856448
3.9743600000175694 0.13597466476207498 0.3452929105130509
4.051120000015802 0.09937154988399377 0.25231702043508886
4.126870000012934 0.13392839432196946 0.3401109498761046
4.203630000010028 0.10120783815750244 0.25699788267680157
4.27938000000716 0.1320932753796068 0.33546450135977235
4.356140000004254 0.1028482251956705 0.26118025917345467
4.432900000001348 0.1304306752547285 0.33125520005403697
4.508649999998481 0.10431302997619717 0.2649158376503813
4.585409999995575 0.1289628218091532 0.32754021958351087
4.662169999992669 0.10563482884144658 0.2682878867035665
4.737919999989801 0.12764558258522052 0.32420718322011544
4.814679999986895 0.10679440103498827 0.27124667572262506
4.891439999983989 0.12645022866508648 0.3211829639747643
4.967189999981121 0.10782958665484876 0.2738875497915183
5.043949999978215 0.12539537163074965 0.3185147538146471
5.120709999975309 0.10876454217269593 0.2762721657287859
5.196459999972442 0.12444865599603827 0.31611907681131646
5.273219999969536 0.10958295155881381 0.2783601689656856
5.34997999996663 0.12358800271295589 0.31394163280589193
5.425729999963762 0.1103124512005853 0.2802221106787739
5.502489999960856 0.1228283465223986 0.3120206933725833
5.57924999995795 0.11097087555856011 0.28190353480396224
5.654999999955082 0.12214537203454989 0.31029432580095273
5.731759999952176 0.11154574160351727 0.28337224705410335
5.8085199999492705 0.12152325533091779 0.3087222464441708
5.884269999946403 0.11205745144345881 0.28468033571547036
5.961029999943497 0.1209739701001532 0.3073350843468714
6.037789999940591 0.11251914495239546 0.2858613632478968
6.113539999937723 0.12047948618929026 0.30608693367044637
6.190299999934817 0.11292099545651092 0.2868899977932493
6.266049999931949 0.12003419147918648 0.3049635447529453
6.3428099999290435 0.11327803016776195 0.28780461212010167
6.4195699999261375 0.1196292110988091 0.30394233334546383
6.496329999923232 0.11359990573113421 0.28862987982908317
6.572079999920364 0.11926956059188774 0.3030361466445308
6.648839999917458 0.11387897948204129 0.2893461004893183
6.72458999991459 0.11894511446904965 0.3022192126141854
6.801349999911684 0.11412629388699369 0.28998147976266875
6.878109999908778 0.11864924015914803 0.3014746660206513
6.9538599999059105 0.11434519145136601 0.29054451190545505
7.030619999903005 0.11838615404379836 0.3008132722957968
7.107379999900099 0.11454099707230825 0.29104882916246577
7.183129999897231 0.11814829952217996 0.3002158114257858
7.259889999894325 0.11471059929356554 0.29148631926638746
7.336649999891419 0.11793071986545965 0.2996696909642438
7.412399999888551 0.11486011022373199 0.2918726219631962
7.489159999885645 0.11773689630620253 0.2991837734534042
7.565919999882739 0.11499343532011364 0.2922177440150331
7.641669999879872 0.11756119013542098 0.2987437289127648
7.718429999876966 0.11510810566248053 0.29251524606666024
7.79518999987406 0.11739989504936443 0.2983401518197537
7.870939999871192 0.11520860585180026 0.2927766118128061
7.947699999868286 0.11725584927295564 0.29798024737967
8.02445999986538 0.11529778782182742 0.29300915703143193
8.100209999862512 0.11712484363140686 0.2976533291905392
8.176969999859606 0.11537373083790403 0.293207865227163
8.252719999856739 0.11700557384743937 0.29735608754045684
8.329479999853833 0.11543971229288687 0.29338113725061454
8.406239999850927 0.11689592309222063 0.29708316308860727
8.48299999984802 0.11549780419234812 0.29353429648609763
8.558749999845153 0.11679715714366179 0.2968377468399397
8.635509999842247 0.11554653951326123 0.29366350180912715
8.71125999983938 0.11670687413059967 0.2966137533907065
