0.001020000000000002 0.4774820963066347 1.1913995792943277
0.13231999999999156 1.861920980126983 3.696182127873271
0.26261000000012186 0.2711490350165342 0.7501096642771321
0.39290000000025216 1.700149617586861 3.3704155518375467
0.5231900000002537 0.13291700486140523 0.3956538153203404
0.6544899999996562 1.562428491015981 3.0896258648296815
0.7847799999990632 0.06698022540992488 0.105134648911831
0.9150699999984703 1.445849915610776 2.850113431702994
1.045359999998381 0.1486158979443576 0.13458345457380005
1.176659999999241 1.3463393408266053 2.64463718900404
1.3069500000000946 0.24349653791256246 0.33599386456586444
1.4372400000009482 1.2619964420815761 2.4700339363341373
1.5675300000018018 0.3234184782174837 0.5052185292162559
1.6978200000026553 1.1901491470011758 2.32104988877887
1.8281100000035089 0.39112392774139526 0.6482925528728312
1.9584000000043624 1.1289600059440885 2.193909571335473
2.0897000000052226 0.44869360068461506 0.7697114386607029
2.219990000006076 1.0766886526852995 2.085079079862595
2.3502800000069297 0.4973161923322199 0.8720859492125088
2.4805700000077833 1.0323255780990614 1.9926166481872287
2.610860000008637 0.5386746935112359 0.9590791708366964
2.7411500000094904 0.9944965936212439 1.9137226031211152
2.871440000010344 0.5739197064874914 1.0331904962550986
3.0017300000111975 0.9622336626340534 1.8464455056436568
3.132020000012051 0.6039820098634169 1.0964242550766001
3.2623100000129046 0.9347332689131891 1.789118227717934
3.393610000013765 0.6296943135646296 1.1505235697607308
3.5239000000146183 0.9112350174278894 1.7401157014988233
3.654190000015472 0.6515041779243906 1.196391383524742
3.7844800000163255 0.8912909585379661 1.6985079842172346
3.914770000017179 0.6700752994905155 1.235423912330924
4.045060000016031 0.8742941858613087 1.6630338589598725
4.175350000011099 0.6858880110945784 1.2686385433673952
4.305640000006166 0.8598084275727699 1.6327894571853019
4.435930000001234 0.6993521279091737 1.2969039557030437
4.566219999996301 0.8474624067291248 1.6070068294747886
4.696509999991369 0.7108196586514751 1.3209706998985826
4.826799999986436 0.8369416656086238 1.5850320402850837
4.957089999981504 0.7205868133378861 1.3414648206723445
5.088389999976533 0.8279508682679719 1.5662487218507382
5.2186799999716005 0.7289277556148217 1.3589652763250193
5.348969999966668 0.8203239958807592 1.5503146477049423
5.4792599999617355 0.7360034849935507 1.3738077926609527
5.609549999956803 0.8138280757649998 1.5367431469929471
5.7398399999518706 0.7420292039577295 1.3864477134623687
5.870129999946938 0.80829621937066 1.525186283442237
6.000419999942006 0.7471606351402297 1.3972123016229077
6.130709999937073 0.8035859264737615 1.5153465544553768
6.260999999932141 0.7515304232685991 1.4063800039547103
6.391289999927208 0.799575618554028 1.5069699969731731
6.521579999922276 0.7552515726545235 1.4141879114672684
6.651869999917343 0.7961616112054951 1.4998399775496774
6.7831699999123725 0.7584303455366095 1.4208595158781256
6.91345999990744 0.7932470663668376 1.493753715081414
7.0437499999025075 0.7611260364303271 1.4265178324712413
7.174039999897575 0.7907759277342772 1.4885951298874933
7.3043299998926425 0.763422037827489 1.4313384631038373
7.43461999988771 0.7886724489574259 1.4842053276803657
7.564909999882778 0.7653777778099615 1.4354459489987814
7.695199999877845 0.7868819841451121 1.4804700382907376
7.825489999872913 0.7670438396484951 1.4389462966415967
7.95577999986798 0.7853580039625367 1.4772919566373388
8.086069999863048 0.7684632746829826 1.4419297297971978
8.216359999858115 0.784060904726934 1.4745882575855518
8.346649999853183 0.7696727187880233 1.4444730224019486
8.477949999848212 0.7829533210732814 1.472280617803956
8.60823999984328 0.7707065134693903 1.4466483718911238
8.738529999838347 0.7820148713409395 1.470326782221898
8.868819999833415 0.7715839783483947 1.448495750838652
8.999109999828482 0.7812162375584341 1.4686652185261329
9.12939999982355 0.7723319618624238 1.4500716776475686
9.259689999818617 0.7805366597281983 1.467252500987004
9.389979999813685 0.7729696596174063 1.4514163657034396
9.520269999808752 0.7799584603719389 1.4660516517892574
9.65055999980382 0.773513416603189 1.4525640566635412
9.780849999798887 0.7794665863626627 1.4650311835448293
9.911139999793955 0.7739771513614261 1.4535439093867453
10.041429999789022 0.7790482191065307 1.4641642829433033
10.17171999978409 0.7743727167634274 1.4543807558697441
10.303019999779119 0.7786912793015967 1.4634256427608516
10.433309999774186 0.7747112340102682 1.4550979940298747
10.563599999769254 0.7783891223013522 1.4628014568457304
10.693889999764322 0.7749989574831635 1.4557085219771282
10.824179999759389 0.7781322731045287 1.462271855548647
10.954469999754457 0.7752445880026284 1.456230679831405
