0.001020000000000002 0.47747802918866156 1.1913996875600241
0.11413999999998845 1.231557009461074 2.5545677841453673
0.2262500000000855 0.37396603575975385 0.9640738726746756
0.3383600000001976 1.1968518168739397 2.496582832777583
0.4494600000003087 0.312718203804765 0.8241234741854675
0.5615700000000791 1.1636283164815713 2.428047487273721
0.6736799999995688 0.26442251960172036 0.7120789478912481
0.7847799999990632 1.1325926987619876 2.3614675580957534
0.896889999998553 0.22407737903606162 0.6166118509472462
1.007989999998136 1.1036418104211199 2.298752775716406
1.1200999999988706 0.18898597718048915 0.5316472418420037
1.2311999999995984 1.0764606576386577 2.239692634112034
1.3423000000003262 0.15873554723776973 0.4560522027393654
1.453400000001054 1.0513009295350602 2.1849687071470947
1.5655100000017885 0.13174118651098465 0.3858711263140191
1.6766100000025164 1.0270977754624366 2.132331308549884
1.7877100000032442 0.10868853444982042 0.3222943101002351
1.898810000003972 1.0045346139685787 2.08324408157492
2.0099100000047 0.0889602232699952 0.2632842495337906
2.1210100000054277 0.9830391954266304 2.0364557857035837
2.233120000006162 0.07243800394156652 0.20744628251825326
2.34422000000689 0.9621958086208825 1.9909947454961774
2.455320000007618 0.05990779740284924 0.1561754853069086
2.5664200000083457 0.9427473252992438 1.9485670526739773
2.6775200000090735 0.05157077907679908 0.10797010709920896
2.7886200000098014 0.9242119192065492 1.9080833766598415
2.899720000010529 0.04847957192404562 0.06253930190929236
3.010820000011257 0.9065535222855793 1.8694630917233113
3.121920000011985 0.05326067028722281 0.019588843732398775
3.2330200000127127 0.8897248202770186 1.8326180843445616
3.3441200000134406 0.06934601820507347 0.021087749325221505
3.454210000014162 0.8739820932796367 1.7981444637923838
3.5653100000148896 0.08634464242614581 0.05891800383250878
3.6764100000156175 0.8586557578200492 1.7645655757414613
3.7875100000163453 0.10277516045311308 0.09548391293175973
3.898610000017073 0.8440041513775948 1.7324877946476192
4.009710000017369 0.11839960347642231 0.13025916256840242
4.120810000013163 0.8299760441444439 1.701779432492434
4.231910000008957 0.13327837107621587 0.16337911644268566
4.343010000004751 0.8165244029310856 1.6723164403311452
4.454110000000545 0.1474682956074943 0.19496731688841695
4.564199999996378 0.8038971565879816 1.6446441152369262
4.675299999992172 0.16070158395849887 0.2244193515548054
4.786399999987966 0.7915550475697938 1.6175767897579685
4.89749999998376 0.17358218989346774 0.2530688547376925
5.008599999979554 0.7796939484054348 1.5915537157762727
5.119699999975348 0.18590143358668265 0.28045581860985935
5.22978999997118 0.7685256281318602 1.5670524609705971
5.340889999966974 0.19743529525103365 0.3061006971309399
5.451989999962768 0.7576283948465756 1.5431406236898537
5.563089999958562 0.20868589260985473 0.33110664623591246
5.674189999954356 0.7471451577647256 1.5201382799811203
5.78528999995015 0.2194857350974423 0.35510943557837127
5.895379999945982 0.7372768404427769 1.4985009405254157
6.006479999941776 0.2296025098859343 0.37759980044512753
6.11757999993757 0.7276305138027491 1.477349249999138
6.228679999933364 0.23950737663182053 0.39960570119451644
6.339779999929158 0.7183366788413236 1.4569786880691327
6.44986999992499 0.2488443694242507 0.42035161218645367
6.5609699999207844 0.7096031039377575 1.437853605837891
6.6720699999165785 0.25795759552335296 0.4405875149467442
6.7831699999123725 0.7010222719301272 1.4190490019136415
6.8942699999081665 0.2667419991797879 0.4600840617433599
7.004359999903999 0.6929164099889582 1.401296772312255
7.115459999899793 0.27500230466400566 0.4784175798548951
7.226559999895587 0.6849794991858771 1.3838954685121196
7.337659999891381 0.28311797788560145 0.49642044959491427
7.448759999887175 0.6773138105281181 1.367085364751175
7.558849999883007 0.2907816050605605 0.5134284219618812
7.669949999878801 0.6701113656318963 1.3513030543290006
7.781049999874595 0.298289382707169 0.5300871831025011
7.892149999870389 0.6630201176511834 1.3357461986556074
8.003249999866183 0.3055376503145577 0.5461731146526261
8.113339999862015 0.6563389287825313 1.3211017875567443
8.22443999985781 0.3123359377353191 0.561267098731355
8.335539999853603 0.6497779725799625 1.306704451950369
8.446639999849397 0.31903591927106745 0.5761413612775268
8.55672999984523 0.6435796501282364 1.2931135305302988
8.667829999841024 0.3253357374143042 0.5901336199275353
8.778929999836818 0.6375043556210356 1.2797748733089587
8.890029999832612 0.33153137593923454 0.6038933549279979
9.000119999828444 0.6317506999395739 1.2671489679837888
9.111219999824238 0.337366806182015 0.616851574099142
9.222319999820032 0.6261204639707566 1.2547782677779784
9.333419999815826 0.34309475650872023 0.6295671936628056
9.44451999981162 0.6206742810513813 1.2428081684325742
9.554609999807452 0.3484995084121717 0.6415628347251623
9.665709999803246 0.6155554174304482 1.2315647913711425
9.77680999979904 0.3537995977852064 0.6533253053513377
9.887909999794834 0.6105025863494404 1.2204536711248104
9.997999999790666 0.3588106201292397 0.6644457530270653
10.10909999978646 0.6057470361641871 1.210002694569856
10.220199999782254 0.36371947270806526 0.6753397313568055
10.331299999778048 0.6010595753016604 1.1996910296477092
10.44138999977388 0.3683646521413545 0.6856469089534745
10.552489999769675 0.5966438595733218 1.1899811966644025
10.663589999765469 0.3729079304658113 0.695727329281437
10.774689999761263 0.5922971582977306 1.1804141592020811
10.884779999757095 0.37720901635106074 0.7052679157596109
10.995879999752889 0.5882000123439852 1.1713995300687396
11.106979999748683 0.38141053425783233 0.7145864228766285
11.218079999744477 0.5841717195606276 1.1625300863791321
11.329179999740271 0.38546890252478283 0.7235856333842161
11.439269999736103 0.5803730340106981 1.1541695537348073
11.550369999731897 0.38927546752934106 0.732025347675147
11.661469999727691 0.5766418694764553 1.1459529911340027
11.772569999723485 0.3930291625948128 0.7403482092502522
11.882659999719317 0.5731221275963532 1.1382047196037415
11.993759999715111 0.39655144658914887 0.748157453777698
12.104859999710905 0.5696676538639677 1.1305965552962371
12.2159599997067 0.4000222836180132 0.7558527164251982
12.326049999702532 0.5664079840630288 1.1234193798042358
12.437149999698326 0.40327989735621317 0.763074649844675
12.54824999969412 0.5632108803242835 1.1163771512816778
12.659349999689914 0.40648791452794675 0.7701862817889538
12.769439999685746 0.5601932957491388 1.1097318406517842
12.88053999968154 0.40949934366307117 0.776861451112687
12.991639999677334 0.5572352939823736 1.1032156396917903
13.102739999673128 0.41246327864040055 0.7834305096357741
13.21282999966896 0.5544425496855224 1.0970649323288062
13.323929999664754 0.4152461049742976 0.7895973849511129
13.435029999660548 0.5517062649924528 1.0910369180806123
13.546129999656342 0.4179839463068529 0.795663493069787
13.656219999652174 0.5491220729987721 1.0853457125010402
13.767319999647968 0.4205555970704662 0.8013610228799206
13.878419999643762 0.5465915831795995 1.0797713867278569
13.989519999639557 0.42308499409081207 0.8069642860055737
14.099609999635389 0.5442011040620757 1.074507464903962
14.210709999631183 0.4254617527711449 0.8122293425270266
14.321809999626977 0.5418616588089922 1.0693545265097582
14.43290999962277 0.42779836208328115 0.8174049901509495
14.542999999618603 0.5396508583704721 1.0644867581999118
14.654099999614397 0.42999477624775173 0.8222700994589771
14.765199999610191 0.5374885391385735 1.0597241079516317
14.876299999605985 0.4321528029755644 0.8270498943400595
14.986389999601817 0.5354442520358519 1.0552228101745609
15.097489999597611 0.4341821224205619 0.8315444872953326
15.208589999593405 0.5334460721060554 1.0508213989817827
15.3196899995892 0.4361745416377041 0.8359570825110629
15.429779999585032 0.5315559545359938 1.0466590827689748
15.540879999580826 0.4380489459846338 0.8401079437361014
15.65197999957662 0.5297096232032483 1.042591588006725
15.763079999572414 0.43988788573238075 0.8441800386952192
15.874179999568208 0.5279267535261134 1.038663535008666
15.98426999956404 0.4416189801874932 0.848012873319226
16.095369999559836 0.526255923999357 1.0349830840654217
16.20646999955563 0.44331607597619316 0.8517702712885433
16.317569999551424 0.5246086612384898 1.0313530280541383
16.427659999547256 0.44491481232656666 0.8553094251523952
16.53875999954305 0.5230637673248495 1.0279491789519257
16.649859999538844 0.4464809027724847 0.8587761819376039
16.760959999534638 0.521542036263875 1.024595065581413
16.87104999953047 0.44795743630010165 0.8620442340091738
16.982149999526264 0.5201137242393132 1.021447526399677
17.093249999522058 0.44940262957140753 0.8652428865803419
17.204349999517852 0.5187081959468915 1.0183490714219756
17.314439999513684 0.45076647373565826 0.8682612518018162
17.42553999950948 0.5173877951027099 1.0154389245780382
17.536639999505272 0.45210021168724973 0.8712130871617596
17.647739999501066 0.516089783212228 1.0125771323495014
17.7578299994969 0.4533600732234362 0.8740012911641282
17.868929999492693 0.5148692550611143 1.009886765289436
17.980029999488487 0.45459089984953227 0.8767253172754064
18.09112999948428 0.5136707098467488 1.007243958778803
18.201219999480113 0.4557546512757986 0.8793007913489692
18.312319999475907 0.5125426274978656 1.0047570355362634
18.4234199994717 0.456890340829737 0.8818141757119591
18.534519999467495 0.5114361061989594 1.0023168541500649
18.64561999946329 0.45798600727252287 0.884238915488611
18.75570999945912 0.5103936101038786 1.0000183229075033
18.866809999454915 0.459012942157137 0.8865114836741683
18.97790999945071 0.5093722055349413 0.997765605008194
19.089009999446503 0.46002375384599026 0.8887483509646521
19.199099999442335 0.508408909008269 0.9956414667609992
19.31019999943813 0.46097215244685985 0.8908470153776271
19.421299999433923 0.5074661694903236 0.993562064652509
19.532399999429717 0.46190463262456727 0.8929104177759162
19.64248999942555 0.5065761024897618 0.9915992334803114
19.753589999421344 0.462780495445163 0.8948483876078162
19.864689999417138 0.5057059894416978 0.9896798816485197
19.97578999941293 0.4636407195712405 0.896751711790833
20.085879999408764 0.5048835459872147 0.9878660103433856
20.196979999404558 0.4644496423284338 0.8985413402936238
20.308079999400352 0.5040803999185699 0.9860942015730845
20.419179999396146 0.46524327112267133 0.9002971192057063
20.53027999939194 0.5033053487542165 0.9843842772127132
20.640369999387772 0.46599044462405004 0.9019499227979733
20.751469999383566 0.5025789901164027 0.9827820587370972
20.86256999937936 0.46672268781698156 0.903569711888097
20.973669999375154 0.5018635222935869 0.9812034041481121
21.083759999370987 0.467412874728756 0.9050962720100975
21.19485999936678 0.5011922246575433 0.9797224589229492
21.305959999362575 0.468088507278956 0.9065906775148402
21.41705999935837 0.5005317598095956 0.9782649988309466
21.5271499993542 0.4687260788480824 0.9080007180173433
21.638249999349995 0.4999113500443698 0.9768961698445544
21.74934999934579 0.46934948697499895 0.9093794844694081
21.860449999341583 0.4993016742852415 0.9755506577920237
21.970539999337415 0.4699384668080707 0.9106819420170553
22.08163999933321 0.49872830371638643 0.974285500073091
22.192739999329003 0.47051368873393223 0.9119540308582197
22.303839999324797 0.4981655288308124 0.9730433910450809
22.41493999932059 0.47106864717725017 0.9131812521245841
22.525029999316423 0.49763564266095295 0.9718740916173974
22.636129999312217 0.471588542465654 0.9143308071390854
22.74722999930801 0.497116179546353 0.9707274918487996
22.858329999303805 0.4721006102465932 0.9154631030723448
22.968419999299638 0.49662649402234127 0.9696468253704182
23.07951999929543 0.4725808989786107 0.9165250146935033
23.190619999291226 0.4961470294096564 0.9685884407802381
23.30171999928702 0.4730533820314479 0.9175697193567034
23.411809999282852 0.49569451115153557 0.9675897222936825
23.522909999278646 0.4734970765855813 0.9185506664693199
23.63400999927444 0.49525198723565417 0.9666128122774564
23.745109999270234 0.4739330222044574 0.9195145316907682
23.855199999266066 0.494833834861793 0.9656898656776991
23.96629999926186 0.47434290089509956 0.9204206576839513
24.077399999257654 0.49442542976094134 0.9647882144623532
24.188499999253448 0.4747451203800558 0.9213099004705794
24.299599999249242 0.49403137710300227 0.9639182248132538
24.409689999245074 0.4751237526886085 0.9221468980507241
24.52078999924087 0.49366215997186413 0.9631032063250999
24.631889999236662 0.4754948453662314 0.9229672835755598
24.742989999232456 0.49329851352393606 0.9623002995355567
24.85307999922829 0.4758446051669081 0.9237404170960639
24.964179999224083 0.4929573722885672 0.9615472065332642
25.075279999219877 0.476186968374072 0.9244972586023859
25.18637999921567 0.4926218062146249 0.9608062589224198
25.296469999211503 0.47651004755049675 0.9252113855993893
25.407569999207297 0.4923066235471312 0.9601104289293394
25.51866999920309 0.47682589406495685 0.9259095852282351
25.629769999198885 0.49199698787491875 0.9594267033127379
25.739859999194717 0.4771243183754428 0.9265691933459719
25.85095999919051 0.4917058041542387 0.9587838214434097
25.962059999186305 0.477415692267553 0.9272132770384411
26.0731599991821 0.49142011053941576 0.9581529375406794
26.184259999177893 0.47769676741558875 0.9278345849655256
26.294349999173726 0.4911511110113605 0.9575590100112996
26.40544999916952 0.4779601264280482 0.9284166634141444
26.516549999165314 0.4908875195478635 0.9569769165692521
26.627649999161108 0.47821942228796 0.928989815679071
26.73773999915694 0.49063902246464614 0.9564282432533489
26.848839999152734 0.4784626805265421 0.9295274554884214
26.959939999148528 0.4903958293071667 0.9558911863353781
27.071039999144322 0.4787018860506578 0.9300561924105444
27.181129999140154 0.4901662752100894 0.9553843290485142
27.292229999135948 0.47892657977618314 0.9305527949133419
27.403329999131742 0.48994190378162616 0.9548888297520097
27.514429999127536 0.47914725283139714 0.9310405633166652
27.62451999912337 0.48972985003691216 0.9544206055796756
27.735619999119162 0.4793547997254389 0.931499264281932
27.846719999114956 0.4895228451652701 0.9539634522947926
27.95781999911075 0.47955837648943733 0.9319492404354368
28.068919999106544 0.48932314445615294 0.9535224278311327
28.179009999102377 0.4797500853703729 0.9323729342430864
28.29010999909817 0.48913597797586583 0.9531091491603805
28.401209999093965 0.4799378903039833 0.9327880469767291
28.51230999908976 0.4889517315734615 0.9527022496550019
28.62239999908559 0.4801149697590882 0.9331794060460585
28.733499999081385 0.4887788320955738 0.9523204682963193
28.84459999907718 0.4802882244844652 0.9335623565081774
