0.001020000000000002 0.4774868858725873 1.191399693266948
0.09191999999999706 0.589220814660609 1.2958933532513428
0.18383000000004307 0.4162838073192445 1.069558189258879
0.274730000000134 0.5633991486442201 1.2328284570294223
0.3656300000002249 0.37588381257038006 0.9712886369129703
0.4565300000003158 0.5389336476243609 1.1765194117335231
0.5474300000001434 0.34206651873563176 0.8913990035879449
0.6383299999997297 0.5163260707796417 1.1234088434304734
0.729229999999316 0.31264190184407514 0.8215949078571705
0.8201299999989023 0.49520300869890754 1.0739566767320352
0.9110299999984887 0.28642843515171623 0.759065074866605
1.0019299999980964 0.47541337123175054 1.0276450855868147
1.092829999998692 0.26277094020205816 0.7023131499488633
1.1837299999992874 0.456809888624244 0.9841172700474132
1.274629999999883 0.2412207746251035 0.6503540331595503
1.3655300000004784 0.4392932591557919 0.9431411232608378
1.456430000001074 0.22148561498218566 0.6024689626023094
1.5473300000016694 0.4227882801636758 0.9045376476167877
1.638230000002265 0.20332128592375331 0.5581091064408294
1.7291300000028604 0.4072227528374926 0.868130909683873
1.8190200000034493 0.18689707562236235 0.5176854692542143
1.9099200000040448 0.39288329890133117 0.8346115819879651
2.0008200000046403 0.17140184674927494 0.4792130651032456
2.091720000005236 0.3789693421205149 0.8020473485153001
2.1826200000058313 0.15702348030446422 0.44316675428588415
2.273520000006427 0.365774534481785 0.7711587675564568
2.3644200000070223 0.14367263436589095 0.409303138692918
2.455320000007618 0.3532557542161827 0.7418487093388548
2.5462200000082134 0.1312770567244108 0.37742475063289316
2.637120000008809 0.3413733566296133 0.7140265375545019
2.7270100000093977 0.12002022801467516 0.3480336304382492
2.8179100000099933 0.3303907549553433 0.6883181238648395
2.9088100000105888 0.10938939852483633 0.31980088464018674
2.9997100000111843 0.3197212470130152 0.6633279795607572
3.0906100000117798 0.09955277790260865 0.2931518878935613
3.1815100000123753 0.30958757635685974 0.6395879580623598
3.2724100000129708 0.09046903697282282 0.2679790669162019
3.3633100000135663 0.29996259429529715 0.6170353380418825
3.454210000014162 0.08209851309832117 0.24417381106303093
3.5441000000147507 0.29105523331279304 0.5961723625420468
3.635000000015346 0.07460967145940267 0.2222404769869457
3.7259000000159417 0.28241314058644773 0.5759203184386608
3.816800000016537 0.06758629686110362 0.20097037489836822
3.9077000000171327 0.2742046406542209 0.5566855415158223
3.998600000017728 0.06117840637007488 0.1807901260823419
4.089500000014349 0.2664084937343054 0.5384204337889775
4.180400000010907 0.055379629990396695 0.1616350688037782
4.270290000007504 0.2591991715780212 0.5215416637712189
4.361190000004063 0.0503065133668269 0.14395402157146853
4.452090000000622 0.25219912108927545 0.5051478404904719
4.542989999997181 0.04569183240916552 0.1267626181299164
4.633889999993739 0.24554607618556182 0.48956865729425925
4.724789999990298 0.041662188946281487 0.11043308957385811
4.815689999986857 0.2392212761846011 0.47475882889649323
4.905579999983454 0.03831170157542674 0.095284480388802
4.9964799999800125 0.23337654974638133 0.4610781141624276
5.087379999976571 0.03550636339571056 0.0806165528119629
5.17827999997313 0.22768719399212534 0.44775665820236954
5.269179999969689 0.03333267643858162 0.06667480675772719
5.360079999966247 0.22227618019899742 0.4350877763605765
5.450979999962806 0.031830750806550734 0.05342075880591102
5.540869999959403 0.2172515610952196 0.4233290982373239
5.631769999955962 0.031083205705269346 0.04114081022930094
5.722669999952521 0.21238244286195174 0.4119321235296014
5.813569999949079 0.031169145451324543 0.029218139215059225
5.904469999945638 0.2077496855222819 0.40108969115955073
5.995369999942197 0.032280731381039596 0.017876746091860518
6.0862699999387555 0.203341375872475 0.390773659586674
6.177169999935314 0.03462964410734126 0.0070878650010652855
6.267059999931911 0.1992543594636571 0.38121313624350783
6.35795999992847 0.03832793925689615 0.002891774928814872
6.448859999925029 0.1952825745562572 0.37191909508282883
6.539759999921587 0.04244192889696363 0.012608419734527754
6.630659999918146 0.19150166696721893 0.36307192339236627
6.721559999914705 0.04635663105422971 0.021855206787313453
6.812459999911264 0.18790267216450707 0.3546511303967992
6.902349999907861 0.04999420487084205 0.0304490017061676
6.993249999904419 0.18457224364194347 0.34686196112625467
7.084149999900978 0.053521116062023026 0.03878217157772257
7.175049999897537 0.1813282907743463 0.33927414213923424
7.2659499998940955 0.056877432461931894 0.04671331130102763
7.356849999890654 0.17824022770779735 0.33205224332724104
7.447749999887213 0.06007118999588445 0.05426139445361411
7.538649999883772 0.17530081213906845 0.32517930070881107
7.628539999880369 0.06303348017177823 0.061264105128511215
7.719439999876927 0.17258574730595388 0.318833903157445
7.810339999873486 0.06591127642304173 0.06806755526851394
7.901239999870045 0.16993582473499003 0.31264019590132586
7.992139999866604 0.06864998250999832 0.07454289520975044
8.083039999863162 0.16741334626687465 0.30674521192459725
8.173939999859721 0.0712561012909636 0.08070526611410056
8.263829999856318 0.16507204421790145 0.301275630559783
8.354729999852877 0.07366992153478857 0.08641400867069882
8.445629999849436 0.16279864615564332 0.29596379552606633
8.536529999845994 0.07601875901523303 0.09196865744376392
8.627429999842553 0.1606347896195599 0.2909080121570762
8.718329999839112 0.07825400908086333 0.09725457948265293
8.80922999983567 0.15857547863006605 0.28609635845852077
8.90012999983223 0.08038091180985873 0.10228394150713083
8.990019999828826 0.15666645791342448 0.2816365553163003
9.080919999825385 0.08234891895620455 0.1069375444592291
9.171819999821944 0.15481070419858056 0.2772997795939314
9.262719999818502 0.08426590350764218 0.1114695573536384
9.353619999815061 0.15304464945874374 0.27317208320952746
9.44451999981162 0.08609003757705691 0.11578144877802954
9.535419999808179 0.15136422645591363 0.26924400884761335
9.625309999804776 0.08778710976143833 0.11979255777122555
9.716209999801334 0.14980740679829196 0.2656052497840622
9.807109999797893 0.08943129037400277 0.12367809301934152
9.898009999794452 0.14829342544581248 0.26206545827897054
9.98890999979101 0.09099606224400703 0.12737547923704629
10.07980999978757 0.14685291138800183 0.25869705317234093
10.170709999784128 0.09248514559752186 0.13089358722698785
10.261609999780687 0.14548251586224814 0.2554922676174298
10.351499999777284 0.09387090529683118 0.1341672118924997
10.442399999773842 0.14421277552429934 0.25252315312587204
10.533299999770401 0.0952133626566607 0.1373384260761057
10.62419999976696 0.1429785216140591 0.24963631336647474
10.715099999763519 0.09649084271747455 0.14035601923755303
10.805999999760077 0.1418046817464318 0.24689064713195874
10.896899999756636 0.097706272617614 0.14322699706854625
10.987799999753195 0.1406886049722218 0.2442800331177719
11.078699999749754 0.09886243888035406 0.14595800266963277
11.16858999974635 0.13965397303918847 0.24186037353899348
11.25948999974291 0.09993335320291086 0.1484877218273506
11.350389999739468 0.13864988015685364 0.23951181150236867
11.441289999736027 0.10097515408769686 0.15094874777145106
11.532189999732585 0.13769551816181924 0.23727967809474837
11.623089999729144 0.10196602051626659 0.1532895699678294
11.713989999725703 0.13678858304118346 0.235158629932275
11.804889999722262 0.10290830102250381 0.15551576975262327
11.89578999971882 0.13592687252108804 0.2331435403127302
11.985679999715417 0.10378252832325663 0.15758136387308275
12.076579999711976 0.13513126396966002 0.23128367958454854
12.167479999708535 0.10463115964318359 0.15958673023361847
12.258379999705094 0.1343566002342973 0.2294726035515282
12.349279999701652 0.10543798005684368 0.16149350748260183
12.440179999698211 0.1336207277531023 0.22775244755290913
12.53107999969477 0.10620491315508818 0.16330623891278595
12.621979999691328 0.13292183442600625 0.22611896883792948
12.711869999687925 0.10691802722059231 0.1649919821093193
12.802769999684484 0.13227498394661252 0.2246077148827741
12.893669999681043 0.1076082457719193 0.16662388047842258
12.984569999677602 0.13164717120564118 0.2231408479009822
13.07546999967416 0.10826421563619548 0.16817503040649218
13.166369999670719 0.1310510568692419 0.221748273158473
13.257269999667278 0.1088875289923742 0.16964917823819592
13.348169999663837 0.13048516116628217 0.22042651504863287
13.439069999660395 0.10947970125971074 0.1710498832969254
13.529969999656954 0.1299480661236352 0.2191722382225647
13.619859999653551 0.1100293101302001 0.17235015634031736
13.71075999965011 0.12945197389066687 0.21801419610023576
13.801659999646668 0.11056182523298395 0.17361015596446538
13.892559999643227 0.12897003508510885 0.21688912759979528
13.983459999639786 0.1110676370963738 0.17480715026891858
14.074359999636345 0.12851276199876027 0.21582182644495074
14.165259999632903 0.11154801748392228 0.17594413385516594
14.256159999629462 0.12807897646019317 0.21480952664548747
14.34705999962602 0.1120041861578519 0.17702397880395848
14.43795999962258 0.12766754927280155 0.2138495775733551
14.527849999619177 0.11242727892884752 0.17802574864016485
14.618749999615735 0.12728789315153688 0.2129641546785077
14.709649999612294 0.1128372781337661 0.178996627876149
14.800549999608853 0.1269191057796475 0.21210403352142082
14.891449999605411 0.11322659519699817 0.17991867526088168
14.98234999960197 0.12656940300789798 0.2112885787164953
15.073249999598529 0.11359624244089118 0.18079427612001098
15.164149999595088 0.1262378490228664 0.21051559580212986
15.255049999591646 0.11394718829415762 0.18162571489397372
15.345949999588205 0.12592355137166622 0.20978299519446297
15.435839999584802 0.11427284918424174 0.18239742969560213
15.52673999958136 0.1256334816041872 0.20910720743142486
15.61763999957792 0.11458824966633918 0.1831449416541342
15.708539999574478 0.12535199595565616 0.20845140158601838
15.799439999571037 0.1148877213041607 0.18385483975794648
15.890339999567596 0.1250852093810012 0.2078299948181428
15.981239999564155 0.11517205558077026 0.18452899343142093
16.072139999560715 0.12483239276991276 0.2072412802030077
16.163039999557274 0.11544200573198181 0.18516918041777686
16.253939999553833 0.12459285126263407 0.2066836301189201
16.34382999955043 0.11569288697983104 0.1857643112041396
16.434729999546988 0.12437153970357051 0.20616872396921337
16.525629999543547 0.11593553948925739 0.1863400425186068
16.616529999540106 0.12415719667428649 0.20567003955096474
16.707429999536664 0.1161659475098914 0.18688685433358998
16.798329999533223 0.12395414904370916 0.2051977807505989
16.889229999529782 0.1163847213278718 0.1874061863307741
16.98012999952634 0.12376183249403272 0.20475062538567457
17.0710299995229 0.11659244193514529 0.1878994090342645
17.161929999519458 0.12357970944736839 0.20432731389048442
17.252829999516017 0.11678966236185327 0.18836782696393106
17.343729999512576 0.12340726787750211 0.2039266465438061
17.433619999509173 0.11697270225780278 0.1888027243329704
17.52451999950573 0.1232483421555959 0.2035576593127919
17.61541999950229 0.11715005587290894 0.18922421214518925
17.70631999949885 0.12309421534472875 0.20319982595295993
17.797219999495407 0.11731847399529105 0.1896245853865275
17.888119999491966 0.12294831796143635 0.20286123400570233
17.979019999488525 0.11747840452266967 0.19000490056199082
18.069919999485084 0.12281023458792661 0.20254091014472175
18.160819999481642 0.11763027367098179 0.19036616303376164
18.2517199994782 0.12267956972094628 0.2022379277149544
18.34261999947476 0.11777448697041248 0.19070932937826912
18.432509999471357 0.12255882156922661 0.20195817512084213
18.523409999467916 0.1179083082252057 0.19102791499253646
18.614309999464474 0.12244218509352113 0.20168798233241025
18.705209999461033 0.11803806994563892 0.19133692215156373
18.79610999945759 0.12233184792507312 0.20143250851805128
18.88700999945415 0.1181613189683317 0.1916305293567344
18.97790999945071 0.12222748960803453 0.20119100295890036
19.068809999447268 0.11827838340881258 0.19190951066092587
19.159709999443827 0.12212880519769899 0.2009627512989165
19.250609999440385 0.11838957535302695 0.19217460232466843
19.341509999436944 0.12203550456128165 0.20074707390592694
19.432409999433503 0.1184951915989284 0.1924265045610274
19.52330999943006 0.12194731170399918 0.200543324288871
19.61319999942666 0.1185932891480207 0.1926606072699899
19.704099999423217 0.12186620890963816 0.20035617090088387
19.794999999419776 0.11868839781048401 0.19288765280632836
19.885899999416335 0.12178763296678652 0.20017487539513157
19.976799999412894 0.11877876477436022 0.19310347636027902
20.067699999409452 0.12171338823008815 0.20000368860292328
20.15859999940601 0.11886462989537692 0.1933086439212306
20.24949999940257 0.12164325157364886 0.1998420880009233
20.34039999939913 0.11894622120214515 0.19350369359769637
20.431299999395687 0.12157701084642081 0.19968957679801225
20.522199999392246 0.11902375544902133 0.1936891369192617
20.613099999388805 0.12151446436935842 0.199545682753266
20.7029899993854 0.11909591190351677 0.193861834612008
20.79388999938196 0.12145694555338571 0.19941354455902394
20.88478999937852 0.11916580826077827 0.19402919166533472
20.975689999375078 0.12140134480401998 0.19928584874339128
21.066589999371637 0.11923225505106239 0.1941883759455587
21.157489999368195 0.12134887254337745 0.19916544535353298
21.248389999364754 0.11929542723106523 0.19433980045864274
21.339289999361313 0.12129936603694647 0.1990519534570967
21.43018999935787 0.11935549105716692 0.19448385769762488
21.52108999935443 0.12125267065232692 0.1989450111198554
21.61198999935099 0.11941260450106161 0.19462092062549896
21.702889999347548 0.12120863947696892 0.19884427450316267
21.793789999344106 0.11946691764207396 0.19475134359702162
21.884689999340665 0.1211671329535825 0.1987494170086812
21.974579999337262 0.1195174728082564 0.19487284814886374
22.06547999933382 0.12112909869838506 0.198662666796523
22.15637999933038 0.1195665255841506 0.1949907964343911
22.24727999932694 0.12109232543831326 0.19857882845762953
22.338179999323497 0.1196131971689921 0.195103094313831
22.429079999320056 0.12105768691979901 0.1984999568064083
22.519979999316615 0.1196576085485882 0.19521002755364947
22.610879999313173 0.12102507076964797 0.19842578897164564
22.701779999309732 0.11969987463850407 0.19531186760702868
22.79267999930629 0.12099437028166204 0.19835607536202726
22.88357999930285 0.1197401045759602 0.19540887230163895
22.974479999299408 0.12096548414470276 0.1982905790321121
23.065379999295967 0.11977840200046964 0.19550128650047682
23.156279999292526 0.12093831618472341 0.19822907507269782
23.246169999289123 0.1198141050713941 0.19558753277030272
23.33706999928568 0.12091350633449494 0.19817306598045592
23.42796999928224 0.11984877735878796 0.19567133416220628
23.5188699992788 0.12088955260725286 0.19811902776274426
23.609769999275358 0.11988180573175089 0.19575122692040425
23.700669999271916 0.12086704922558188 0.1980683556408458
23.791569999268475 0.11991327365438788 0.1958274083349143
23.882469999265034 0.12084591889385675 0.19802086895089888
