0.001020000000000002 0.47747522604246484 1.191399645674418
0.5019800000003503 17.37567253586843 32.345025252227344
0.781749999999077 11.370281977208153 21.392366446217036
1.0706099999985463 17.335269149355874 32.28877299450033
1.3433100000003328 12.573721871595767 23.665952600039788
1.6200500000021458 17.277776652077797 32.205906421200105
1.8877000000038993 13.274047344315196 25.008203906823056
2.1583800000056725 17.209343930224506 32.10407636376975
2.423000000007406 13.76614676572191 25.944529935699336
2.689640000009153 17.140755159768805 31.99867192521913
2.95022000001086 14.15312989629996 26.671913481562914
3.213830000012587 17.07499609650547 31.894394340840055
3.4734000000142875 14.465869011619246 27.253039025211756
3.7339800000159946 17.011750420173698 31.791953067108953
3.991530000017682 14.7215086664491 27.72309869393491
4.250090000008269 16.95117306617309 31.692588754229273
4.505619999998595 14.932634039524242 28.108911121746626
4.763169999988845 16.89401197275565 31.597444429562096
5.0176899999792095 15.108507039617947 28.42864804914126
5.2742299999694975 16.839931569561294 31.50659464921989
5.526729999959938 15.256053863549274 28.69611138765572
5.782259999950265 16.789343049795615 31.420992094489264
6.0347599999407056 15.380861940466831 28.9223595320227
6.28927999993107 16.741921711827743 31.34035284638828
6.540769999921549 15.487068397767558 29.11445495669829
6.795289999911914 16.69755716654955 31.26463271524816
7.046779999902393 15.578001502374066 29.278637367166617
7.299279999892834 16.656407202909143 31.194043884378875
7.550769999883313 15.656079620013537 29.419268419430146
7.803269999873754 16.618204258502573 31.128150007748047
8.053749999864271 15.723535854290702 29.540609463913903
8.306249999854712 16.582876177863298 31.066974062142926
8.55672999984523 15.782110336619077 29.646046870862808
8.80922999983567 16.55019911252334 31.010236164156872
9.059709999826188 15.833235584303543 29.737991675716945
9.311199999816667 16.520130306323825 30.95789597643436
9.561679999807184 15.877951192527712 29.818312771915885
9.813169999797664 16.492469906280434 30.909639655409382
10.063649999788181 15.917208032120842 29.88876995571531
10.31513999977866 16.467117781208664 30.865321092298508
10.565619999769178 15.951750038322347 29.950675346223143
10.816099999759695 16.443976870735668 30.82479191228501
11.066579999750212 15.982155961588457 30.00508626220854
11.318069999740692 16.422819020424228 30.787662859443653
11.568549999731209 16.009039723284978 30.053150546055402
11.819029999721726 16.403567759449444 30.753832682074034
12.069509999712244 16.032784750564783 30.09556112764201
12.319989999702761 16.386050690583797 30.723008871016898
12.570469999693278 16.053813879451475 30.133099670675566
12.821959999683758 16.370120265571966 30.69494549646977
13.072439999674275 16.072476958931343 30.166402744625575
13.322919999664792 16.35569359904625 30.66950924386978
13.57339999965531 16.089005339618225 30.195896033112646
13.823879999645827 16.342630647048814 30.64645707567536
14.074359999636345 16.1036755371756 30.222072119033488
14.324839999626862 16.330816016495394 30.625597180246373
14.57531999961738 16.116704158203532 30.2453184218722
14.825799999607897 16.32014163658199 30.60674304940812
15.076279999598414 16.12828531942901 30.26597840805016
15.326759999588932 16.310507266985862 30.58971750862767
15.577239999579449 16.138588186530967 30.28435405800836
15.827719999569966 16.301818764561077 30.57435511071251
16.078199999560486 16.147762198662598 30.300711214850534
16.328679999551003 16.293988481859785 30.560501647684458
16.57915999954152 16.155937609776732 30.31528264625968
16.829639999532038 16.286935410896657 30.548016103183016
17.080119999522555 16.16322744851067 30.32827181002955
17.330599999513073 16.280585316787036 30.536769955894023
17.58107999950359 16.169731958045503 30.339857512336643
17.831559999494107 16.27487052667745 30.526645135738946
18.082039999484625 16.175538620757003 30.350197082018564
18.332519999475142 16.26972965938849 30.517534258468242
18.581989999465698 16.180716842142377 30.359415793692968
18.832469999456215 16.26511367807982 30.509351755161727
19.082949999446733 16.185348333867747 30.36766007413256
19.33342999943725 16.260959149073216 30.50198527089997
19.583909999427767 16.18948660991891 30.37502535549948
19.834389999418285 16.257226195775377 30.495365134890847
20.084869999408802 16.193185228418937 30.381607276862482
