0.001020000000000002 0.47749994559754527 1.1913996986341546
0.07980000000000176 0.2681234556548513 0.7204262977448805
0.16060000000001984 0.4546157764319837 1.1479038674036879
0.2373600000000966 0.26733592552032037 0.7055155874650998
0.3171500000001764 0.4476506245712957 1.1299985896725318
0.3959300000002552 0.2638042121643567 0.6971312921677408
0.474710000000334 0.44218763034152164 1.109133381982741
0.5545000000001112 0.25880890912163235 0.692659248645755
0.6322699999997573 0.43723364812499255 1.0904046311044469
0.7120599999993942 0.2554278073422589 0.6867441676383979
0.7908399999990356 0.4314215562514861 1.0741377016652676
0.8686099999986817 0.252912881567917 0.6801805074673206
0.9483999999983186 0.4262066230571353 1.0613932266135384
1.0271799999982618 0.24951037604069873 0.6707688167759018
1.105959999998778 0.42132388083747563 1.048505842281633
1.184739999999294 0.24635350681072665 0.6635347626009147
1.2635199999998101 0.4167438215851322 1.035504839856305
1.3423000000003262 0.24313979959173881 0.656596465948367
1.4210800000008423 0.41232152284729234 1.0229241260763189
1.4998600000013584 0.23998181214797532 0.649515674160972
1.5786400000018745 0.4079845735326531 1.0109619121451363
1.6574200000023906 0.23689260943914203 0.6422578051989092
1.7362000000029068 0.403739684869943 0.9994797276741463
1.8149800000034229 0.23383965202473234 0.6349785753335335
1.893760000003939 0.39960738467886214 0.9883080731601379
1.972540000004455 0.2308039539354636 0.6277748215396395
2.051320000004971 0.39558719157395267 0.9773893011691959
2.1301000000054873 0.22778901829884432 0.6206432211118496
2.2088800000060034 0.39166457911847935 0.9667350330727742
2.2876600000065195 0.22480382127420276 0.6135514216771498
2.3664400000070356 0.3878267304005969 0.9563529596113507
2.4452200000075517 0.22185147618510004 0.6064877972368876
2.524000000008068 0.3840675496863437 0.9462263965964501
2.602780000008584 0.21892997090969143 0.5994602930138981
2.6815600000091 0.3803842736994062 0.9363302271435447
2.760340000009616 0.21603666479288577 0.5924779771264599
2.839120000010132 0.376773550191969 0.9266448794237103
2.9179000000106483 0.21317027743553885 0.5855426679324149
2.9966800000111644 0.3732303423733847 0.9171562450525417
3.0754600000116805 0.21033030045559975 0.5786519538746315
3.1542400000121966 0.36974913327866477 0.9078512621071622
3.2330200000127127 0.20751597424176071 0.5718036658900028
3.311800000013229 0.3663257266003084 0.8987179924301536
3.390580000013745 0.20472609588086552 0.5649968147358186
3.469360000014261 0.36295680429257815 0.8897452707481879
3.548140000014777 0.2019593366990042 0.5582306276877058
3.6269200000152932 0.3596395719978972 0.8809236281724364
3.7057000000158093 0.19921446143518698 0.5515037214784524
3.7844800000163255 0.3563719818445026 0.8722465035700955
3.8632600000168416 0.19649036428859312 0.5448141211415458
3.9420400000173577 0.35315235451689 0.863709018421055
4.019810000016987 0.19425026532716227 0.5394219908610554
4.0985900000140045 0.35049287009916474 0.8565525508781535
4.177370000011022 0.19161783806237132 0.5329334408045505
4.25615000000804 0.34741070324532186 0.8483998612382804
4.334930000005057 0.18900462711194 0.5264814916658755
4.413710000002075 0.344366087606082 0.8403563442090367
4.492489999999092 0.18640887751368107 0.5200637082158899
4.57126999999611 0.3413556657458737 0.832411424536883
4.6500499999931275 0.1838290445850207 0.5136774536533828
4.728829999990145 0.3383779337844619 0.8245602731607904
4.807609999987163 0.18126387279383582 0.5073197880645863
4.88638999998418 0.3354321067372952 0.8168007586593196
4.964159999981236 0.17911412663005521 0.5020678755976005
5.042939999978254 0.3329716066389846 0.8102354721833738
5.121719999975271 0.17664404793841404 0.49593061849658726
5.200499999972289 0.33015328639672525 0.8028251604921932
5.279279999969306 0.17418634766629815 0.48981626466811923
5.358059999966324 0.3273634808264283 0.7954966453782575
5.436839999963341 0.17173976015219605 0.48372227952933056
5.515619999960359 0.32460109224630185 0.788246571145057
5.594399999957377 0.16930312707867745 0.47764594617859535
5.673179999954394 0.3218649261409423 0.7810717399336808
5.751959999951412 0.16687539186361577 0.4715844993252394
5.830739999948429 0.31915368252914433 0.7739686607806329
5.908509999945485 0.1648949658435327 0.4666897176580864
5.987289999942503 0.3169568939353993 0.7681475275520322
6.06606999993952 0.16255991806992776 0.46084685803056136
6.144849999936538 0.31436653891704003 0.7613716857480357
6.223629999933555 0.16023115794883624 0.45501335251842967
6.302409999930573 0.31179461485341575 0.7546489552056057
6.3811899999275905 0.15790765631896808 0.4491874801196727
6.459969999924608 0.3092393402329705 0.7479738400286373
6.537739999921664 0.15596524207116158 0.44434761386532573
6.6165199999186814 0.3071261348427373 0.7424026039705822
6.695299999915699 0.15373225032969562 0.4387403095716391
6.774079999912717 0.304681561363234 0.7360237449757556
6.852859999909734 0.15150209537982406 0.4331355495520328
6.931639999906752 0.30224928897716563 0.7296805172909315
7.010419999903769 0.14927404214996332 0.42753159112329797
7.089199999900787 0.29982804437823374 0.7233694190957873
7.167979999897804 0.14704739380687482 0.42192686156871106
7.24574999989486 0.29781049679529614 0.7180729075443981
7.324529999891878 0.145252567938969 0.41742580741264135
7.403309999888895 0.2954929970970176 0.7120379388612652
7.482089999885913 0.1431122869891348 0.41203258829755063
7.5608699998829305 0.2931826904353545 0.7060244247241276
7.639649999879948 0.14097120926457163 0.40663391085860034
7.718429999876966 0.2908780299835637 0.7000280385006552
7.797209999873983 0.13882870767113598 0.4012285614642064
7.874979999871039 0.2889635457504829 0.6950180831523212
7.953759999868057 0.1371109935942586 0.396903131485582
8.032539999865074 0.2867527062470506 0.6892685992213821
8.111319999862092 0.13505118883805123 0.3917041398815768
8.19009999985911 0.28454270757356215 0.6835220626545513
8.268879999856127 0.13298766913683624 0.38649436128773695
8.347659999853144 0.28233248036066483 0.677775336169506
8.4254299998502 0.1312730804969794 0.38216672520243744
8.504209999847218 0.28052019640686543 0.6730408644051167
8.582989999844235 0.12928983317665732 0.3771595672908967
8.661769999841253 0.2783952909808691 0.6675159421930976
8.74054999983827 0.12730089488942076 0.3721371598343848
8.819329999835288 0.27626687389899385 0.6619818630444918
8.898109999832306 0.12530587680034566 0.3670986545195154
8.975879999829361 0.2744731370545407 0.65730102129401
9.054659999826379 0.12368822712438954 0.3630124866774387
9.133439999823397 0.2724254995425488 0.6519757426057482
9.212219999820414 0.12176961199743086 0.3581686276276419
9.290999999817432 0.27037168887098184 0.646634038815419
9.36977999981445 0.11984317165385949 0.3533047556119384
9.448559999811467 0.26831121805661984 0.6412746102103295
9.526329999808523 0.11824600471581405 0.3492699206305794
9.60510999980554 0.26662589330748687 0.6368762988674836
9.683889999802558 0.11639341387837356 0.3445951281095483
9.762669999799575 0.26464105381278835 0.6317115247381544
9.841449999796593 0.11453132800474175 0.33989618553348366
9.92022999979361 0.2626480060830737 0.6265250125770061
9.999009999790628 0.11265952237274758 0.33517246951407786
10.076779999787684 0.2609930350699643 0.6222062797631156
10.155559999784701 0.11117029536639968 0.331414221812909
10.234339999781719 0.25907359604634983 0.6172095320246096
10.313119999778737 0.10936835631513309 0.326869133167762
10.391899999775754 0.257144806648413 0.6121885286982764
10.470679999772772 0.10755530316547911 0.32229538094108445
10.548449999769828 0.25552676084081205 0.6079665299208892
10.627229999766845 0.10609733789081577 0.3186174933364039
10.706009999763863 0.25366966540709035 0.6031310145896085
10.78478999976088 0.10435158661374333 0.31421527225415913
10.863569999757898 0.2518022994283986 0.5982692630662312
10.942349999754915 0.10259348902179023 0.30978095976444964
11.020119999751971 0.25022679192396513 0.5941587060569686
11.098899999748989 0.1011710230016476 0.3061940456227097
11.177679999746006 0.24842913007517664 0.5894779219155044
11.256459999743024 0.09947765299073184 0.3019242483071616
11.335239999740041 0.2466201116015062 0.5847684320146485
11.414019999737059 0.09777080720602038 0.2976193417754569
11.491789999734115 0.24509049726929677 0.5807783238751751
11.570569999731132 0.09638704411694965 0.29413123298359656
11.64934999972815 0.24334743620578692 0.5762401682991691
11.728129999725168 0.09474217940534468 0.2899838731713067
11.806909999722185 0.24159144910608354 0.571669007114417
11.885689999719203 0.09308276017514805 0.2857989405703032
11.963459999716259 0.24010870413369712 0.5678015553920557
12.042239999713276 0.09173997965694491 0.28241528004008254
12.121019999710294 0.23841614465782146 0.5633943177843492
12.199799999707311 0.09014003746466193 0.2783817784067555
12.278579999704329 0.23670986814186 0.5589518486977307
12.357359999701346 0.08852486020106576 0.27430927448223175
12.435129999698402 0.23527601540315113 0.5552115358856247
12.51390999969542 0.08722522292880963 0.2710358752774811
12.592689999692437 0.2336305247377526 0.5509264330148533
12.671469999689455 0.08566721202914596 0.2671093670553071
12.750249999686472 0.2319706804588985 0.5466045398037411
12.82902999968349 0.08409314835596904 0.26314148945473237
12.906799999680546 0.23058683373664868 0.542995210257291
12.985579999677563 0.08283751267938444 0.2599794144280465
13.064359999674581 0.22898540398883419 0.5388253903994333
13.143139999671599 0.08131795485302784 0.2561499031124792
13.221919999668616 0.2273690026756604 0.5346174567242734
13.299689999665672 0.08003728888185124 0.252922389258714
13.37846999966269 0.22603546402851182 0.53114086562559
13.457249999659707 0.0785705405338818 0.24922685764841024
13.536029999656725 0.22447440423063691 0.5270770177848938
13.614809999653742 0.07708623693802252 0.24548646854007927
13.69358999965076 0.22289726264536988 0.5229715346291464
13.771359999647816 0.07585176237649682 0.2423738743841164
13.850139999644833 0.2216120308377126 0.5196226822357097
13.92891999964185 0.07441750354206422 0.23876115912809803
14.007699999638868 0.22008679008948348 0.5156510258090496
14.086479999635886 0.07296507571958533 0.23510270497938413
14.164249999632942 0.2187815100137346 0.5122531699382482
14.24302999962996 0.07177622129278305 0.23210285487669235
14.321809999626977 0.2173067585220861 0.5084109485519961
14.400589999623994 0.07037149640289986 0.2285664010877153
14.479369999621012 0.21581517430348238 0.5045240260095452
14.55814999961803 0.06894850499147143 0.224983633488951
14.635919999615085 0.2145591489220405 0.5012568292815156
14.714699999612103 0.06780529755101883 0.22209591400748074
14.79347999960912 0.21311645173067362 0.49749610780904785
14.872259999606138 0.0664285471581173 0.2186303542163981
14.951039999603156 0.2116565814880891 0.49369056537740263
15.028809999600211 0.06526790553555029 0.21569493863696776
15.107589999597229 0.21044941276191007 0.49055319363530137
15.186369999594246 0.06393623998814735 0.21234394955051972
15.265149999591264 0.2090361717277447 0.4868680373269818
15.343929999588282 0.06258596930989757 0.2089453142962605
15.4227099995853 0.20760538927374028 0.48313736600559265
15.500479999582355 0.06147254931112889 0.2061284370893035
15.579259999579373 0.20644633400539214 0.4801264130857352
15.65803999957639 0.06016569042798902 0.20284041072381465
15.736819999573408 0.20506001274698046 0.47651044944628795
15.815599999570425 0.05884028346488113 0.1995046553769808
15.893369999567481 0.20388755173745818 0.4734660529983059
15.972149999564499 0.05777360157992928 0.19680674758564276
16.050929999561518 0.2025443930237577 0.46996134369876597
16.129709999558536 0.05648999256551801 0.19357766509902063
16.208489999555553 0.20118314609208388 0.46641008134281625
16.28625999955261 0.055410348361438544 0.19084675707552456
16.365039999549627 0.20005956466111796 0.4634920831584788
16.443819999546644 0.05416734690797332 0.1877212978963705
16.52259999954366 0.1987402283856342 0.4600489272434283
16.60137999954068 0.052905542088628854 0.1845471746622085
16.679149999537735 0.19760681582829354 0.45710586783599405
16.757929999534753 0.05187294439024748 0.18193700104615074
16.83670999953177 0.19632876771348695 0.4537696698483362
16.915489999528788 0.05065027966254232 0.17886210023604354
16.994269999525805 0.19503315203167293 0.4503891821401096
17.073049999522823 0.049409019239909265 0.17573830509629573
17.15081999951988 0.19395108707225428 0.4475795813771666
17.229599999516896 0.04842264907561944 0.17324543900504308
17.308379999513914 0.1926968307848248 0.4443076281766323
17.38715999951093 0.04721918286139615 0.17021602503611843
17.46593999950795 0.19142590900846823 0.4409945444289076
17.543709999505005 0.046229962105300504 0.16769716297607706
17.622489999502022 0.1903965173891906 0.43832302032781323
17.70126999949904 0.04511398890656815 0.1647589309731523
17.780049999496057 0.18916671828433307 0.4351188639945658
17.858829999493075 0.04399237301497938 0.16177112816673223
17.93659999949013 0.1881338215065883 0.4324402804347427
18.01537999948715 0.04310072520611363 0.15936786507891876
18.094159999484166 0.1869443383200865 0.4293432545924958
18.172939999481184 0.042032121193908756 0.1564681915217192
18.2517199994782 0.18573840805578845 0.4262061328788924
18.329489999475257 0.041153778274603536 0.15404475213507407
18.408269999472274 0.1847588281927589 0.4236674536952756
18.487049999469292 0.04014664984331695 0.15123140975169536
18.56582999946631 0.1835916246320376 0.4206328193149811
18.644609999463327 0.039145212596038315 0.14836955385497674
18.722379999460383 0.1826100965003412 0.4180904781958539
18.8011599994574 0.03835640534968554 0.14606300102877334
18.879939999454418 0.18148064782892115 0.41515509911745907
18.958719999451436 0.03742914720798429 0.14328551604199102
19.037499999448453 0.1803347937539087 0.4121789362234285
19.11526999944551 0.03666878275799412 0.14096461157270257
19.194049999442527 0.17940557122055945 0.409772444325085
19.272829999439544 0.03579912506810212 0.13826955055638024
19.351609999436562 0.17829593476426797 0.4068916451933524
19.43038999943358 0.034930287597195186 0.1355272073953584
19.508159999430635 0.17736584345395545 0.4044841137497701
19.586939999427653 0.034244778152359934 0.13332317677064998
19.66571999942467 0.1762913308179822 0.40169559211336026
19.744499999421688 0.03342974188480374 0.13066154945819974
19.823279999418705 0.17520033900021115 0.39886597344788166
19.90104999941576 0.03276358015993164 0.12844768048339006
19.97982999941278 0.17432073848102903 0.3965898929501277
20.058609999409796 0.03199660642531432 0.12586473095098638
20.137389999406814 0.17326361818157587 0.39384895095889716
20.21616999940383 0.031232193230955944 0.12323564672833687
20.293939999400887 0.17238382969193866 0.39157376253156073
20.372719999397905 0.030630154246201968 0.12113639598830828
20.451499999394922 0.1713595220297306 0.38891882958307367
20.53027999939194 0.02990827852793987 0.11858289718846837
20.608049999388996 0.17048014586417715 0.38664639315947325
20.686829999386013 0.02932366299731992 0.11647522113230613
20.76560999938303 0.16948753748891898 0.3840747282412238
20.84438999938005 0.028645328232543288 0.11399480908456106
20.923169999377066 0.1684783239299319 0.3814615286409029
21.000939999374122 0.02807477395660196 0.11188053495292394
21.07971999937114 0.16764694335986063 0.37931483260551513
21.158499999368157 0.027437018180563544 0.10947125889865239
21.237279999365175 0.16666812420070476 0.37678124976032734
21.316059999362192 0.026792959179785414 0.10701652170790332
21.393829999359248 0.16583721827065334 0.3746376049605593
21.472609999356266 0.02628184983332682 0.1050125166251803
21.551389999353283 0.16488797479540096 0.372181409231509
21.6301699993503 0.025675449066308812 0.10262719361094907
21.70894999934732 0.1639225245176953 0.36968453500278997
21.786719999344374 0.025178663146698477 0.10061876303971706
21.86549999934139 0.16313787052981055 0.3676619325375885
21.94427999933841 0.02460759654466238 0.09830113927442596
22.023059999335427 0.16220122477782595 0.3652404013226751
22.101839999332444 0.024042340654562344 0.09593961713790788
22.1796099993295 0.16141758497673186 0.3632221619897402
22.258389999326518 0.023589822099286617 0.09403877828975116
22.337169999323535 0.1605089220031447 0.36087378391985725
22.415949999320553 0.023059199643489015 0.09174361971947542
22.49371999931761 0.1597267887439512 0.3588610155373262
22.572499999314626 0.022623043343898197 0.08984059188276161
22.651279999311644 0.15884530809098507 0.3565835688939645
22.73005999930866 0.022127536173272677 0.08761036792812593
22.80883999930568 0.15794801914427825 0.35426644980410815
22.886609999302735 0.021709934769914896 0.08570700881337379
22.965389999299752 0.157210041581484 0.3523685173571378
23.04416999929677 0.02124730772064498 0.083540480185329
23.122949999293787 0.1563391430709956 0.3501200504792301
23.201729999290805 0.020787150694837386 0.08133231446465494
23.27949999928786 0.1556027800712424 0.34822735486317313
23.35827999928488 0.020418427808216233 0.0795346020546539
23.437059999281896 0.15475754516963902 0.3460454562640547
23.515839999278914 0.019994344187722835 0.07738920234556801
23.59461999927593 0.1538970341311614 0.34382507784169736
23.672389999272987 0.01964244792320491 0.07559290540691821
23.751169999270004 0.15320287959139145 0.3420414285718154
23.829949999267022 0.019254577172016285 0.07350883729813074
23.90872999926404 0.15236730096959905 0.3398854965398712
23.987509999261057 0.018869413392126333 0.07138505642877435
24.065279999258113 0.15167468506163828 0.3381065606118838
24.14405999925513 0.018569202264681617 0.06969087019269571
24.222839999252148 0.15086331234104722 0.3360130968731778
24.301619999249166 0.018221904307213044 0.06762707358051179
24.37938999924622 0.15017252919060653 0.33423960182632495
24.45816999924324 0.017941595787240083 0.06593461603677797
24.536949999240257 0.14938469714966152 0.3322068784948673
24.615729999237274 0.017628012309207963 0.06392904781357123
24.694509999234292 0.14858217895172487 0.33013705029614204
24.772279999231348 0.017372568780224418 0.062238907613942906
24.851059999228365 0.1479310960904704 0.3284660162825914
24.929839999225383 0.017089976776855975 0.06028981987277193
25.0086199992224 0.14715153095639677 0.32645549420718956
25.087399999219418 0.016822309013076575 0.058302729406067844
25.165169999216474 0.14650216548453265 0.3247896846142351
25.24394999921349 0.01661497214085128 0.05670865802935854
25.32272999921051 0.14574496030646678 0.3228369434447931
25.401509999207526 0.016376821212933823 0.05477686783825764
25.479279999204582 0.14509760165326702 0.3211770067983566
25.5580599992016 0.016195587823024105 0.05318515829177972
25.636839999198617 0.14436219495402136 0.31928056034077335
25.715619999195635 0.015995269970974335 0.051307427300761876
25.794399999192652 0.14361284045097478 0.31734887291416936
25.87216999918971 0.015832460703870788 0.049719025543681905
25.950949999186726 0.1430029783089546 0.3157855429997247
26.029729999183743 0.015669154411118047 0.047894149645266726
26.10850999918076 0.1422749705232622 0.31390893054420443
26.18728999917778 0.015516450081153987 0.04603351847833892
26.265059999174834 0.14166706181729716 0.31235113977191586
26.343839999171852 0.015400482026908247 0.044536695159835826
26.42261999916887 0.14095987693920597 0.3105282662254849
26.501399999165887 0.015283012455206692 0.042727936229014496
26.579169999162943 0.14035418887040085 0.3089765885626483
26.65794999915996 0.015196837894234204 0.041234537139234195
26.736729999156978 0.1396673020704695 0.3072061395137826
26.815509999153996 0.01511107034389858 0.039476370558366725
26.894289999151013 0.13896731354000458 0.30540242999717027
26.97205999914807 0.015049230794203061 0.037987159391639214
27.050839999145087 0.1383972606374999 0.30394173766107313
27.129619999142104 0.015000369222957 0.03627840979312236
27.20839999913912 0.13771724987218992 0.30218931340375565
27.28717999913614 0.014967322860911958 0.03453594715391306
27.364949999133195 0.13714925913760057 0.3007340475930098
27.443729999130213 0.01494971508789189 0.03313373666645747
27.52250999912723 0.13648852966094627 0.29903141174367764
27.601289999124248 0.014950757564878734 0.03143990489543613
27.679059999121304 0.13592276467561815 0.29758183408938876
27.75783999911832 0.014967495943071119 0.030042040374123058
27.83661999911534 0.13528080369592976 0.29592759845777916
27.915399999112356 0.015006073802955043 0.028395779413714628
27.994179999109374 0.13462632000352825 0.29424175767122085
28.07194999910643 0.015050466281781527 0.02700295121735863
28.150729999103447 0.13409378459867427 0.29287699145399415
28.229509999100465 0.015123805834215909 0.025403181119698637
28.308289999097482 0.13345768159427496 0.29123848869986313
28.3870699990945 0.015220455568343394 0.023771817106899018
28.464839999091556 0.13292720117235268 0.2898788089816584
28.543619999088573 0.015313507755548295 0.02246168119831582
28.62239999908559 0.13230902601703176 0.2882864649469741
28.70117999908261 0.01544954441454893 0.02087604612067695
28.778949999079664 0.131780791782802 0.28693231555594334
28.857729999076682 0.015577392938086023 0.01957084437815837
28.9365099990737 0.13118010703484007 0.285384993129878
29.015289999070717 0.01575243599663012 0.018029882909009753
29.094069999067734 0.13056763324001275 0.2838078730690641
29.17183999906479 0.0159165454361192 0.016730137616804974
29.250619999061808 0.13007067890607416 0.28253340519828196
29.329399999058825 0.016131447310157476 0.01523277322926786
29.408179999055843 0.12947536826182826 0.28100043709788913
29.48695999905286 0.016376724111928476 0.013705764035565338
29.564729999049916 0.1289804931950942 0.2797310572320022
29.643509999046934 0.01659059183218381 0.012484082306696287
29.72228999904395 0.12840193264411193 0.27824119418824456
29.80106999904097 0.0168783957423696 0.010999829578173248
29.878839999038025 0.12790929817648622 0.27697731660905056
29.957619999035042 0.017133327767600015 0.00978313294420774
30.03639999903206 0.12734708372758463 0.2755295350937881
30.115179999029078 0.01746455155122817 0.008340569630926886
30.193959999026095 0.1267738033068193 0.2740537611474303
30.27172999902315 0.017763513966558175 0.007129220964030569
30.35050999902017 0.12631057382656796 0.27286483673683026
30.429289999017186 0.01813907295477235 0.005727293984192361
30.508069999014204 0.12575333689307622 0.27143036243852947
30.58684999901122 0.018552654973546523 0.0042975001223966025
30.664619999008277 0.12529214667569832 0.27024646580275924
30.743399999005295 0.01890580842641698 0.0031592785637135634
30.822179999002312 0.12475055900549581 0.2688522988359421
30.90095999899933 0.019372288792492975 0.0017692931640667098
30.978729998996386 0.12429153342315302 0.26767377776845125
31.057509998993403 0.019775874282575434 0.000635744912613756
31.13628999899042 0.12376519966099853 0.2663189295930901
31.21506999898744 0.02029069154412677 0.0007155123543545194
31.293849998984456 0.12322846397858388 0.26493777067368995
31.37161999898151 0.02072973984171933 0.001844203713785575
31.45039999897853 0.12279695132475567 0.2638295116262346
31.529179998975547 0.02124254831679373 0.0031578173242508
31.607959998972564 0.12227511962165094 0.2624867891834137
31.68572999896962 0.021680081368617654 0.004281447121157189
31.764509998966638 0.12184545123028112 0.2613831261233823
31.843289998963655 0.02217903726425341 0.00555838129664421
31.922069998960673 0.12133811369969905 0.26007775506479147
32.00084999895799 0.022687965471243854 0.006861336557084652
32.078619998982674 0.1209103674381945 0.2589788679965177
32.15739999900768 0.023099529839708532 0.007917769988652346
32.236179999032686 0.12041715052118662 0.25770983788083734
32.31495999905769 0.023594339544338094 0.009184582525145757
32.3937399990827 0.11991413321582223 0.25641590916488655
32.47150999910738 0.024004177646092972 0.010236414969577723
32.55028999913239 0.11951197210735376 0.25538231913083687
32.629069999157394 0.024485202392648286 0.01146786438931402
32.7078499991824 0.11902281962388885 0.2541239587943611
32.785619999207086 0.02489319479169594 0.012514805923613537
32.86439999923209 0.11862233983531391 0.25309457383875245
32.9431799992571 0.02536077064681796 0.013711712813202492
33.0219599992821 0.11814672609520703 0.2518709248561568
33.10073999930711 0.025837695470965927 0.014932843783876937
33.178509999331794 0.11774802428645403 0.2508460515672106
33.2572899993568 0.026221276835183605 0.015916757862888264
33.336069999381806 0.11728562037443624 0.24965626345928582
33.41484999940681 0.026685016318458987 0.017103972104270948
33.4926199994315 0.11688877410126297 0.24863616144731315
33.5713999994565 0.027066968795902424 0.018083697200188542
33.65017999948151 0.11643925099679886 0.24747939436152722
33.728959999506515 0.027517860728229152 0.019237868678034786
33.80773999953152 0.11598064486248649 0.24629941807364775
33.885509999556206 0.027898108288755163 0.020213288072457036
33.96428999958121 0.11560736085565983 0.2453397340432817
34.04306999960622 0.028336487546788747 0.02133530438159781
34.12184999963122 0.11516139264215496 0.24419217428689466
34.20062999965623 0.0287836615143211 0.02248006791202295
34.278399999680914 0.11478969628075397 0.24323671736204977
34.35717999970592 0.02914117060638588 0.023397070212338722
34.435959999730926 0.11435604610421955 0.24212080418575255
34.51473999975593 0.02957610565307145 0.02451041917284069
34.59250999978062 0.1139860032668505 0.24116977334498468
34.67128999980562 0.029932217750950896 0.025424017676833888
34.75006999983063 0.11356435457587066 0.24008474216331566
34.828849999855635 0.03035524816032986 0.026506879103427305
34.90762999988064 0.11313418789607423 0.2389780311853995
34.985399999905326 0.030709922107334253 0.02741699086600269
35.06417999993033 0.11278607683877673 0.23808342222910728
35.14295999995534 0.031121353811349617 0.028470213163656055
35.22173999998034 0.11236768998209934 0.2370070911243194
35.30052000000535 0.03154104261130375 0.02954491288639227
35.378290000030034 0.11202099966234214 0.2361162923689819
35.45707000005504 0.031874652147148685 0.03040102632615449
35.535850000080046 0.11161411782394702 0.23506963643704637
35.61463000010505 0.03228293202195476 0.03144662072611659
35.69240000012974 0.11126893572010964 0.2341828273165647
35.77118000015474 0.03261531664681028 0.03229974423166748
35.84996000017975 0.11087329492311693 0.23316516032142465
35.928740000204755 0.033012425172323834 0.03331684260755585
36.00752000022976 0.11046971300232322 0.23212730869138776
36.085290000254446 0.033343484721547245 0.0341666657300288
36.16407000027945 0.11014505875904378 0.2312931917119343
36.24285000030446 0.033729668105566324 0.035155864459990305
36.32163000032946 0.10975255863892464 0.23028388072717787
36.39940000035415 0.03405931496648018 0.036002117355937724
36.478180000379155 0.10942925944953186 0.2294533116361075
36.55696000040416 0.03443482042549728 0.03696403585459196
36.635740000429166 0.10904759533854481 0.22847190637301784
36.71452000045417 0.03481791366857889 0.037945690954466205
36.79229000047886 0.1087257292230126 0.2276450858315071
36.87107000050386 0.03512804934558511 0.03874175834193139
36.94985000052887 0.10835463789700528 0.22669090218895294
37.028630000553875 0.0355006357926555 0.03969654784291565
37.10741000057888 0.10797614651771303 0.22571788006705562
37.185180000603566 0.03580953087283756 0.04048945373126278
37.26396000062857 0.10767348661340738 0.2249403292452712
37.34274000065358 0.03617185740512974 0.04141799120281897
37.42152000067858 0.10730538185510728 0.22399401593821144
37.49929000070327 0.036479438358402616 0.04220753585791881
37.578070000728275 0.1070039476416843 0.22321967003119392
37.65685000075328 0.036831746409424104 0.043110425197478985
37.735630000778286 0.10664597489161365 0.22229940065708886
37.81441000080329 0.03719113584549405 0.044031687794110486
37.89218000082798 0.1063458199581576 0.22152839822144887
37.97096000085298 0.037480620955298694 0.044774274034609096
38.04974000087799 0.10599772894344049 0.22063351619541205
38.128520000902995 0.03783045541483965 0.0456702951953325
38.20629000092768 0.10569890765563585 0.21986599925856165
38.285070000952686 0.03811889426611148 0.046409981286710256
38.36385000097769 0.10536053308421067 0.2189958792757407
38.4426300010027 0.0384591127694659 0.047281363242224206
38.521410001027704 0.10501538999553683 0.21810827878447903
38.59918000105239 0.03874635192914544 0.04801801008902373
38.677960001077395 0.10473433523473785 0.2173860389301452
38.7567400011024 0.03907719218675754 0.048865358131633396
38.835520001127406 0.10439866394521692 0.21652276973712636
38.91430000115241 0.03941466342012312 0.0497298542070479
38.9920700011771 0.10411875034402585 0.21580355040597965
39.0708500012021 0.03968488242239798 0.05042278224424157
39.14963000122711 0.10379231958623514 0.21496402635957645
39.228410001252115 0.04001314934788136 0.051263696254277846
39.3061800012768 0.10351360156402269 0.2142479721058077
39.384960001301806 0.04028235649406553 0.05195411149974127
39.46374000132681 0.10319618898335338 0.2134316312634832
39.54252000135182 0.04060163781608639 0.0527720127799447
39.621300001376824 0.10287238830780888 0.21259897691470186
39.69907000140151 0.04086977166674499 0.053459765114027835
39.777850001426515 0.1026101158379419 0.211925183871553
39.85663000145152 0.041180278550938976 0.05425519589237204
39.93541000147653 0.10229518635249302 0.21111533392060844
40.01419000150153 0.041496972673378596 0.05506662542984486
40.09196000152622 0.10203395041740149 0.21044429716060575
40.17074000155122 0.041749215540793694 0.05571361877730885
40.24952000157623 0.10172768489047036 0.20965672034921612
40.328300001601235 0.04205727717052887 0.05650293609275048
40.40607000162592 0.10146754667877966 0.2089885957409332
40.484850001650926 0.042308589563247345 0.05714764627702262
40.56363000167593 0.10116974247872813 0.2082227733614106
40.64241000170094 0.04260821993192021 0.05791536798055441
40.721190001725944 0.10086598468111131 0.20744174695147555
40.79896000175063 0.04285853970917397 0.058557638830913916
40.877740001775635 0.10062121991267936 0.20681313777027865
40.95652000180064 0.04314993630803665 0.05930427262805793
41.03530000182565 0.10032578671209269 0.2060535148047271
41.11307000185033 0.04339920405553743 0.05994395406402342
41.19185000187534 0.10008197987775791 0.2054274648529919
41.270630001900344 0.04368256077034505 0.06066999915730342
41.34941000192535 0.09979467678380459 0.20468874906470758
41.428190001950355 0.04397162903073959 0.061410800302996726
41.50596000197504 0.0995518868834494 0.20406541162377723
41.584740002000046 0.04420622702807464 0.06201289428263701
41.66352000202505 0.0992725234676416 0.2033471176558166
41.74230000205006 0.04448738819360809 0.06273344582595763
41.821080002075064 0.09898761050454441 0.2026146537069451
41.89885000209975 0.044721068002812836 0.0633333019311344
41.977630002124755 0.09875919744773043 0.2020282937691853
42.05641000214976 0.04499450885513823 0.06403408578311565
42.13519000217477 0.09848209521903328 0.20131592218686212
42.21296000219945 0.04522721566316279 0.06463156194382869
42.29174000222446 0.09825457218570242 0.20073195599403792
42.370520002249464 0.045493119081863376 0.06531304950281314
42.44930000227447 0.0979850995478887 0.20003921411178016
42.528080002299475 0.04576435223037101 0.06600830045256911
42.60585000232416 0.09775852628308612 0.19945779086431026
42.68463000234917 0.04598334513688007 0.06657065476887158
42.76341000237417 0.09749650913477692 0.19878423072883233
42.84219000239918 0.04624716538594609 0.06724692358996975
42.91996000242386 0.09727094465287356 0.19820549203968252
42.99874000244887 0.04646531001369325 0.06780720377175253
43.077520002473875 0.0970162091083111 0.19755066905595697
43.15630000249888 0.0467218904615474 0.0684649364583012
43.23508000252389 0.09675635528427273 0.1968827791599015
43.31285000254857 0.046939134349511025 0.06902299725254357
43.39163000257358 0.09654407892692773 0.19633821434710264
43.470410002598584 0.047188645178351196 0.06966263186978239
43.54919000262359 0.09629138495900547 0.19568875264864838
43.627970002648595 0.04744312676886531 0.07031510201875868
43.70574000267328 0.09607999659579047 0.19514654453157698
43.78452000269829 0.04764754804893023 0.07084030089303806
43.86330000272329 0.09583429052356063 0.19451507179517602
43.9420800027483 0.047895078362442 0.07147497250086232
44.01985000277298 0.09562383590991164 0.19397532646837634
44.09863000279799 0.04809871831199386 0.07199823606521827
44.177410002822995 0.09538494492610283 0.1933614003908679
44.256190002848 0.04833946383618215 0.07261553430218948
44.33497000287301 0.09514127166065955 0.19273527101406618
44.41274000289769 0.04854227743194939 0.07313673867961334
44.4915200029227 0.09494322260585941 0.19222740342620392
44.570300002947704 0.048776402528118656 0.07373708234711396
44.64908000297271 0.09470624518888637 0.19161850933974156
44.727860002997716 0.049015169733395814 0.07434940602186746
44.8056300030224 0.09450900482834912 0.19111276791747844
44.88441000304741 0.049206013113273106 0.07483991625500952
44.96319000307241 0.0942785623481821 0.19052069944652805
45.04197000309742 0.049438277529916135 0.07543558747219459
45.119740003122104 0.09408217497339733 0.19001719258533445
45.19852000314711 0.049628417985244866 0.07592435089656124
45.277300003172115 0.09385810963488828 0.18944155007577512
45.35608000319712 0.04985433902642899 0.07650378646637535
45.43486000322213 0.09362957942515526 0.18885452496897326
45.51263000324681 0.05004373441100707 0.07699069248937596
45.59141000327182 0.09344477683993058 0.18838077736111902
45.670190003296824 0.05026346039405416 0.07755427873094023
45.74897000332183 0.09322251726850217 0.18780990839265543
45.826740003346515 0.05045206260214197 0.07803919649549407
45.90552000337152 0.09303846134282157 0.18733810788484906
45.98430000339653 0.050665730774164815 0.07858728556887629
46.06308000342153 0.09282232833465642 0.1867830212518906
46.14186000344654 0.050883678032149215 0.07914642369380998
46.219630003471224 0.09263906866048233 0.18631328433591499
46.29841000349623 0.0510612258130111 0.0796029834811085
46.377190003521235 0.09242892356463905 0.18577361488939514
46.45597000354624 0.05127319623609638 0.08014681589058048
46.53475000357125 0.09221462228245614 0.18522334339317048
46.61252000359593 0.051450022085295366 0.08060154242220952
46.69130000362094 0.09204221428916315 0.18478143899045563
46.770080003645944 0.051656145694674464 0.08113039278397904
46.84886000367095 0.09183380865610313 0.18424633097426923
46.926630003695635 0.05183219725956967 0.08158313991664112
47.00541000372064 0.09166211072274244 0.18380624479831242
47.08419000374565 0.05203260218141037 0.08209732888204702
47.16297000377065 0.09145946562592389 0.18328594550549582
47.24175000379566 0.052236979819729856 0.08262175907248759
47.319520003820344 0.0912885228247895 0.18284778481132413
47.39830000384535 0.05240264256745819 0.08304780371135578
47.477080003870356 0.09109150554992529 0.18234194618739208
47.55586000389536 0.052601383800855106 0.08355777080429894
47.63464000392037 0.09089061882876492 0.1818262243067581
47.71241000394505 0.05276634495566191 0.0839820024867044
47.79119000397006 0.09072984077507151 0.18141409499703443
47.869970003995064 0.05295957514645722 0.08447782306199025
47.94875000402007 0.09053449185526807 0.1809125923259325
48.026520004044755 0.0531237890344014 0.08490011819729526
48.10530000406976 0.09037438358141325 0.18050215778924183
48.18408000409477 0.05331163208194134 0.08538210688712189
48.26286000411977 0.09018444426529215 0.1800145420077448
48.34164000414478 0.05350316837190139 0.08587360787405407
48.419410004169464 0.0900250465470156 0.17960590364788365
48.49819000419447 0.05365763433827486 0.08627081900948186
48.576970004219476 0.08984039124150534 0.17913184925776315
48.65575000424448 0.05384386666097829 0.0867486956802277
48.73352000426917 0.08968174277040775 0.17872510380164686
48.81230000429417 0.053997662805965296 0.08714416050077389
48.89108000431918 0.08950224836093823 0.17826429235849872
48.969860004344184 0.05417871221666726 0.08760872187242308
49.04864000436919 0.0893191867201103 0.17779436078537714
49.126410004393875 0.05433179929034493 0.08800233698387228
49.20519000441888 0.08916993151221031 0.17741165226432543
49.28397000444389 0.05450778509713672 0.08845388853199188
49.36275000446889 0.08899194715548886 0.17695474493907293
49.4415300044939 0.054687209291787164 0.08891429254452854
49.519300004518584 0.08884335695140577 0.1765737124425515
49.59808000454359 0.05483116634605389 0.08928440227492507
49.676860004568596 0.0886703314958136 0.1761295251091144
49.7556400045936 0.055005609628356766 0.08973200744729626
49.83341000461829 0.08852244135793674 0.1757502589821769
49.91219000464329 0.055148938133383396 0.09010047453847925
49.9909700046683 0.08835425877328873 0.1753184942421382
50.069750004693304 0.05531851714732039 0.09053558172935627
50.14853000471831 0.08818275236575679 0.17487822968998978
50.226300004742995 0.05546118415260293 0.09090232268039733
50.305080004768 0.08804364846619239 0.17452144837795114
50.38386000479301 0.055626014680852494 0.09132523170789497
50.46264000481801 0.08787690542680449 0.17409340307245058
50.54142000484302 0.055794052889871826 0.09175640114880146
50.619190004867704 0.0877384205767815 0.17373818742721925
50.69797000489271 0.055928189509086394 0.09210118876862294
50.776750004917716 0.08757632929674108 0.17332207882932993
50.85553000494272 0.05609156485593092 0.09252038500638937
50.93330000496741 0.0874384952346019 0.1729685137461412
51.01208000499241 0.056225178930342734 0.0928636792182358
51.09086000501742 0.08728094586310453 0.1725640628263969
51.169640005042424 0.056384112014211896 0.0932711897202565
51.24842000506743 0.08712029805784072 0.1721516911118992
51.326190005092116 0.056517160985897985 0.09361291377331105
51.40497000511712 0.08699067717241737 0.17181915766112388
51.48375000514213 0.05667164691154214 0.09400901678755513
51.56253000516713 0.08683449469157267 0.17141824682913587
51.64030000519182 0.05680406193908072 0.09434909608705411
51.719080005216824 0.08670544586596185 0.17108716572297178
51.79786000524183 0.05695420626053826 0.09473406321002242
51.876640005266836 0.08655362311738468 0.17069744514893737
51.95542000529184 0.057107316586407116 0.09512666521637181
52.03319000531653 0.08642517519628345 0.1703678909362738
52.11197000534153 0.05723186581990358 0.09544652397837083
52.19075000536654 0.08627760876309132 0.16998909559733377
52.269530005391545 0.05738070850364729 0.0958281798830396
52.34831000541655 0.08612715259257342 0.16960291171013164
52.426080005441236 0.057504700712635685 0.09614659257884961
52.50486000546624 0.08600637773688447 0.1692930096703349
52.58364000549125 0.05764937709427065 0.0965175631620907
52.66242000551625 0.08586010536609334 0.1689175639645546
52.74019000554094 0.057772785476817856 0.09683446116274252
52.818970005565944 0.08573985679683416 0.16860900091003606
52.89775000559095 0.05791339489402969 0.0971950020754786
52.976530005615956 0.08559766901025412 0.1682440391458706
53.05531000564096 0.05805677197854864 0.09756266742920738
53.13308000566565 0.08547797331516604 0.16793688484257885
53.21186000569065 0.0581728339119646 0.0978606825372319
53.29064000571566 0.08533977290694983 0.16758215796388587
53.369420005740665 0.058312214428348885 0.0982180988683079
53.44820000576567 0.0851988767074805 0.16722053668811743
53.525970005790356 0.05842776565481722 0.09851478937229485
53.60475000581536 0.08508634696444395 0.1669317427582362
53.68353000584037 0.058563245148572696 0.09886220259990308
53.76231000586537 0.08494936935329933 0.16658017912475342
53.84008000589006 0.05867826114007268 0.09915750633845422
53.918860005915064 0.08483732156865675 0.16629261725928934
53.99764000594007 0.05880993332149509 0.09949515762446293
54.076420005965076 0.08470416911320977 0.16595087198134628
54.15520000599008 0.0589441896235584 0.09983946029132884
54.23297000601477 0.08459262752148045 0.16566460638537395
54.31175000603977 0.059052347740795263 0.10011714212292411
54.39053000606478 0.08446320858024603 0.165332444782873
54.469310006089785 0.05918286401918049 0.1004518552995437
54.54708000611447 0.08435219596679377 0.16504753592559984
54.625860006139476 0.059290556872517386 0.10072833356000732
54.70464000616448 0.0842264206115152 0.16472472771845714
54.78342000618949 0.05941742345901856 0.10105368953705618
54.86220000621449 0.08409815342226545 0.16439554384167776
54.93997000623918 0.059524628958174335 0.1013289088401037
55.018750006264185 0.08399373824386458 0.1641275512381024
55.09753000628919 0.05964793460556439 0.10164513572024081
55.176310006314196 0.0838690503311954 0.16380755532807711
55.2550900063392 0.05977365507255672 0.10196757638717413
55.33286000636389 0.08376509457445935 0.16354074577539235
55.41164000638889 0.05987446424945286 0.10222636670216279
55.4904200064139 0.08364389889037149 0.1632297151946127
55.569200006438905 0.0599966890221263 0.10253984475754319
55.64697000646359 0.08354042251949512 0.1629641411949545
55.725750006488596 0.06009708008907799 0.10279755691507964
55.8045300065136 0.08342263305503839 0.1626618559368076
55.88331000653861 0.0602158962875432 0.10310229574095331
55.96209000656361 0.0833025142811663 0.1623536100680001
56.0398600065883 0.06031585151099739 0.10335888459357401
56.118640006613305 0.08320518518278064 0.16210380491537002
56.19742000663831 0.06043134415901963 0.1036551036311617
56.276200006663316 0.08308840817674379 0.1618041400273107
56.35498000668832 0.06054909658269736 0.10395713661029982
56.43275000671301 0.0829914875079859 0.16155538893894983
56.51153000673801 0.06064309771382448 0.10419843690410158
56.59031000676302 0.08287796926213531 0.16126409191753455
56.669090006788025 0.06075758828304412 0.10449210813728849
56.74686000681271 0.08278147491845911 0.1610164396649405
56.825640006837716 0.0608512200163549 0.10473245716181578
56.90442000686272 0.08267113523024672 0.1607333042999204
56.98320000688773 0.06096252837305416 0.10501797085752385
57.061980006912734 0.08255861710574786 0.1604445937000265
57.13975000693742 0.06105577185814648 0.10525732039373681
57.218530006962425 0.08246784585498446 0.160211621679196
57.29731000698743 0.0611639753184181 0.1055348748899565
57.376090007012436 0.08235844928409808 0.15993092569901446
57.45386000703712 0.06125681207439426 0.10577317766632399
57.53264000706213 0.08226804270850507 0.15969889329637832
57.61142000708713 0.061361985845465594 0.10604296576296468
57.69020000711214 0.0821616921981293 0.15942601802029222
57.768980007137145 0.061469251240141014 0.10631813308924487
57.84675000716183 0.08207166895700768 0.15919497244009095
57.925530007186836 0.06155661517143408 0.10654238498658541
58.00431000721184 0.08196829096585156 0.15892972892793678
58.08309000723685 0.06166090364780074 0.10680992043682336
58.161870007261854 0.08186287867575348 0.15865927758975662
58.23964000728654 0.06174791716774387 0.10703327057082213
58.318420007311545 0.08177819200280034 0.15844192007327118
58.39720000733655 0.06184930000384148 0.10729335673790308
58.47598000736156 0.08167570039814631 0.1581789666489697
58.55375000738624 0.06193594449463913 0.10751575740043373
58.63253000741125 0.0815913429026962 0.1579624561866888
58.71131000743625 0.062034491263508684 0.10776857246436178
58.79009000746126 0.08149170211275636 0.1577068211547239
58.868870007486265 0.06213499059432681 0.10802640757227033
58.94664000751095 0.08140769233865985 0.15749120483785628
59.025420007535956 0.0622165273598052 0.10823569548398249
59.10420000756096 0.08131083413084139 0.15724271287366198
59.18298000758597 0.062314239327084124 0.10848638356809603
59.261760007610974 0.08121207716460266 0.15698935844029593
59.33953000763566 0.06239545727713381 0.10869485123603528
59.418310007660665 0.08113304770099072 0.15678651603846516
59.49709000768567 0.06249044822373861 0.10893856216421804
59.57587000771068 0.08103702525205936 0.15654018056092678
59.65364000773536 0.0625713291158978 0.10914616291222146
59.73242000776037 0.08095829495503581 0.1563381072172798
59.811200007785374 0.06266366390336686 0.10938306273958753
59.88998000781038 0.0808649419135522 0.15609862339509561
59.968760007835385 0.06275782115746542 0.10962464664947547
60.04653000786007 0.08078652885647997 0.1558973651776152
60.125310007885076 0.06283393219742206 0.10982000268416892
60.20409000791008 0.08069578156327051 0.15566456943413298
60.28287000793509 0.06292547881127619 0.1100548914784727
60.361650007960094 0.0806032621498477 0.1554272338748386
60.43942000798478 0.06300129818918121 0.11024949750628732
60.518200008009785 0.08052949936493337 0.15523790315939978
60.59698000803479 0.06309029618323236 0.11047784996823795
60.6757600080598 0.0804395407252888 0.15500713958509493
60.75353000808448 0.0631658062455801 0.11067166090260594
60.83231000810949 0.08036605120387497 0.15481851097094435
60.911090008134494 0.0632523162994666 0.11089363237974936
60.9898700081595 0.08027859246756652 0.15459416297701756
61.068650008184505 0.06334052758275321 0.11111997499333448
61.14642000820919 0.08020539365459467 0.15440628109995025
61.2252000082342 0.06341158153078807 0.11130234732195099
61.3039800082592 0.0801203752757994 0.154188195675653
61.38276000828421 0.06349734765490833 0.11152241802846463
61.46053000830889 0.0800474839633214 0.15400110356427188
61.5393100083339 0.06356813361613411 0.11170410181746693
61.618090008358905 0.07996484768456946 0.15378913100276836
61.69687000838391 0.06365151267202052 0.11191804935178906
61.77565000840892 0.0798805732563247 0.1535729599022262
61.8534200084336 0.06372201367935637 0.11209900134084849
61.93220000845861 0.07981196884604536 0.15339686391923069
62.010980008483614 0.06380306252023682 0.11230697126635159
62.08976000850862 0.07973003552495561 0.15318669990732614
62.168540008533625 0.06388569978547054 0.11251902133310177
62.24631000855831 0.07966169851154292 0.15301129097486932
62.32509000858332 0.0639520365147015 0.11268928464448491
62.40387000860832 0.07958205052854717 0.15280699074387005
62.48265000863333 0.06403238386085697 0.11289545992595462
62.560420008658014 0.07951399701670336 0.15263231026345636
62.63920000868302 0.06409847341563557 0.11306508896965495
62.717980008708025 0.07943657979923635 0.1524337335749748
62.79676000873303 0.06417658529592529 0.11326552889927566
62.87554000875804 0.07935763298908094 0.15223123508181224
62.95331000878272 0.06424241143901144 0.11343448236342812
63.03209000880773 0.07929358541273013 0.15206683099978635
63.110870008832734 0.06431834115285673 0.11362932341640875
63.18965000885774 0.07921683076690478 0.15186995648799329
63.268430008882746 0.06439575437668932 0.11382797420068647
63.34620000890743 0.07915302997580775 0.15170618701819683
63.42498000893244 0.06445768798790485 0.11398693737696419
63.50376000895744 0.07907841523621428 0.15151480220554348
63.58254000898245 0.06453295702228024 0.11418008628003573
63.660310009007134 0.07901487661307116 0.1513517069957504
63.73909000903214 0.06459466186045038 0.11433846343107401
63.817870009057145 0.0789423506367728 0.15116568046309453
63.89665000908215 0.06466783775761975 0.11452624120181776
63.97543000910716 0.0788683960227764 0.15097598962853231
64.05320000913184 0.06472929834487828 0.11468399300019749
64.13198000915685 0.07880860169614978 0.1508225007643027
64.21076000918185 0.06480043107746492 0.114866527628954
64.28954000920686 0.07873669948138451 0.15063807448731925
64.36731000923155 0.06486163254151733 0.11502361628815683
64.44609000925655 0.07867713361693918 0.15048517384957938
64.52487000928156 0.06493077102080347 0.11520103306285057
64.60365000930656 0.07860723482319687 0.15030588629234565
64.68243000933157 0.065001282284467 0.11538197452206633
64.76020000935625 0.0785479120710234 0.15015361168922992
64.83898000938126 0.06505889118283148 0.11552984386341558
64.91776000940627 0.07847996876183616 0.14997933969297383
64.99654000943127 0.06512744291980488 0.11570575630620583
65.07532000945628 0.0784106910955562 0.14980164314188915
65.15309000948096 0.06518482472744969 0.11585304527100826
65.23187000950597 0.07835489999086176 0.1496583504907334
65.31065000953097 0.06525146378180435 0.11602404873954919
65.38943000955598 0.07828758084932474 0.14948558133236478
65.46720000958067 0.06530860438770969 0.11617072141095752
65.54598000960567 0.07823200172953226 0.14934283559685513
65.62476000963068 0.06537337660821163 0.11633693341055462
65.70354000965568 0.07816655686550467 0.14917487592088774
65.78232000968069 0.06543943175566436 0.11650643913518888
65.86009000970537 0.07811120363609048 0.14903271299384624
65.93887000973038 0.06549321274205189 0.11664449086815631
66.01765000975539 0.07804758814328039 0.14886944740505337
66.09643000978039 0.06555743374506362 0.11680928888765374
66.1752100098054 0.07798272594584776 0.1487029806903406
66.25298000983008 0.06561100312907597 0.11694680064091578
66.33176000985509 0.07793064407558015 0.14856921732859796
66.4105400098801 0.06567343388869273 0.11710700353885217
66.4893200099051 0.07786757901304386 0.14840736185707248
66.56709000992979 0.06572677832953855 0.11724394124388304
66.64587000995479 0.07781569444532621 0.14827410823623488
66.7246500099798 0.06578746180998818 0.11739965922915596
66.8034300100048 0.07775438351413888 0.14811675358752385
66.88221001002981 0.06584934449749424 0.11755845613697913
66.9599800100545 0.07770270941909974 0.14798404365213846
67.0387600100795 0.06589954677503085 0.11768733113294294
67.1175400101045 0.07764311052722128 0.14783108177501836
67.19632001012951 0.06595971291624547 0.11784172208418875
67.27510001015452 0.07758234617801751 0.1476751272789123
67.3528700101792 0.06600971769891628 0.11797009344106657
67.43165001020421 0.07753373148893294 0.1475502732191658
67.51043001022921 0.06606820842018124 0.11812018401234914
67.58921001025422 0.07747464883691102 0.14739863376659335
67.6669800102789 0.0661180031533567 0.11824801937150298
67.74576001030391 0.07742621818847684 0.147274255605101
67.82454001032892 0.06617485870366924 0.11839391291356138
67.90332001035392 0.07736877692870903 0.14712682782889175
67.98210001037893 0.06623283538801306 0.11854268544700952
68.05987001040361 0.07732054276200839 0.1470029574787035
68.13865001042862 0.06627969114286936 0.11866297888669664
68.21743001045363 0.07726470344379721 0.14685964024061526
68.29621001047863 0.06633606151894422 0.11880762871813166
68.37398001050332 0.07721667768448204 0.14673630821445682
68.45276001052832 0.06638273280439133 0.11892745117197956
68.53154001055333 0.07716240169346289 0.14659700255651442
68.61032001057833 0.06643753539016395 0.11906807725902135
68.68910001060334 0.07710704598690021 0.14645492519039793
68.76687001062803 0.06648401045584607 0.11918739817028401
68.84565001065303 0.07706184530532756 0.14633884709800427
68.92443001067804 0.0665372829501586 0.11932409736882255
69.00321001070304 0.07700802523527994 0.14620071071022034
69.08199001072805 0.06659160370686779 0.11946348918286942
69.15976001075273 0.07696300821419566 0.14608510691432874
69.23854001077774 0.06663532988176424 0.1195757545292997
69.31732001080275 0.07691068681623736 0.14595081685804256
69.39610001082775 0.0666881476435438 0.11971128922806384
69.47387001085244 0.07686586465338408 0.14583571576215482
69.55265001087744 0.06673170160800024 0.1198231134563299
69.63143001090245 0.07681500575250177 0.14570517941958627
69.71021001092745 0.06678305246671945 0.1199548836743558
69.78899001095246 0.07676313701490312 0.14557205175212973
69.86676001097715 0.06682642329781807 0.12006623813042294
69.94554001100215 0.07672095734295836 0.14546373480650576
70.02432001102716 0.06687634259018793 0.12019433442395089
70.10310001105216 0.07667052514374828 0.14533429461012215
70.18188001107717 0.06692724213209855 0.12032494890410472
70.25965001110185 0.07662851712559138 0.1452264199624409
70.33843001112686 0.06696804222192398 0.1204297027305512
70.41721001115187 0.07657948690467065 0.1451005782940329
70.49599001117687 0.06701753573336922 0.12055670824880904
70.57376001120156 0.07653766091537695 0.14499317210840967
70.65254001122656 0.06705817537291492 0.1206610493871274
70.73132001125157 0.07648999888972285 0.14487084191553423
70.81010001127657 0.06710629667049128 0.1207845325539858
70.88888001130158 0.07644139259703986 0.14474608851622328
70.96665001132627 0.06714676569784406 0.1208884349344519
71.04543001135127 0.07640203785319521 0.1446450257030274
71.12421001137628 0.0671935478071084 0.12100848059758418
71.20299001140128 0.07635477557927528 0.14452372176203543
71.28177001142629 0.06724124652644736 0.12113088059195753
71.35954001145097 0.07631558079450673 0.14442307065273274
71.43832001147598 0.06727931175156143 0.12122861050745115
71.51710001150099 0.07626963024663724 0.14430513328986816
71.59588001152599 0.06732569497854568 0.1213476338221442
71.67365001155068 0.0762306049892042 0.14420491840121397
71.75243001157568 0.06736361086032638 0.12144497971080526
71.83121001160069 0.0761859345888296 0.14409026656356794
71.9099900116257 0.06740871013031724 0.12156070731639268
71.9887700116507 0.07614038150845659 0.14397334952925833
72.06654001167539 0.06744646723348524 0.12165764497855669
72.14532001170039 0.07610366684710723 0.14387906570265674
72.2241000117254 0.06749031338477629 0.1217701560581097
72.3028800117504 0.07605937142489372 0.14376537647003973
72.38065001177509 0.06752790271307352 0.12186666241777999
72.4594300118001 0.07602280550993168 0.1436714754617041
72.5382100118251 0.06757052590285884 0.12197603440463611
72.6169900118501 0.07597973759616516 0.1435609366502888
72.69577001187511 0.06761399776726174 0.12208758612513027
72.7735400118998 0.07594332931995706 0.14346744125427469
72.8523200119248 0.06764936859979997 0.1221783960837719
72.93110001194981 0.07590145942676585 0.1433599771808569
73.00988001197481 0.06769163885397322 0.12228686350728157
73.08866001199982 0.0758587646816189 0.14325039626410518
73.1664300120245 0.06772686214965595 0.12237729419961596
73.24521001204951 0.07582451655974631 0.1431624457840286
73.32399001207452 0.06776795959504 0.12248275127514363
73.40277001209952 0.07578299888476958 0.14305588583233275
73.48054001212421 0.06780302698157903 0.12257278122437265
73.55932001214921 0.07574888887240006 0.14296829078432882
73.63810001217422 0.06784297978543985 0.12267530027343376
73.71688001219923 0.0757085201028197 0.14286467951279969
73.79566001222423 0.06788372557990974 0.12277985597048957
73.87343001224892 0.07567455647829713 0.14277746111588385
73.95221001227392 0.06791671899343998 0.12286456076311403
74.03099001229893 0.0756353090701033 0.1426767278304375
74.10977001232393 0.06795634005063533 0.1229662295158418
74.18855001234894 0.07559529106022544 0.14257401688058113
74.26632001237363 0.06798919655508273 0.12305058240660305
74.34510001239863 0.0755633467434651 0.14249198188479584
74.42388001242364 0.06802771978438882 0.12314943330364869
74.50266001244864 0.07552443055579627 0.1423920987721039
74.58043001247333 0.06806043157856767 0.12323341427935564
74.65921001249833 0.07549261430075915 0.14231039334261508
74.73799001252334 0.0680978832997623 0.12332951489689714
74.81677001254835 0.07545477361775466 0.14221327052301724
74.89555001257335 0.06813607578992864 0.1234275179844091
74.97332001259804 0.0754230931435601 0.14213191444627515
75.05210001262304 0.06816684889821567 0.12350652129574646
75.13088001264805 0.07538630222343401 0.14203748584999953
75.20966001267306 0.06820398845255249 0.1236018217664725
75.28743001269774 0.07535476489448056 0.14195649800451404
75.36621001272275 0.0682346346647339 0.12368049894565525
75.44499001274775 0.07531899855999757 0.14186469901372734
75.52377001277276 0.06827074643437714 0.12377316137208716
75.60255001279776 0.07528251941714958 0.14177107064037298
75.68032001282245 0.06830125847044055 0.12385149374100068
75.75910001284745 0.07525284502489116 0.14169486481430127
75.83788001287246 0.06833636705625035 0.12394158128340438
75.91666001289747 0.0752173728035116 0.14160382071011224
75.99544001292247 0.06837216747291663 0.12403344556234375
76.07321001294716 0.07518782422107317 0.1415279385766799
76.15199001297216 0.06840086743388962 0.12410712544913549
76.23077001299717 0.07515333486036324 0.1414394169882427
76.30955001302218 0.06843568201290395 0.12419645936072587
76.38732001304686 0.07512391896478077 0.14136387617826873
76.46610001307187 0.06846426448237752 0.12426983730882135
76.54488001309687 0.07509038892627484 0.14127781669448503
76.62366001312188 0.06849811673772821 0.12435670122108444
76.70244001314688 0.07505619327772461 0.14119004892414466
76.78021001317157 0.06852657491325709 0.12442975977292603
76.85899001319657 0.0750285185375098 0.14111897755060276
76.93777001322158 0.0685594878458946 0.12451421273573793
77.01655001324659 0.07499526570469495 0.14103362952029297
77.09432001327127 0.06858781523733493 0.12458693523739184
77.17310001329628 0.074967707426845 0.14096285778564255
77.25188001332128 0.06861981134662165 0.12466903501097137
77.33066001334629 0.07493537490921909 0.14087987174541405
77.4094400133713 0.06865244716827024 0.1247527776241042
77.48721001339598 0.07490793952131103 0.1408094161258422
77.56599001342099 0.06867910305700786 0.12482120865950908
77.64477001344599 0.0748765053075573 0.14072873558134136
77.723550013471 0.06871083775944131 0.12490263838360605
77.802330013496 0.07484444966770376 0.14064646011684445
77.88010001352069 0.06873737860534002 0.12497077380584365
77.9588800135457 0.07481864150160566 0.14058018148878082
78.0376600135707 0.06876823370018958 0.1250499458668508
78.1164400135957 0.07478746872840014 0.14050017190128106
78.19421001362039 0.06879465343205415 0.125117770095029
78.2729900136454 0.07476176827789183 0.14043417040184858
78.3517700136704 0.0688246499619416 0.1251947385128127
78.43055001369541 0.07473145732483932 0.14035637267466594
78.50933001372042 0.06885524371050133 0.1252732406094359
78.5871000137451 0.07470587060361678 0.14029066371796794
78.6658800137701 0.06888010133728928 0.1253370542981469
78.74466001379511 0.0746764008821984 0.14021502500650707
78.82344001382012 0.06890985121386406 0.12541339045401
78.90222001384512 0.07464635107423345 0.1401378974458023
78.97999001386981 0.06893460244179472 0.12547693074301813
79.05877001389482 0.07462228499557566 0.14007609190419545
79.13755001391982 0.06896352856886667 0.125551152614245
79.21633001394483 0.07459306196896998 0.14000108627253427
79.29410001396951 0.06898816771480576 0.12561440491646314
79.37288001399452 0.07456909543142765 0.1399395368164691
79.45166001401952 0.06901628977887586 0.1256865630362758
79.53044001404453 0.07454067949256082 0.1398666025619444
79.60922001406954 0.06904496931037163 0.12576015271597019
79.68699001409422 0.07451681812170985 0.13980532360832187
79.76577001411923 0.06906814868033828 0.125819657231252
79.84455001414423 0.07448919000414977 0.13973441127727027
79.92333001416924 0.06909603790490226 0.1258912184519123
80.00110001419392 0.07446543917116089 0.13967341659056887
80.07988001421893 0.06911911894240685 0.1259504702848857
80.15866001424394 0.07443858003006121 0.13960447781252716
80.23744001426894 0.06914623668870579 0.12602005137757333
80.31622001429395 0.07441118477531483 0.1395341630139546
80.39399001431863 0.06916921407002252 0.12607903686665534
80.47277001434364 0.07438883626095194 0.13947676799203057
80.55155001436864 0.06919557875669724 0.12614668511359284
80.63033001439365 0.07436219687617085 0.13940839310812025
80.70911001441866 0.06922246373858565 0.1262156694338601
80.78688001444334 0.07433994555360912 0.13935124806855326
80.86566001446835 0.06924407704643953 0.12627115287490165
80.94444001449335 0.07431404401790698 0.13928476684862412
81.02322001451836 0.06927022185162546 0.12633823741178274
81.10099001454304 0.07429189492758004 0.13922788471698588
81.17977001456805 0.06929174433776897 0.1263934874768058
81.25855001459306 0.07426671361292592 0.13916325192047108
81.33733001461806 0.06931716658273834 0.12645871745500248
81.41611001464307 0.07424103198340826 0.1390973349663982
81.49388001466775 0.06933859325443248 0.12651372133534178
81.57266001469276 0.07422019322771234 0.13904381640574837
81.65144001471776 0.06936331017411246 0.12657714100159367
81.73022001474277 0.07419521954811303 0.1389797163884432
81.80900001476778 0.0693885126366629 0.12664180748341858
81.88677001479246 0.07417447058122628 0.13892642878188255
81.96555001481747 0.0694086647200497 0.1266935391104118
82.04433001484247 0.07415018799171413 0.13886410243414415
82.12311001486748 0.06943317392592407 0.1267564262588894
82.20088001489216 0.07412953354598228 0.13881105791991866
82.27966001491717 0.06945324216729598 0.1268079424615709
82.35844001494218 0.07410592555369189 0.13875046291764725
82.43722001496718 0.06947707460156727 0.12686909260034573
82.51600001499219 0.07408185070981854 0.13868866963662185
82.59377001501687 0.06949705431440067 0.1269203813580866
82.67255001504188 0.07406242061377888 0.13863876801728514
82.75133001506688 0.06952022610556163 0.12697983589515793
82.83011001509189 0.07403900887080328 0.13857867658754186
82.90788001511658 0.0695401128172155 0.12703088573585708
82.98666001514158 0.07401966169742102 0.1385289882835372
83.06544001516659 0.06956263974399368 0.12708868518035432
83.14422001519159 0.07399689727929437 0.13847055822059362
83.2230000152166 0.06958561526508178 0.12714763655168326
83.30077001524128 0.07397763746945063 0.13842109462657293
83.37955001526629 0.06960432668368965 0.12719566913718117
83.4583300152913 0.07395550494113323 0.1383642863222012
83.5371100153163 0.06962666830042208 0.12725299355191844
83.61589001534131 0.07393293683086943 0.13830635999414476
83.69366001536599 0.06964529795535401 0.12730081609602095
83.772440015391 0.07391482099779434 0.13825983302602207
83.851220015416 0.06966702076243325 0.12735655230703413
83.93000001544101 0.07389287400198352 0.13820350081235055
84.0077700154657 0.06968556445294971 0.12740415403674765
84.0865500154907 0.07387483472356138 0.13815717080682965
84.1653300155157 0.06970668321861695 0.12745833996227196
84.24411001554071 0.07385349407653408 0.1381023948188842
84.32289001556572 0.06972822053548333 0.12751360066320938
84.4006600155904 0.07383553552370514 0.13805627247793772
84.47944001561541 0.06974566610798605 0.12755838332780822
84.55822001564042 0.0738147867794835 0.13800301564403927
84.63700001566542 0.06976660966025794 0.1276121201239544
84.71578001569043 0.0737936316646356 0.13794871576052747
84.79355001571511 0.0697839797422738 0.12765670888855718
84.87233001574012 0.07377674196154327 0.13790533724421516
84.95111001576512 0.069804343658185 0.1277089580537183
85.02989001579013 0.07375616864507206 0.13785253059422908
85.10766001581482 0.06982163430489685 0.12775334280071826
85.18644001583982 0.07373934959452078 0.13780933388579664
85.26522001586483 0.06984143240906415 0.12780413982679262
85.34400001588983 0.07371934425540905 0.13775798500192948
85.42278001591484 0.06986162100450555 0.12785593957271857
85.50055001593952 0.07370259977430904 0.13771498015076045
85.57933001596453 0.06987788567252085 0.12789769050975952
85.65811001598954 0.07368314888906857 0.13766505433226994
85.73689001601454 0.06989751809326761 0.12794806285718607
85.81466001603923 0.07366648271824472 0.13762225093779668
85.89344001606423 0.06991371308608696 0.12798963485620707
85.97222001608924 0.0736475730569418 0.13757371423277487
86.05100001611424 0.06993280255978429 0.12803861376299297
86.12978001613925 0.07362828805594213 0.13752421412641658
86.20755001616394 0.06994892417176257 0.1280799973198743
86.28633001618894 0.07361260738636743 0.13748394065209446
86.36511001621395 0.06996748364041372 0.12812761601327383
86.44389001623895 0.07359385442288402 0.1374358060928893
86.52267001626396 0.06998640739671602 0.12817617014058147
86.60044001628864 0.0735782426164453 0.1373957098250722
86.67922001631365 0.07000157045826627 0.12821509303855283
86.75800001633866 0.07356000903024917 0.1373489083249746
86.83678001636366 0.07001997325063447 0.12826231016092038
86.91455001638835 0.07354446960138405 0.1373089982817155
86.99333001641335 0.07003507202500303 0.1283010679823282
87.07211001643836 0.07352674300621742 0.13726349805528448
87.15089001646336 0.07005296623667534 0.12834697989032584
87.22967001648837 0.0735086662799953 0.13721709912927205
87.30744001651306 0.07006799724155965 0.12838556370224907
87.38622001653806 0.07349404758438183 0.13717955278546023
87.46500001656307 0.07008539498918975 0.12843020150231643
87.54378001658807 0.07347646922941131 0.13713443301842654
87.62155001661276 0.07010035490131317 0.12846860278078465
87.70033001663776 0.07346191410837777 0.13709705030025
87.77911001666277 0.07011726803843754 0.12851199690421256
87.85789001668778 0.0734448222696572 0.13705317926973049
87.93667001671278 0.07013451762960499 0.12855625498848777
88.01444001673747 0.07343033402434451 0.1370159686483685
88.09322001676247 0.07014859380976946 0.1285923877324069
88.17200001678748 0.0734137171046868 0.13697331659334733
88.25078001681248 0.0701653670159118 0.1286354232531539
88.32956001683749 0.07339677358715757 0.13692982624020633
88.40733001686218 0.070179380627308 0.12867139536162364
88.48611001688718 0.07338314553940017 0.1368948239553469
88.56489001691219 0.07019568879161608 0.12871323743927077
88.6436700169372 0.0733666688493112 0.136852531819176
88.72144001696188 0.07020963671014135 0.12874904089833494
88.80022001698688 0.07335309947714874 0.13681768057792754
88.87900001701189 0.07022549093221608 0.12878971802755546
88.9577800170369 0.07333707851602056 0.1367765581753111
89.0365600170619 0.07024165900720847 0.1288312010823356
89.11433001708659 0.07332357091980557 0.13674186593147786
89.1931100171116 0.0702547813168618 0.1288648852483476
89.2718900171366 0.07330799482884276 0.13670188539687267
89.3506700171616 0.07027050316924899 0.1289052231686405
89.42945001718661 0.07329211410058611 0.1366611229294823
89.5072200172113 0.0702835677264465 0.12893875908100982
89.5860000172363 0.07327941012188022 0.1366284938065787
89.66478001726131 0.07029885397801239 0.12897797913395959
89.74356001728631 0.07326396666600532 0.13658885371315987
89.821330017311 0.07031185784783289 0.12901135926303153
89.900110017336 0.07325131682455521 0.13655636397437165
89.97889001736101 0.07032671889190278 0.1290494881280635
90.05767001738602 0.07323630024993422 0.13651781958795572
90.13645001741102 0.07034187269606784 0.12908836875712426
90.21422001743571 0.07322370745865536 0.13648547670582767
90.29300001746071 0.07035410527827468 0.12911976906671008
90.37178001748572 0.07320910759551214 0.13644800192456064
90.45056001751072 0.07036884112173936 0.12915757710681985
90.52833001753541 0.07319657463605489 0.1364158130338189
90.60711001756042 0.07038102041244398 0.12918884062860236
90.68589001758542 0.07318238153494527 0.13637938232654578
90.76467001761043 0.07039534824060811 0.12922560161024998
