0.001020000000000002 0.47747300833691325 1.1913996831706797
0.1969600000000562 4.364540854705917 8.671097977563802
0.39088000000025014 0.14439489805395833 0.40508986477331144
0.5858099999999687 4.344595238565953 8.672665347316943
0.7787199999990908 0.04189138786989044 0.04143482001827126
0.9736499999982037 4.306702239213577 8.616401705770805
1.166559999999175 0.15398994265710564 0.22331618562319022
1.3604800000004453 4.262861100042312 8.539213635725872
1.5544000000017157 0.25820686557116257 0.44566904046628997
1.7473100000029795 4.2150391959114915 8.451362494911429
1.94123000000425 0.35237804084028757 0.6448225156654219
2.1351500000055204 4.165364617522321 8.358055437534762
2.328060000006784 0.4401225445164514 0.829460181439956
2.5219800000080546 4.115498914404698 8.26295728678852
2.7148900000093183 0.5228195231872768 1.0029619159524938
2.907800000010582 4.066621383517862 8.168649042890209
3.100710000011846 0.600658123438375 1.1657944446676005
3.2946300000131163 4.0183565257794305 8.07421903670641
3.48754000001438 0.6751702926076968 1.320754851564121
3.680450000015644 3.971775389150687 7.98212393879576
3.8733600000169077 0.7456846003542622 1.4672069492728146
4.066270000015228 3.9264124527410167 7.891965754540897
4.259180000007925 0.8131105990632035 1.607116281700538
4.452090000000622 3.882390588888778 7.804222504819725
4.644999999993319 0.8776908545685844 1.740656966177756
4.837909999986016 3.839738265723843 7.719128582305745
5.029809999978751 0.9392151128406766 1.8673395085536892
5.2227199999714475 3.7989583498276747 7.637802936000737
5.415629999964144 0.9989038710883514 1.9898691928526113
5.608539999956841 3.7602539035391516 7.560245242032748
5.801449999949538 1.0562652948347342 2.1074333156229197
5.994359999942235 3.724633659168022 7.488554450096796
6.187269999934932 1.1111533445867767 2.219577865408451
6.380179999927629 3.6913173362187965 7.421393365406459
6.573089999920326 1.163785937815594 2.3269228749110527
6.7659999999130225 3.659490317451629 7.357174334335459
6.958909999905719 1.2143698673775716 2.4296360164483444
7.151819999898416 3.6288939848716755 7.2953125035356
7.344729999891113 1.263090630626881 2.528206481229145
7.538649999883772 3.599136827136698 7.23512386426477
7.731559999876469 1.3103854673197097 2.6237629999111167
7.9244699998691654 3.570761194379575 7.177696244509391
8.117379999861862 1.355709661375505 2.715277439178354
8.311299999854521 3.5431990433453855 7.121890692936905
8.504209999847218 1.3996660292329648 2.8040022688482713
8.698129999839876 3.5166071237507035 7.068027459635228
8.891039999832573 1.4421123897063532 2.8895903394926203
9.084959999825232 3.4911357610664004 7.016427183668961
9.277869999817929 1.4831328943357742 2.9722275774453077
9.471789999810587 3.4667508311261814 6.966953333560799
9.665709999803246 1.5230009279637098 3.052594455784985
9.859629999795905 3.443188790889671 6.919011075226789
10.052539999788602 1.561203517805808 3.129604008005027
10.24645999978126 3.4207639233115996 6.8732422387421055
10.440379999773919 1.5983682616629036 3.204485811632418
10.634299999766577 3.3988650395857496 6.828596156773292
10.828219999759236 1.634372980939559 3.2770395041631373
11.022139999751895 3.3774271927393684 6.784931351109069
11.216059999744553 1.6693250650977935 3.347492536238672
11.410989999737174 3.35589028225045 6.7411969307508475
11.604909999729832 1.7035662380879935 3.416506458618529
11.798829999722491 3.3345366099048723 6.697846255011719
11.99274999971515 1.736636449211003 3.4830647571022166
12.18767999970777 3.3127123941544636 6.653591822342442
12.381599999700429 1.7690405595281762 3.5482145694057388
12.576529999693049 3.2906406954856715 6.608841384883791
12.770449999685708 1.80060795764319 3.611617453249749
12.965379999678328 3.2683804460558985 6.563780524295993
13.159299999670987 1.8314204504338727 3.6734833092333607
13.354229999663607 3.2459821604636687 6.518537271090508
13.549159999656228 1.8616955658861318 3.7343550223693067
13.744089999648848 3.223295812157554 6.472827939328751
13.938009999641507 1.8911214000166388 3.7934715115606865
14.132939999634127 3.200767808752389 6.427407709230537
14.327869999626747 1.9200963269613742 3.8517502105499646
14.522799999619368 3.178029368510866 6.381619008081952
14.717729999611988 1.9485637980541044 3.908990188075634
14.91366999960457 3.15506749363354 6.3353711834832405
15.10859999959719 1.9767550136213972 3.9657651280004647
15.303529999589811 3.1322281829002083 6.289263551123003
15.498459999582431 2.0043332614489695 4.021297602756368
15.694399999575014 3.109168118221863 6.2426713581882565
15.889329999567634 2.031528163824351 4.076097520610933
16.084259999560256 3.0862990883942043 6.196470303146928
16.28019999955284 2.0580841883071486 4.129551658980224
16.47613999954542 3.063398448188794 6.150199209789664
16.672079999538003 2.0840239207758806 4.181659731240961
16.867009999530623 3.041054562903989 6.1051363039309585
17.062949999523205 2.108942103519717 4.231648104203356
17.257879999515826 3.0192824635974578 6.0612746982120385
17.45482999950837 2.1331098632628835 4.280109674033728
17.64975999950099 2.9981334728547466 6.018676512379518
17.845699999493572 2.1561709546731183 4.326426433907693
18.041639999486154 2.977751201675427 5.977675379714031
18.237579999478736 2.1783840157110816 4.37105831891742
18.43351999947132 2.9581391577120115 5.938259296004523
18.6294599994639 2.199625957429405 4.413758048343586
18.825399999456483 2.9393004166955063 5.9003884296287
19.021339999449065 2.219895988070017 4.454533101073266
19.217279999441647 2.9212506155837237 5.864106009532543
19.41321999943423 2.2392123787416187 4.49340644470001
19.60915999942681 2.9039903502038893 5.829435317180232
19.805099999419394 2.257608351135015 4.530433792156763
20.001039999411976 2.887512339851127 5.796356983425943
20.196979999404558 2.2751165844667223 4.565690396096988
20.39291999939714 2.8717997536258912 5.7648381574905265
20.588859999389722 2.2917759649700438 4.59924481388917
20.784799999382304 2.8568170684929948 5.73482001553719
20.980739999374887 2.3076224224502853 4.631153088594342
21.17667999936747 2.8425366868629647 5.706229547371078
21.37261999936005 2.3226881746827366 4.661470977123705
21.568559999352633 2.8289323559394894 5.678985982257744
21.765509999345177 2.3370505434818094 4.690368794704081
21.96144999933776 2.815937093985003 5.652927275464592
22.15738999933034 2.3506219156799535 4.717669665784996
22.353329999322924 2.803628492064777 5.6282358636929875
22.549269999315506 2.3635075293130896 4.743584948877544
22.745209999308088 2.7919086705329192 5.604711002684281
22.94215999930063 2.3757752678903974 4.768260190221419
23.138099999293214 2.780725770179486 5.58225104773088
23.334039999285796 2.3873552988050992 4.791545454787272
23.52997999927838 2.7701427632297118 5.560995789493106
23.726929999270922 2.3983785103182647 4.8137143813534955
23.922869999263504 2.760054187375814 5.540729649276576
24.118809999256086 2.4087675628244725 4.834605350787536
24.31474999924867 2.750526250295414 5.521593428844918
24.511699999241213 2.418652001379962 4.854487474394231
24.707639999233795 2.7414530064557696 5.50336381416312
24.903579999226377 2.427958092801161 4.873198495662335
25.09951999921896 2.7328928441393723 5.486170132499312
25.296469999211503 2.436807111530829 4.8909894061951675
25.492409999204085 2.7247484783683955 5.469806811100764
25.688349999196667 2.4451351382257704 4.907725539619756
25.88428999918925 2.717068620870989 5.454380319273033
26.081239999181793 2.4530462312273 4.923629412826836
26.277179999174376 2.7097715274452128 5.439717119872112
26.473119999166958 2.4604899307925128 4.938588458779503
26.66905999915954 2.7028934096109727 5.425898177562793
26.866009999152084 2.4675527233240913 4.952784926808906
27.061949999144666 2.696368216657591 5.412781534566324
27.257889999137248 2.4741995267309775 4.96614039681681
27.454839999129792 2.6901960212900775 5.400372118706698
27.650779999122374 2.480498645015589 4.978800409081352
27.846719999114956 2.684389558638311 5.38869949305708
28.0436699991075 2.4864504817156825 4.990760407529827
28.239609999100082 2.6788794310034914 5.377621631457918
28.435549999092665 2.4920454553587037 5.001996539542574
28.63249999908521 2.673670380422268 5.3671522551775315
28.82843999907779 2.4973499720281036 5.012651999154327
29.024379999070373 2.6687745112932415 5.357315132273577
29.221329999062917 2.502359859505658 5.022716802217319
29.4172699990555 2.6641286561822266 5.347976151175704
29.61320999904808 2.507065915265198 5.032168710132923
29.810159999040625 2.659739296256898 5.33915177818921
30.006099999033207 2.51152737163138 5.04113193399226
30.20203999902579 2.655616003490814 5.330863908424832
30.398989999018333 2.5157393634509027 5.049593701063104
30.594929999010915 2.6517043191595424 5.322998068750373
30.790869999003498 2.5196945709702985 5.057537432601578
30.98781999899604 2.6480101791630046 5.315568748308664
31.183759998988624 2.5234425496775996 5.065068064220879
31.379699998981206 2.644540782255861 5.30859222242861
31.57664999897375 2.52697935897829 5.0721752597939656
31.772589998966332 2.6412512659549576 5.301974822412192
31.968529998958914 2.5303000203653747 5.078846828580652
32.165479999010245 2.638145763102679 5.295727199935429
32.36141999907244 2.53344505411954 5.085167903634336
32.55735999913463 2.63522910307309 5.289860929041867
32.75430999919715 2.53641222144522 5.091131863175457
32.95024999925934 2.6324651039802003 5.284300179246538
33.146189999321535 2.5391983767803414 5.096730686982498
33.34313999938405 2.6298561994764778 5.2790513567890995
33.539079999446244 2.5418362665727128 5.102033280275475
33.73501999950844 2.6274056585245233 5.2741223183669135
33.93196999957095 2.544324913172191 5.107036160492051
34.12790999963315 2.6250843562541926 5.269451825433125
34.32384999969534 2.546662138718712 5.111733910612171
34.520799999757855 2.6228934353682263 5.265043628218368
34.71673999982005 2.5488745821611363 5.1161826457617465
34.91267999988224 2.6208352135487316 5.260903674013306
35.10962999994476 2.5509621181243896 5.120380451699402
35.30557000000695 2.6188857299617165 5.256981553163698
35.501510000069146 2.5529230930254654 5.124322893555178
35.69846000013166 2.617045442004229 5.25327928607352
35.894400000193855 2.554779745448997 5.128056736959996
36.09034000025605 2.6153163489099676 5.24980181804141
36.28729000031856 2.556532072329448 5.131580881612474
36.48323000038076 2.613678305440727 5.2465066601027015
36.67917000044295 2.5581783706057584 5.134891028752331
36.876120000505466 2.612131711466601 5.243395615287483
37.07206000056766 2.5597376397657343 5.138027091210118
37.268000000629854 2.61067859510504 5.240473560338255
37.46495000069237 2.561209654022562 5.140987689520548
37.66089000075456 2.6093015301325906 5.237703741779365
37.85683000081676 2.5625925204849853 5.1437683203504285
38.05378000087927 2.608001136273029 5.235088193959814
38.249720000941466 2.563902888307651 5.146403907794483
38.44566000100366 2.6067795755301493 5.23263193928325
38.642610001066174 2.565140172207099 5.148892479618139
38.83855000112837 2.6056214013220154 5.2303024919410195
39.03449000119056 2.5663022778282 5.151229201770324
39.23144000125308 2.6045275422525274 5.2281024297211935
39.42738000131527 2.5674040880249795 5.153445281775015
39.623320001377465 2.603500323177545 5.226036993603678
39.81926000143966 2.5684402675672366 5.155528778981145
40.016210001502174 2.602525841843528 5.224077033718788
40.21215000156437 2.569421621137354 5.157502574046102
40.40809000162656 2.6016095833069572 5.222234711758922
40.605040001689076 2.570348525065681 5.159366832743794
40.80098000175127 2.6007413468305876 5.220488450201377
40.996920001813464 2.571219857137236 5.161118819720323
41.19387000187598 2.5999211462395957 5.218838816751403
41.38981000193817 2.572045658142924 5.1627797123847134
41.58575000200037 2.599150343319141 5.217288982758273
41.78270000206288 2.5728257350638484 5.164348618463999
41.978640002125076 2.5984194256089577 5.215818917073234
42.17458000218727 2.573558664457017 5.16582227524488
42.371530002249784 2.597728891610352 5.214430077067722
42.56747000231198 2.5742538086135665 5.167220344668689
42.76341000237417 2.5970803360215298 5.213126028309468
42.959350002436366 2.57490765356831 5.168534975115757
43.15630000249888 2.5964648801430372 5.211888147657628
43.352240002561075 2.5755271701406426 5.169780925421241
