0.001020000000000002 0.4775025698646752 1.191399686509742
0.07879000000000215 0.2617529570255148 0.6851542967644675
0.15959000000001883 0.45174621676324833 1.1426552522926459
0.2363500000000956 0.2527955465339783 0.6536910510007377
0.3161400000001754 0.43648375670721185 1.1004209641288565
0.39391000000025317 0.2422288139728488 0.6302743614282957
0.47269000000033196 0.4228515927100691 1.062065220596764
0.551470000000125 0.23206158082778053 0.6068430836361771
0.6302499999997665 0.40948814979390685 1.0265828781704012
0.7080199999994126 0.2228931946049758 0.58435084563081
0.786799999999054 0.3975536434079257 0.9953846873218097
0.8655799999986955 0.21360906117018474 0.5614719029063409
0.944359999998337 0.38584616809403405 0.9647303596876711
1.0221299999982287 0.20505807919900318 0.5404773451722855
1.1009099999987448 0.37541420779678214 0.9373795110293348
1.179689999999261 0.19629996768988045 0.518882702204071
1.2574599999997704 0.36549673048520315 0.911451555813303
1.3362400000002865 0.18834393556373963 0.4992195994035442
1.4150200000008026 0.35564344474306897 0.8857711003133928
1.4927900000013121 0.1805943057806777 0.48001228584042543
1.5715700000018282 0.3467667798736549 0.8626481689946841
1.6503500000023443 0.17263566551409415 0.4602286423785018
1.7281200000028538 0.338268349571485 0.8405439740269083
1.80690000000337 0.16542653669747742 0.4422953583903211
1.8846700000038794 0.3301202042713993 0.8193788161436566
1.9634500000043955 0.15841598039551952 0.42482723267528444
2.0422300000049116 0.3219467899756554 0.7981846717070695
2.120000000005421 0.15160395843231345 0.4078314322485288
2.198780000005937 0.3145142735343802 0.7789111961178041
2.2765500000064467 0.14498888271627297 0.39131035120391067
2.355330000006963 0.3073552474696044 0.7603601032444396
2.434110000007479 0.13824203685391723 0.37444222291164175
2.5118800000079884 0.30045558383564863 0.7424929971242666
2.5906600000085045 0.1320803379784774 0.35902944280041815
2.668430000009014 0.2938024180507206 0.7252755137099776
2.74721000000953 0.12609495740649967 0.3440440581339965
2.825990000010046 0.28705632401026915 0.7078384627688172
2.9037600000105557 0.12028188502559843 0.3294777027839868
2.982540000011072 0.280918160740541 0.6919723655598897
3.0603100000115813 0.11463702145850707 0.31532208108745463
3.1390900000120974 0.27498643125181055 0.6766478251029384
3.216860000012607 0.10915641999185044 0.3015693139671649
3.295640000013123 0.26925180650051384 0.6618387002706227
3.374420000013639 0.10353573142978277 0.287447205143998
3.4521900000141486 0.2637029693081059 0.6475154192032262
3.5309700000146647 0.09841514920385641 0.2745839837127173
3.608740000015174 0.25833065075903294 0.6336521080259727
3.6875200000156902 0.09344109256615951 0.2620845790355153
3.7652900000161997 0.25312694098203314 0.6202274055490675
3.844070000016716 0.08860927228311632 0.24993901261479712
3.9218400000172253 0.24808377204995868 0.6072195426074178
4.0006200000177135 0.08391545783101617 0.2381370093068047
4.079400000014731 0.2429272158368105 0.5939446364350176
4.157170000011787 0.0793558328348698 0.22666953305910953
4.235950000008804 0.23821822333969733 0.5818025697700957
4.31372000000586 0.07492688641556389 0.21552802601496612
4.392500000002878 0.23364937724717527 0.5700237571225952
4.470269999999934 0.07062514455801117 0.20470400896110963
4.549049999996951 0.22921571259137977 0.5585954283850003
4.626819999994007 0.06644699281170952 0.1941887976044998
4.7055999999910245 0.22491354991245704 0.5475086585247979
4.78336999998808 0.06238852544342044 0.18397254063090562
4.862149999985098 0.2207394455491275 0.5367554135890185
4.939919999982154 0.05844613390048203 0.1740456743484886
5.018699999979171 0.21668979393150312 0.5263258701837303
5.097479999976189 0.05440690106445634 0.1638570204966161
5.175249999973245 0.2127612703235935 0.5162107702805341
5.254029999970262 0.050707479650607956 0.15453635276035937
5.331799999967318 0.20894990095064167 0.5064017943269383
5.410579999964336 0.047112778605333916 0.14547613917470503
5.488349999961391 0.2052523320811146 0.49689030509525445
5.567129999958409 0.04361994710906436 0.13666915662596812
5.644899999955465 0.20166459872480602 0.4876655004422803
5.723679999952482 0.04022599026798168 0.1281083126871696
5.801449999949538 0.19818312733161825 0.478717457953004
5.880229999946556 0.03692806960806172 0.1197869263907636
5.9579999999436115 0.19480453077517124 0.47003704000446733
6.036779999940629 0.033723628436761355 0.11169887660557043
6.114549999937685 0.19152543015858547 0.46161507794282297
6.1933299999347025 0.030610090900167197 0.10383807400683454
6.27210999993172 0.1881645420154502 0.4529952123061287
6.349879999928776 0.02762942840316529 0.09619832006950713
6.428659999925793 0.18508747491819832 0.4450945158419706
6.506429999922849 0.024868563744406602 0.08877329856193938
6.585209999919867 0.18209815854855382 0.4374199620838404
6.662979999916923 0.02225934892324133 0.08155654024143422
6.74175999991394 0.17919345219417437 0.4299631264993775
6.819529999910996 0.019833439695947197 0.07454164910370986
6.8983099999080135 0.17637026028260583 0.42271575784766924
6.976079999905069 0.017612483018465963 0.06772225459246162
7.054859999902087 0.17362557729332917 0.41566985866189343
7.132629999899143 0.015583645734388196 0.06109190094061301
7.21140999989616 0.17095774495796756 0.4088188210573218
7.289179999893216 0.013761102460003172 0.05464401859006651
7.367959999890234 0.16836390135505208 0.40215784164057133
7.4457299998872895 0.012161904849338434 0.04837234720199701
7.524509999884307 0.1658420031776936 0.3956821760713325
7.602279999881363 0.010785607350820459 0.04227110791401589
7.68105999987838 0.16338998217606093 0.3893866959335357
7.758829999875436 0.009665498085224766 0.03633492496770696
7.837609999872454 0.1610058151007201 0.3832662468878367
7.916389999869471 0.00879146349160942 0.030228250083841335
7.994159999866527 0.15868767554532826 0.37731620884551287
8.072939999863545 0.008287116502813885 0.02463182413042775
8.1507099998606 0.1564338229371518 0.37153224230467297
8.229489999857618 0.008097303068765105 0.01918481086032875
8.307259999854674 0.15424254850955432 0.3659100829348616
8.386039999851691 0.008250752024499652 0.013882881894644594
8.463809999848747 0.1521120702112002 0.36044515747316597
8.542589999845765 0.008801494484739547 0.008722049574494406
8.62035999984282 0.1500404766363468 0.3551323724244493
8.699139999839838 0.009844486169009459 0.003698516443439992
8.776909999836894 0.14802621968039398 0.3499676787649175
8.855689999833912 0.011506069976452982 0.001191446916992689
8.933459999830967 0.14606794840873505 0.34494770133651764
9.012239999827985 0.013372467277346202 0.005951380640134563
9.09000999982504 0.1441642129851034 0.3400687920230405
9.168789999822058 0.015188586460682996 0.010584606970143184
9.246559999819114 0.1423134767934079 0.3353269714062024
9.325339999816132 0.016956286918287766 0.015094179392172169
9.403109999813188 0.14051430357926353 0.3307183732330521
9.481889999810205 0.01867783844497284 0.019482789336866535
9.559659999807261 0.1387653322346427 0.3262392105958356
9.638439999804278 0.020352459359471498 0.023752862738590785
9.717219999801296 0.1369748755561685 0.32165351724114943
9.794989999798352 0.02198112144963449 0.02790663914383762
9.87376999979537 0.13533025156179546 0.3174409576304882
9.951539999792425 0.023564673452612594 0.03194609753868205
10.030319999789443 0.13373218816086285 0.3133481182591602
10.108089999786499 0.025104004878186092 0.03587333350084654
10.186869999783516 0.1321795724269853 0.3093720114791698
10.264639999780572 0.02660006505619827 0.03969060102634314
10.34341999977759 0.13067126020449094 0.3055095771930638
10.421189999774645 0.02805384050696424 0.04340025581145435
10.499969999771663 0.12920607009980845 0.30175765536221144
10.577739999768719 0.02946634434194728 0.047004728063237966
10.656519999765736 0.12778278155623368 0.2981129652392056
10.734289999762792 0.03083908767677535 0.0505065115417036
10.81306999975981 0.12640020827165 0.2945723514356735
10.890839999756865 0.032173818781657926 0.053908242348899016
10.969619999753883 0.12505719094363654 0.2911328002964342
11.047389999750939 0.033470507784461034 0.05721286435254047
11.126169999747956 0.12375258905572961 0.2877914326998021
11.203939999745012 0.034730347799612815 0.06042348010210086
11.28271999974203 0.122485280468414 0.28454547515113227
11.360489999739086 0.03595448129490064 0.06354308154566946
11.439269999736103 0.1212541593816201 0.2813921889288751
11.51804999973312 0.0372107419783686 0.06674551307030985
11.595819999730177 0.12005813444673197 0.27832885857598244
11.674599999727194 0.03836221127359829 0.06968006716320252
11.75236999972425 0.11889610570414588 0.275352735639367
11.831149999721267 0.03948141698855068 0.0725324807515304
11.908919999718323 0.11776699379997935 0.27246110403239543
11.98769999971534 0.040569485171681685 0.07530567179746539
12.065469999712397 0.11666975110279387 0.2696513238824694
12.144249999709414 0.041627481751456696 0.07800242445411554
12.22201999970647 0.11560336450564446 0.26692086070233545
12.300799999703488 0.04265635950725355 0.0806252304611621
12.378569999700543 0.11456687384389332 0.26426728901206564
12.457349999697561 0.04365700167800102 0.08317637266003208
12.535119999694617 0.11355937159116791 0.2616882910417284
12.613899999691634 0.04463023866654858 0.0856579740516561
12.69166999968869 0.11257999569950516 0.2591816505595701
12.770449999685708 0.04557685791110733 0.08807203244262096
12.848219999682764 0.11162792266914534 0.25674524257973674
12.926999999679781 0.04649791039866957 0.09042044462069798
13.004769999676837 0.11070236183177518 0.25437702008697105
13.083549999673854 0.047394450050379566 0.09270502360146926
13.16131999967091 0.10980254998803575 0.25207500073863853
13.240099999667928 0.04826651467354248 0.09492750743206324
13.317869999664984 0.10892817489316553 0.2498372497835466
13.396649999662001 0.049114776528695454 0.09708956055947127
13.475429999659019 0.1080296475189072 0.24753909479265923
13.553199999656075 0.049939886928112576 0.09919278834993328
13.631979999653092 0.10720630736234815 0.24543208303093866
13.709749999650148 0.05074247674838627 0.10123874956756707
13.788529999647166 0.10640570652091608 0.24338340481452336
13.866299999644221 0.0515231576242774 0.10322896628829348
13.945079999641239 0.10562720196057773 0.24139138060889076
14.022849999638295 0.05228252259949695 0.10516492529336618
14.101629999635312 0.10487017312259894 0.23945439830711512
14.179399999632368 0.05302114730330276 0.10704807589743126
14.258179999629386 0.10413402035935437 0.2375709051144037
14.335949999626441 0.053739590699959705 0.10887982904229654
14.414729999623459 0.10341816367273116 0.2357394023542958
14.492499999620515 0.05443839549675567 0.11066155727453841
14.571279999617532 0.10272204173981492 0.2339584419500329
14.649049999614588 0.05511808843914911 0.11239459466200197
14.727829999611606 0.10204511123642646 0.23222662413543427
14.805599999608662 0.0557791804559149 0.11408023658128208
14.88437999960568 0.10138684646016571 0.23054259673709332
14.962149999602735 0.05642216635369157 0.11571973872145369
15.040929999599753 0.1007467391953325 0.228905054278028
15.118699999596808 0.05704752318212004 0.11731431375110457
15.197479999593826 0.10012429930980281 0.2273127380489126
15.275249999590882 0.0576557162954493 0.11886514544106053
15.3540299995879 0.09951905184330512 0.22576442830489762
15.431799999584955 0.05824719838058968 0.12037338365423755
15.510579999581973 0.09893053377687266 0.22425893306002864
15.58935999957899 0.05885432305258165 0.12192185203830919
15.667129999576046 0.09835829005771868 0.22279507397640064
15.745909999573064 0.059411531652907586 0.12334268860965114
15.82367999957012 0.09780188517300559 0.22137172503855496
15.902459999567137 0.05995340690094885 0.12472441823053737
15.980229999564193 0.09726090249157182 0.21998781543554058
16.059009999561212 0.060480346816334296 0.12606805539688848
16.136779999558268 0.09673493474341988 0.21864230382560024
16.215559999555285 0.060992740391549116 0.12737459456215738
16.29332999955234 0.09622358420840382 0.2173341754956537
16.37210999954936 0.061490968754070674 0.12864501149189023
16.449879999546415 0.09572646266933071 0.21606244162223343
16.528659999543432 0.06197540511800825 0.12988026305802425
16.606429999540488 0.09524319125842584 0.2148261388929762
16.685209999537506 0.062446414684946716 0.13108128678516184
16.76297999953456 0.09477340042636084 0.213624329228157
16.84175999953158 0.06290435463338162 0.13224900067617673
16.919529999528635 0.09431673003731322 0.21245609984049674
16.998309999525652 0.06334957418800036 0.1333843034140969
17.076079999522708 0.09387282972727018 0.21132056436574675
17.154859999519726 0.06378241468472945 0.13448807404222718
17.23262999951678 0.09344136052238972 0.21021686818738505
17.3114099995138 0.06420326799157805 0.1355611730389339
17.389179999510855 0.09302199272879064 0.20914417983989297
17.467959999507872 0.06461270272194741 0.13660444073134714
17.54673999950489 0.09259211867823791 0.20804514072899627
17.624509999501946 0.06501072332152791 0.1376186897646181
17.703289999498963 0.09219753922627039 0.20703596081137476
17.78105999949602 0.0653976369943513 0.13860470598369146
17.859839999493037 0.09181403928838638 0.20605518867476968
17.937609999490093 0.06577374360158583 0.13956325284982807
18.01638999948711 0.09144131796574606 0.20510205321944142
18.094159999484166 0.0661393356560509 0.14049507346827195
18.172939999481184 0.09107908133487286 0.2041758001124716
18.25070999947824 0.06649469838105315 0.14140089147186563
18.329489999475257 0.0907270424543829 0.20327569208647978
18.407259999472313 0.0668401098679654 0.14228141156702456
18.48603999946933 0.09038492128144693 0.20240100879536094
18.563809999466386 0.06717584128167342 0.14313732055596384
18.642589999463404 0.0900524444954165 0.20155104648047484
18.72035999946046 0.0675021570103338 0.14396928734083936
18.799139999457477 0.08972934517434838 0.20072511716224817
18.876909999454533 0.06781931468248681 0.14477796207088556
18.95568999945155 0.08941536197138533 0.1999225457924747
19.033459999448606 0.06812756561277189 0.14556397822483857
19.112239999445624 0.0891102399533279 0.19914267301176514
19.19000999944268 0.06842715491983675 0.14632795362519158
19.268789999439697 0.08881373180356622 0.198384859984313
19.347569999436715 0.06873454416390878 0.14711184707287828
19.42533999943377 0.08852559717321251 0.19764848719581174
19.504119999430788 0.0690163887611569 0.14783064621249897
19.581889999427844 0.08824560237602352 0.19693295316193238
19.66066999942486 0.06929031955466669 0.1485292977694619
19.738439999421917 0.08797352014972903 0.19623767337506592
19.817219999418935 0.06955655494233703 0.149208355172592
19.89498999941599 0.0877091294438671 0.19556207963028482
19.97376999941301 0.06981530754354248 0.14986835747957672
20.051539999410064 0.08745221523448388 0.19490561946144958
20.13031999940708 0.07006678433646796 0.15050982965673088
20.208089999404137 0.08720256835746176 0.19426775566887544
20.286869999401155 0.07031118679383686 0.1511332828968981
20.36463999939821 0.08695998534704164 0.1936479658899537
20.44341999939523 0.07054871101830318 0.15173921494205933
20.521189999392284 0.08672426828550261 0.19304574221440385
20.5999699993893 0.07077954787177365 0.15232811039450622
20.677739999386358 0.08649522465411486 0.1924605908004473
20.756519999383375 0.0710038831114429 0.15290044105275014
20.83428999938043 0.08627266719275162 0.1918920315064021
20.91306999937745 0.07122189751686925 0.15345666622591514
20.990839999374504 0.08605641375299022 0.1913395975084664
21.069619999371522 0.07143376702287729 0.15399723306706026
21.147389999368578 0.08584628715078724 0.19080283488541738
21.226169999365595 0.07163966284960033 0.15452257689627658
21.304949999362613 0.08563109591612017 0.19025332473119327
21.38271999935967 0.07183975163643586 0.15503312151434745
21.461499999356686 0.08543349597099292 0.1897485919444497
21.539269999353742 0.07203419558891655 0.1555292795332508
21.61804999935076 0.08524148419383704 0.18925815142312175
21.695819999347815 0.07222315273295143 0.1560114529321477
21.774599999344833 0.08505490325565468 0.1887816006856835
21.85236999934189 0.07240677695391007 0.1564800331498084
21.931149999338906 0.08487373142148869 0.18831854704581819
22.008919999335962 0.07258521763451864 0.1569354005476864
22.08769999933298 0.08469768567218416 0.18786860904692615
22.165469999330035 0.07275861980422682 0.15737792389348693
22.244249999327053 0.08452662094996943 0.1874314162450763
22.32201999932411 0.07292712438197047 0.1578079613768435
22.400799999321126 0.08436039708843757 0.18700660882858822
22.478569999318182 0.07309086836993406 0.15822586130310734
22.5573499993152 0.08419887790180747 0.18659383727405165
22.635119999312256 0.07324998497080526 0.15863196238673494
22.713899999309273 0.08404193105583035 0.18619276204830948
22.79166999930633 0.07340460369355462 0.15902659404080088
22.870449999303347 0.0838894279429998 0.1858030532867816
22.948219999300402 0.07355485045788157 0.15941007663569096
23.02699999929742 0.08374124357111723 0.18542439049062942
23.105779999294437 0.07370880937457047 0.15980301131615082
23.183549999291493 0.08359725645641225 0.1850564622341344
23.26232999928851 0.07385011018219434 0.1601636770101389
23.340099999285567 0.08345734851874431 0.18469896588344525
23.418879999282584 0.07398742189071039 0.16051416837916666
23.49664999927964 0.08332140498242757 0.18435160733253353
23.575429999276658 0.07412085605986429 0.16085476946532395
23.653199999273713 0.08318931428335219 0.18401410075592484
23.73197999927073 0.074250521171487 0.16118575651301592
23.809749999267787 0.0830609679741604 0.18368616835767737
23.888529999264804 0.0743765227111397 0.1615073981732662
23.96629999926186 0.08293626063869897 0.18336754014660617
24.045079999258878 0.07449896325071859 0.16181995570567764
24.122849999255934 0.08281508980392516 0.18305795370313627
24.20162999925295 0.07461794252860399 0.16212368318303527
24.279399999250007 0.08269735585921745 0.18275715396807168
24.358179999247024 0.07473355752613953 0.16241882767552562
24.43594999924408 0.08258296197791848 0.1824648930374817
24.514729999241098 0.0748459025425694 0.16270562944654676
24.592499999238154 0.08247181403450687 0.1821809299503374
24.67127999923517 0.07495506926818696 0.16298432213038838
24.749049999232227 0.0823638205353402 0.181905030499796
24.827829999229245 0.0750611468541511 0.16325513290681437
24.906609999226262 0.08225312609119795 0.18162230237301902
24.984379999223318 0.0751642219839671 0.1635182826851933
25.063159999220336 0.08215158579616932 0.18136289531911487
25.14092999921739 0.07526437893841742 0.16377398626495898
25.21970999921441 0.08205292195409963 0.18111084058902716
25.297479999211465 0.07536169966282491 0.1640224525052636
25.376259999208482 0.08195705359503991 0.18086593097116355
25.454029999205538 0.07545626383031168 0.16426388448631535
25.532809999202556 0.08186390200771254 0.18062796505334822
25.61057999919961 0.07554814890235317 0.16449847966262254
25.68935999919663 0.08177339067500411 0.18039674705224717
25.767129999193685 0.07563743019294122 0.16472643002779508
25.845909999190702 0.08168544521640353 0.1801720866636658
25.92367999918776 0.07572418092244049 0.1649479222452066
26.002459999184776 0.08159999332595491 0.17995379890142216
26.08022999918183 0.07580847228019816 0.1651631378126961
26.15900999917885 0.0815169647158962 0.17974170395472777
26.236779999175905 0.07589037347651795 0.16537225318855597
26.315559999172923 0.0814362910590507 0.1795356270397397
26.39332999916998 0.07596995179978783 0.16557543994161206
26.472109999166996 0.08135790593705439 0.17933539826290312
26.54987999916405 0.07604727266989353 0.16577286488002052
26.62865999916107 0.08128174478500438 0.17914085248308398
26.707439999158087 0.07612655798379953 0.16597527875804596
26.785209999155143 0.08120774483751236 0.17895182916688457
26.86398999915216 0.07619925931951399 0.16616091270361677
26.941759999149216 0.08113584507775584 0.17876817225926933
27.020539999146234 0.07626990212256202 0.16634129213788373
27.09830999914329 0.08106598619115157 0.17858973006377177
27.177089999140307 0.07633854431729159 0.1665165647761757
27.254859999137363 0.08099811052378614 0.17841635513659027
27.33363999913438 0.07640524221439426 0.16668687421905748
27.411409999131436 0.08093216203437181 0.17824790416105518
27.490189999128454 0.07647005056122569 0.16685236008044946
27.56795999912551 0.08086808625052788 0.1780842378383607
27.646739999122527 0.07653302258081718 0.16701315808822503
27.724509999119583 0.08080583022184873 0.17792522076577333
27.8032899991166 0.07659421001729383 0.1671694002038815
27.881059999113656 0.0807453424775364 0.1777707213266866
27.959839999110674 0.07665366317879463 0.1673212147205949
28.03760999910773 0.08068657297613357 0.1776206115649437
28.116389999104747 0.07671143097359712 0.1674687263574226
28.194159999101803 0.0806294730543825 0.1774747670536425
28.27293999909882 0.07676756096256732 0.16761205642841226
28.350709999095876 0.08057399542223886 0.17733306688224593
28.429489999092894 0.0768220993828812 0.1677513228990235
28.50826999908991 0.08051709002166474 0.17718775061630332
28.586039999086967 0.07687509117509062 0.16788664045125357
28.664819999083985 0.08046493163598534 0.17705452858172155
28.74258999908104 0.07692658001732977 0.16801812056259635
28.82136999907806 0.08041425195341811 0.17692508394315798
28.899139999075114 0.07697660836137232 0.1681458715910522
28.97791999907213 0.08036500918973644 0.1767993099238807
29.055689999069187 0.07702521746659952 0.16826999885520832
29.134469999066205 0.08031716273929213 0.17667710276526583
29.21223999906326 0.07707244743234776 0.16839060471653955
29.29101999906028 0.08027067314029313 0.17655836163587013
29.368789999057334 0.07711833723070738 0.16850778866288607
29.447569999054352 0.0802255020427588 0.17644298854474494
29.525339999051408 0.07716292473818986 0.168621647385081
29.604119999048425 0.08018161217824327 0.17633088826929377
29.68188999904548 0.07720624676485555 0.16873227485473263
29.7606699990425 0.08013896732672032 0.17622196826690972
29.838439999039554 0.07724833908637962 0.16883976240521514
29.917219999036572 0.08009753228936778 0.17611613860646358
29.994989999033628 0.077289236471073 0.16894419879776024
30.073769999030645 0.08005727286020736 0.17601331189269764
30.1515399990277 0.07732897270753503 0.169045670294643
30.23031999902472 0.08001815579610794 0.17591340319446092
30.309099999021736 0.07736974811175235 0.16914977861670621
30.386869999018792 0.07998014879138415 0.17581632997384355
30.46564999901581 0.07740710790962135 0.16924518243763842
30.543419999012865 0.07994322045041924 0.1757220120200187
30.622199999009883 0.07744340921578197 0.16933788344126732
30.69996999900694 0.07990734026343693 0.17563037138768056
30.778749999003956 0.0774786819036859 0.16942795789766096
30.856519999001012 0.07987247858001012 0.17554133232643432
30.93529999899803 0.07751295500553002 0.16951547992832827
31.013069998995086 0.07983860658657382 0.17545482122350853
31.091849998992103 0.0775462567384061 0.16960052157496408
31.16961999898916 0.07980569628084366 0.17537076654208228
31.248399998986176 0.07757861452624693 0.1696831528550713
31.326169998983232 0.07977372045055764 0.17528909876274312
31.40494999898025 0.07761005502149465 0.16976344181586223
31.482719998977306 0.07974265265187819 0.17520975032901953
31.561499998974323 0.077640604128271 0.16984145459570943
31.63926999897138 0.07971246718538394 0.17513265558881663
31.718049998968397 0.07767028702230783 0.16991725547416126
31.795819998965452 0.07968313907802105 0.17505775074491137
31.87459999896247 0.07769912817038971 0.16999090691791618
