0.001020000000000002 0.4774723826073705 1.1913996833593399
0.1676700000000269 2.8579214583214565 5.801617038930673
0.3262400000001855 0.19078957043995004 0.5222839149771286
0.4868300000003461 2.8152426071358536 5.760175612592777
0.6474199999996884 0.08947185523045031 0.26355686368468856
0.8069999999989621 2.7701905700201253 5.692043903972732
0.9665799999982359 0.04446746759941922 0.07763139439306288
1.1261599999989103 2.7301893579497376 5.619957608242176
1.284729999999949 0.08505037609590826 0.0709683003320083
1.443300000000988 2.6938271513565373 5.550577975589799
1.6018700000020267 0.14058516675726518 0.19488216093476174
1.759430000003059 2.6603097413058316 5.485596903945378
1.9180000000040978 0.18851540663701993 0.30134598933869716
2.07556000000513 2.6286744680410927 5.424276442761544
2.233120000006162 0.23088822353507477 0.39492812384159803
2.3906800000071944 2.5990584906479715 5.366702383051603
2.5482400000082266 0.2689402089892904 0.4786517541209623
2.704790000009252 2.571352999158583 5.312258199372277
2.8623500000102844 0.302932026021133 0.5536280641784352
3.01890000001131 2.5452314423962883 5.260389405562737
3.176460000012342 0.33425690763450133 0.6228875405189349
3.332000000013361 2.520867659218508 5.211596935335083
3.4895600000143934 0.3626597656978965 0.6852526668093772
3.6451000000154123 2.4978206692331884 5.165279322284677
3.801650000016438 0.3886633267517663 0.7419653509520119
3.9582000000174635 2.475991207159661 5.121324081398059
4.113740000013431 0.41318027572886673 0.7952018737816036
4.270290000007504 2.4556916979259573 5.080507748475571
4.425830000001616 0.4363965270667733 0.8456162622664798
4.582379999995689 2.4364332623476086 5.041831491406423
4.737919999989801 0.45853202427503187 0.8937647406620841
4.893459999983913 2.418589346589518 5.006095411755307
5.048999999978024 0.4792874902584894 0.9389448193244387
5.204539999972136 2.401636439700841 4.972119121888907
5.360079999966247 0.49906994632923113 0.9820288802078858
5.515619999960359 2.385477499970243 4.939687106081725
5.671159999954471 0.5179639956964789 1.0231633347180025
5.826699999948582 2.3698779202795515 4.908296669543355
5.981229999942732 0.5357054341167151 1.0616770694305333
6.136769999936844 2.3550814608654536 4.878448027144389
6.292309999930955 0.5530725936795993 1.0993832645779467
6.446839999925105 2.3406401571178295 4.849266684117293
6.602379999919217 0.5694296727592822 1.1349125286715722
6.756909999913367 2.3266341233358783 4.820962524379036
6.912449999907478 0.5852484666115438 1.1692826197955086
7.066979999901628 2.31302683482587 4.793452769413209
7.221509999895778 0.6001321405132034 1.2016070926434974
7.376039999889928 2.3001099056014747 4.767286587704678
7.531579999884039 0.6150013562035419 1.2338665214727151
7.686109999878189 2.28718391361216 4.7410782026387155
7.840639999872339 0.6290313590988426 1.2643097856311347
7.995169999866489 2.2748851273678814 4.716057016685604
8.149699999860639 0.6426924972541763 1.293935029396387
8.304229999854789 2.262826286391732 4.691484166772019
8.458759999848938 0.6559780935482883 1.322720633856711
8.613289999843088 2.251005263750374 4.667354304653681
8.767819999837238 0.6688967134675099 1.350672013281573
8.922349999831388 2.239425778359334 4.643675650960821
9.075869999825576 0.6810920501748841 1.3770845870652582
9.230399999819726 2.2285084439355867 4.621247857923427
9.384929999813876 0.6932765336366313 1.4033952923948934
9.539459999808026 2.217485359725537 4.598635693246955
9.692979999802214 0.7048199459404262 1.4283660837998147
9.847509999796364 2.2071230202242864 4.577314038300884
10.002039999790513 0.7164199289459244 1.4533748022196868
10.155559999784701 2.1969985227466466 4.556474534820243
10.310089999778851 0.7273317265806826 1.4769324893993852
10.46360999977304 2.187117756597738 4.536136817155468
10.61813999976719 0.7379830775547093 1.4998982097190527
10.771659999761377 2.177460918653803 4.51628336331682
10.926189999755527 0.7483941149880686 1.522305771984478
11.079709999749715 2.1680022399940264 4.496856476633915
11.233229999743903 0.7582321762006793 1.5434793247644185
11.387759999738053 2.1587105088860765 4.477771884544168
11.541279999732241 0.7681693120281475 1.564788403019568
11.69479999972643 2.1498795362686933 4.4596002381414035
11.84932999972058 0.7779413690310778 1.5856989987380055
12.002849999714767 2.140924430470149 4.441183985230957
12.156369999708955 0.787199038909036 1.605516274701324
12.309889999703143 2.1323508086884218 4.423544181287554
12.464419999697293 0.7966175203022844 1.6256262715403036
12.617939999691481 2.1236711979097422 4.405699846975553
12.77145999968567 0.8055429798306855 1.6447109024554263
12.924979999679858 2.1153842711794817 4.388684435787738
13.078499999674046 0.8143510531723757 1.6635370264425187
13.232019999668234 2.107203388215307 4.37191172833733
13.385539999662422 0.8230326306599465 1.6820895027761962
13.53905999965661 2.099141101762843 4.35539983780563
13.69358999965076 0.8318374093438172 1.7008722731679637
13.847109999644948 2.0909776644036135 4.338680760483083
14.000629999639136 0.8402419086716326 1.7188206063931233
14.154149999633324 2.083170145201599 4.322707212904964
14.307669999627512 0.8485404744308284 1.7365353647129211
14.4611899996217 2.075463475043694 4.30694170227598
14.614709999615888 0.8567353041803959 1.7540293821586062
14.767219999610115 2.0681001246410426 4.291889834824092
14.920739999604303 0.864550600445118 1.770744214642872
15.07425999959849 2.06062192622851 4.276599365356182
15.227779999592679 0.8725010412254428 1.78772717508765
15.381299999586867 2.0532417325245085 4.261508709437867
15.534819999581055 0.8803499974630338 1.8044923083654352
15.688339999575243 2.045948543860404 4.246590708736909
15.841859999569431 0.8881104447995644 1.821068562374617
15.994369999563657 2.0389781076078832 4.232327024740834
16.147889999557847 0.8954875115357266 1.836842506858738
16.301409999552035 2.031919689013554 4.217870907239951
16.454929999546223 0.9030052564635873 1.8529008553874404
16.60844999954041 2.0249235601861786 4.203526254172941
16.760959999534638 0.9101773585158431 1.8682206426406056
16.914479999528826 2.018308749590067 4.189938309022634
17.067999999523014 0.9174605224355861 1.8837634430614036
17.22050999951724 2.011755460539055 4.176455726562567
17.37402999951143 0.9243873359775598 1.8985344691289652
17.527549999505617 2.005124179370216 4.16279466511198
17.680059999499843 0.9312299293504505 1.9131142364493425
17.83357999949403 1.998808403642387 4.149770832011446
17.98709999948822 0.9381500783811197 1.9278591565421332
18.139609999482445 1.9925799025564155 4.136921730428201
18.293129999476633 0.9447397943128922 1.9418881068512084
18.44664999947082 1.9862340314805562 4.123827969695315
18.599159999465048 0.9512345715926437 1.9557062922084478
18.752679999459236 1.9802262759382188 4.111429511714415
18.905189999453462 0.9576298646512063 1.9693050827081837
19.05870999944765 1.9743046963937683 4.099211537120839
19.211219999441877 0.9639232757540686 1.982680693068739
19.364739999436065 1.9684681806686495 4.087172814516271
19.51724999943029 0.9701170524570437 1.9958381851480356
19.67076999942448 1.962713234485193 4.075306992922567
19.823279999418705 0.9762152838691547 2.0087865061152232
19.976799999412894 1.9570357025292497 4.063604736799453
20.12930999940712 0.9822222981421085 2.0215366034183835
20.282829999401308 1.9514318162698319 4.052057136253994
20.435339999395534 0.9881425808390281 2.034099935596334
20.58784999938976 1.946108092564912 4.041091850525536
20.74136999938395 0.9939812676149606 2.046488281217218
20.893879999378175 1.940674257359986 4.0298961808087235
21.047399999372363 0.9997443015482317 2.0587142787634294
21.19990999936659 1.9353061416241077 4.018835941159993
21.352419999360816 1.0052113617776577 2.0703124620092273
21.505939999355004 1.9299961779500052 4.007894459719353
21.65844999934923 1.0107883774967807 2.082139914515002
21.810959999343456 1.9249433873114403 3.9974827942309887
21.964479999337645 1.016308389715967 2.0938433697648584
22.11698999933187 1.9197890752904185 3.986859034799406
22.269499999326097 1.021556946573713 2.1049739043831672
22.423019999320285 1.9146744573223975 3.976314879513576
22.57552999931451 1.0269103104417057 2.116320061681154
22.728039999308738 1.9098281910007553 3.9663248652139105
22.881559999302926 1.0322280018096668 2.1275889576708784
23.034069999297152 1.9048539649483165 3.956070291279268
23.18657999929138 1.0372360609621718 2.1382049522972846
23.339089999285605 1.9001258508524508 3.946318658216008
23.492609999279793 1.0424145162119487 2.1491707820356587
23.64511999927402 1.8952769691016442 3.936314207063729
23.797629999268246 1.04729028626649 2.159499846559898
23.950139999262472 1.8906747393139733 3.9268105476369164
24.1026499992567 1.0521378430722992 2.1697671177911992
24.256169999250886 1.8859325648280425 3.9170147551635504
24.408679999245113 1.0570906481841331 2.1802439093739356
24.56118999923934 1.8814587646264136 3.9077657813278766
24.713699999233565 1.0617978434722761 2.1902101725020495
24.86620999922779 1.8770189335088228 3.898580497196902
25.018719999222018 1.0664659137355958 2.200092513254126
25.172239999216206 1.8724535681881018 3.8891356095860696
25.324749999210432 1.071235733662653 2.2101725528220317
25.47725999920466 1.8681415373616217 3.880204889438099
25.629769999198885 1.0757663917352942 2.2197605879538673
25.78227999919311 1.8638689372272088 3.8713521505493897
25.934789999187338 1.080251642260922 2.229253007509069
26.087299999181564 1.859638612872396 3.862583532322461
26.23980999917579 1.0846882997380913 2.2386433856176113
26.392319999170017 1.8554529142069893 3.8539040526096247
26.545839999164205 1.0892394426765064 2.248257067049242
26.69834999915843 1.851169242503257 3.845022877233406
26.850859999152657 1.0935483620901647 2.2573809960276137
27.003369999146884 1.847100042315153 3.836578576440075
27.15587999914111 1.0978092318804331 2.2664061170559746
27.308389999135336 1.8430752807608315 3.828220959009576
27.460899999129563 1.1020210414442033 2.275328579192959
27.61340999912379 1.8390958301059073 3.819950897521307
27.765919999118015 1.1061831831858933 2.2841452399551376
27.91842999911224 1.8351619286148781 3.8117689370025243
28.070939999106468 1.1102956081152908 2.292855302289598
28.223449999100694 1.8312736416695528 3.8036760451674256
28.37595999909492 1.1143586084328487 2.3014593514935733
28.528469999089147 1.827430785452822 3.7956728126236072
28.680979999083373 1.118372927829643 2.3099592030062177
28.8334899990776 1.8236328526632124 3.787759733417728
28.985999999071826 1.1223397301221896 2.31835854008009
29.138509999066052 1.8198790117331343 3.7799368949152923
29.29101999906028 1.1262604461247352 2.3266605923234818
29.443529999054505 1.816168115628693 3.772202913857936
29.59603999904873 1.1301367283476238 2.3348690746258893
29.748549999042957 1.8124986799102567 3.76455572694675
29.901059999037184 1.1339702193263168 2.342987706156341
30.05356999903141 1.8088692493394163 3.7569931420369462
30.206079999025636 1.1377624906895003 2.3510197450926973
30.358589999019863 1.8052783183333216 3.7495128676035216
30.51109999901409 1.1415151949523272 2.358969084242779
30.662599999008354 1.8018662223312703 3.7424085652554284
30.81510999900258 1.1450711187073055 2.366520521589921
30.967619998996806 1.7983675866121036 3.7351261204128683
31.120129998991032 1.1487276502697674 2.374266185310925
31.27263999898526 1.7949046172786536 3.7279188586938017
31.425149998979485 1.1523474657036616 2.3819329876293205
31.57765999897371 1.7914752755085979 3.72078199410969
31.730169998967938 1.1559321304083934 2.389523743050803
31.882679998962164 1.788077575929271 3.7137113885206574
32.03518999896889 1.1594832074583166 2.3970414410144247
32.1876999990173 1.7847096425423752 3.706703480682083
32.339199999065386 1.1628513120303392 2.404182932780796
32.491709999113795 1.7815296664828104 3.700091730998145
32.6442199991622 1.1663074729999199 2.411495701929267
32.79672999921061 1.7782472038061852 3.6932643183562153
32.94923999925902 1.169733200047871 2.4187410081421667
33.10174999930743 1.7749891159876796 3.6864859185396393
33.25425999935584 1.1731300970935536 2.4259206859748805
33.40575999940393 1.7718855400866582 3.6800323509325383
33.558269999452335 1.1763434910902089 2.4327170605078496
33.710779999500744 1.7687076170170846 3.6734177989802053
33.86328999954915 1.1796485955443252 2.4396945205698017
34.01579999959756 1.7655503205291416 3.666844531178637
34.16830999964597 1.182928090591179 2.4466130642983974
34.31980999969406 1.7625328922751666 3.6605682621033253
34.47231999974247 1.1860375854292673 2.4531729533959545
34.624829999790876 1.7594527189560676 3.6541538680108454
34.777339999839285 1.1892285496292865 2.4598961271547704
34.92984999988769 1.756389423133782 3.64777390220139
35.0823599999361 1.1923983470323045 2.46657013009971
35.23385999998419 1.753464862345109 3.6416906846726382
35.3863700000326 1.1953989796009392 2.472886426042187
35.53888000008101 1.7504744767078657 3.6354622138382364
35.69139000012942 1.1984867390535727 2.4793812694511863
35.843900000177825 1.7474980588191389 3.6292630444552776
35.996410000226234 1.2015576631979727 2.4858378846384532
36.14791000027432 1.7446714466870086 3.623385228986764
36.30042000032273 1.2044485652531258 2.491915773490061
36.45293000037114 1.7417649514763576 3.6173337095120828
36.60544000041955 1.207443393082496 2.498210510862642
36.75694000046764 1.7389830625871787 3.61155008232783
36.909450000516046 1.2102843296604155 2.5041798425030626
37.061960000564454 1.7361444216507644 3.605640313796643
37.21447000061286 1.2132059939640247 2.5103185255661464
37.36698000066127 1.7333153080609243 3.599748912818046
37.51848000070936 1.2159947238713373 2.516174671424698
37.67099000075777 1.7306369910817243 3.594177010684241
37.82350000080618 1.2188469299760323 2.522164114993375
37.976010000854586 1.7278722908577273 3.5884152136247405
38.128520000902995 1.2216908436041347 2.5281336840506263
38.28002000095108 1.725244221221679 3.5829441074454627
38.43253000099949 1.2243692732525995 2.533755029020679
38.5850400010479 1.7225423978921586 3.5773092972512632
38.73755000109631 1.2271496084046296 2.539589471680037
38.8890500011444 1.7199666421560007 3.5719443528846373
39.041560001192806 1.2297749235636215 2.545099238209547
39.194070001241215 1.717325654071342 3.5664327991470124
39.346580001289624 1.2324943218304139 2.5508056368009235
39.49808000133771 1.7148039335520286 3.5611786701591486
39.65059000138612 1.235065216380092 2.5562026313617703
39.80310000143453 1.7122215486677113 3.555786656325566
39.95561000148294 1.2377262806757008 2.561787076267774
40.10711000153103 1.7097546984258867 3.5506457816613546
40.259620001579435 1.2402419396310622 2.5670698964276872
40.412130001627844 1.7072280051996143 3.5453672536773895
40.56464000167625 1.242847389305147 2.57253780281278
40.71614000172434 1.7048161018743433 3.540339997787767
40.86865000177275 1.2453072391783713 2.5777051082490843
41.02116000182116 1.7023422523465102 3.5351688506125023
41.17367000186957 1.2478596711400083 2.58306162984695
41.325170001917655 1.6999853819920727 3.5302563662030995
41.477680001966064 1.2502634757335997 2.5881137161897216
41.63019000201447 1.6975620592296303 3.525188792637801
41.78169000206256 1.252662035061107 2.5931571121841857
41.93420000211097 1.6952609123783429 3.5203947185028284
42.08671000215938 1.2551138432180697 2.5983052030904896
42.23922000220779 1.6928872236670083 3.515431896869936
42.390720002255875 1.2574563730854869 2.603236381765217
42.543230002304284 1.6906431257264192 3.510762030155723
42.69574000235269 1.2598627700806346 2.6082937899981395
42.84724000240078 1.68840619900444 3.5061104542353116
42.99975000244919 1.2621504791134595 2.613115002192623
43.1522600024976 1.6861267957752335 3.5013488626158273
43.30477000254601 1.2645142904632753 2.618086351139559
43.456270002594096 1.6839444582311351 3.496814652560465
43.608780002642504 1.266748214417154 2.622797416108935
43.76129000269091 1.6817055343832372 3.4921403238350357
43.912790002739 1.2689747501797035 2.627493530292302
44.06530000278741 1.6795758225936728 3.487718132245954
44.21781000283582 1.2712533327160198 2.632287695577218
44.36931000288391 1.677453765653864 3.4833131006819618
44.521820002932316 1.2734266907241045 2.6368715848402724
44.674330002980724 1.6752951279044885 3.4788079031901176
44.82684000302913 1.2756689135479429 2.641588526247529
44.97834000307722 1.6732240092683461 3.4745088250141554
45.13085000312563 1.2777900856097417 2.6460609224870923
45.28336000317404 1.6710979170920903 3.470071820732523
45.43486000322213 1.2799024134047987 2.6505138987486743
45.587370003270536 1.6690761329730828 3.4658745398281954
45.739880003318945 1.2820680800423427 2.6550674685980935
45.89138000336703 1.667062503111188 3.461694077171773
46.04389000341544 1.2841289728354237 2.659410839404097
46.19640000346385 1.6650062736848497 3.457401723070208
46.34891000351226 1.2862635764965462 2.6638983288650775
46.50041000356035 1.663040713832183 3.453319959204215
46.652920003608756 1.2882741702701506 2.668134991412785
46.804420003656844 1.6610839678351732 3.4492558984784316
46.95693000370525 1.2902750537377596 2.672350968959769
47.10944000375366 1.65909286953533 3.445097926551277
47.26195000380207 1.292340850469286 2.6766929669622574
47.41345000385016 1.6571833817391775 3.4411302519635534
47.56596000389857 1.29429241803137 2.6808048092960446
47.718470003946976 1.6552166739511056 3.4370228948736092
47.869970003995064 1.2962337175669898 2.684895166479928
48.02248000404347 1.6533536164110285 3.4331499178059666
48.17499000409188 1.2982348681051639 2.6891016908815124
48.32649000413997 1.6515002122753364 3.4292960543153783
48.47900000418838 1.3001278905887077 2.693090232818718
48.63151000423679 1.6495926848450995 3.4253105640153603
48.783010004284876 1.3020102096454962 2.6970559089433244
48.935520004333284 1.647785278345748 3.4215499263310023
49.08803000438169 1.3039506742305313 2.701134633950364
49.23953000442978 1.6459883366642545 3.417809950357631
49.39204000447819 1.305785703561933 2.705000223246501
49.54354000452628 1.6442024114247862 3.4140918356995065
49.69605000457469 1.3076095328582866 2.7088419203107894
49.848560004623096 1.6423863350123473 3.4102936472417467
50.001070004671504 1.309492714176637 2.7128000705587185
50.15257000471959 1.6406465224858138 3.406669554727193
50.305080004768 1.3112700193580387 2.7165432465195316
50.45658000481609 1.638918519868326 3.40306943038009
50.6090900048645 1.3130356178100162 2.720261475358565
50.76160000491291 1.6371562423020058 3.399382144391283
50.913100004960995 1.3147890918288145 2.723953917282329
51.065610005009404 1.635474285517993 3.395876989412727
51.21812000505781 1.3165842118351585 2.7277264531527234
51.3696200051059 1.633804833103545 3.392397986261253
51.52213000515431 1.3182918418392853 2.731322256840074
51.67464000520272 1.6320945276503598 3.3888192921349702
51.82614000525081 1.3199870194426981 2.7348920067611693
51.978650005299215 1.6304708249342503 3.385435804258907
52.131160005347624 1.3217318230666646 2.738559320713252
52.28266000539571 1.62886012278524 3.382079938032323
52.43517000544412 1.3233819987603042 2.7420349542157108
52.58667000549221 1.6272627769527495 3.3787525257976236
52.73918000554062 1.3250193728527768 2.7454840126012514
52.89169000558903 1.6256341253721753 3.3753459920708773
53.043190005637115 1.3266436400277957 2.748905896373066
53.195700005685524 1.6240818473131573 3.372113687696243
53.34821000573393 1.3283095106474598 2.7524090905556853
53.49971000578202 1.6225430791341835 3.3689102883230793
53.65222000583043 1.3298896923961183 2.7557390053559283
53.80372000587852 1.6210179593452771 3.365735978442752
53.956230005926926 1.331456656269622 2.759041270252549
54.108740005975335 1.619465306265508 3.3624911394223855
54.26024000602342 1.3330101936992045 2.762315385941505
54.41275000607183 1.6179835165738743 3.359407989794705
54.56526000612024 1.334602460969184 2.765664977010407
54.71676000616833 1.616515201610153 3.3563533409875945
54.86927000621674 1.3361132662596933 2.768849570755183
55.020770006264826 1.6150604939922437 3.3533273872395686
55.173280006313234 1.3376106721764487 2.7720061771504656
55.32579000636164 1.613577444077833 3.35023040576794
55.47729000640973 1.3390945212036116 2.775134477465324
55.62980000645814 1.6121642351995882 3.347291566581201
55.78231000650655 1.340618548889045 2.7783416350906087
55.93381000655464 1.6107643949313237 3.344380738183561
56.086320006603046 1.3420611456261993 2.781383667941184
56.237820006651134 1.6093780072575292 3.3414979897446684
56.39033000669954 1.3434903317339857 2.7843976382360247
56.54284000674795 1.60795858535604 3.338536156080385
56.69434000679604 1.3449060026669555 2.787383270963384
56.84685000684445 1.606611761695512 3.3357361047918643
56.99936000689286 1.3463668818650252 2.7904588070234215
57.150860006940945 1.6052780059987533 3.3329631149466965
57.303370006989354 1.3477429045854628 2.7933613662685763
57.45487000703744 1.6039573025750935 3.330217031122451
57.60738000708585 1.349105731515957 2.79623605803786
57.75888000713394 1.6026496036964017 3.3274976801015543
57.91139000718235 1.3504554235697728 2.799082970658373
58.06390000723076 1.6013120370016443 3.324708370135354
58.215400007278845 1.3517920534399188 2.801902243972021
58.367910007327254 1.6000409784355871 3.322065159178389
58.52042000737566 1.353170896343838 2.8048060891065707
58.67192000742375 1.5987823110290913 3.3194473746419817
58.82443000747216 1.354470762173711 2.807548079556821
58.97593000752025 1.5975359739105066 3.3168548710608925
59.128440007568656 1.3557581614491943 2.810263705702054
59.279940007616744 1.5963019017253575 3.3142874923154486
59.43245000766515 1.3570331599264422 2.8129530922249457
59.58496000771356 1.595036416063088 3.3116496112230775
59.73646000776165 1.3582958293334955 2.815616400415011
59.88897000781006 1.5938362161515613 3.3091525420576806
60.04047000785815 1.359546241449449 2.8182537889045345
60.192980007906556 1.5926477060092967 3.306679451625616
60.345490007954965 1.3608306900898846 2.8209603952433437
60.49699000800305 1.591470803962347 3.304230170848832
60.64950000805146 1.3620475201517146 2.823527274999882
60.80100000809955 1.5903054193802681 3.3018045071978586
60.95351000814796 1.3632526595212329 2.8260693115201962
61.10602000819637 1.5891038591060502 3.299300587017462
61.257520008244455 1.364446193839358 2.8285866183476505
61.410030008292864 1.587969754176521 3.2969397868689243
61.56153000834095 1.3656282154237682 2.8310793266778322
61.71404000838936 1.5868465592593104 3.2946013203114854
61.86554000843745 1.3667988238346505 2.833547611667808
62.01805000848586 1.5857341611775857 3.292284987531491
62.17056000853427 1.3680005028735533 2.8360806641347214
62.322060008582355 1.5846324427623084 3.289990580743807
62.474570008630764 1.3691404839559786 2.8384841840309427
62.62607000867885 1.5835412764502597 3.2877178771801074
62.77858000872726 1.3702696570998185 2.8408645641514685
62.93008000877535 1.5824605326448735 3.2854666195928584
63.08259000882376 1.3713881515787487 2.8432220697542365
63.235100008872166 1.5813519380588892 3.2831563792351526
63.386600008920254 1.3724961024342717 2.8455569888671928
63.53911000896866 1.5802990093472076 3.280962866992121
63.69061000901675 1.3735936459111255 2.847869608233089
63.84312000906516 1.5792558834964614 3.278789570944285
63.99563000911357 1.3747226189640243 2.850249501567559
64.14713000916166 1.5782224193685297 3.276636233762298
64.29964000921007 1.3757924508435488 2.8525034107004688
64.45114000925815 1.5771984663052834 3.274502586400707
64.60365000930656 1.3768525026427452 2.854736294254512
64.75515000935465 1.5761838576521932 3.2723883295140532
64.90766000940306 1.3779029386212795 2.8569485153040586
65.06017000945147 1.5751392894987477 3.270211168568382
65.21167000949956 1.3789439552609122 2.8591405126307534
65.36418000954797 1.5741495637822778 3.2681487944878906
65.51568000959605 1.3799757504722554 2.8613127656214377
65.66819000964446 1.5731684754326272 3.2661044441012588
65.81969000969255 1.3809984844583714 2.863465675298138
65.97220000974096 1.5721958885650102 3.2640778637657686
66.12471000978937 1.382047994918811 2.865677494246044
66.27621000983746 1.5712316850496768 3.2620688155483912
66.42872000988586 1.3830463351744484 2.8677788881609767
66.58022000993395 1.5702757591662424 3.260077079719481
66.73273000998236 1.3840360856285585 2.869862016095859
66.88423001003045 1.5693280146411275 3.2581024521575963
67.03674001007886 1.3850173272201727 2.871927082856529
67.18925001012727 1.5683544947699253 3.2560736140561763
67.34075001017536 1.3859901336880602 2.8739742798222334
67.49326001022376 1.5674291927711663 3.2541459336323464
67.64476001027185 1.3869545736465383 2.8760037870796284
67.79727001032026 1.566511713169216 3.252234581720148
67.94978001036867 1.3879473464011258 2.878096116795148
68.10128001041676 1.5656019804387773 3.250339384273093
68.25379001046517 1.3888888440734304 2.8800774675716734
68.40529001051326 1.564699919402996 3.2484601715805805
68.55780001056166 1.38982225548828 2.8820417952426403
68.70930001060975 1.5638054552082412 3.2465967727058676
68.86181001065816 1.39074763738066 2.8839892598952255
69.01432001070657 1.562884112276833 3.2446768125760084
69.16582001075466 1.3916650515274238 2.885920048821322
69.31833001080307 1.5620107710722846 3.2428575379924607
69.46983001085115 1.392574548876901 2.8878343029408504
69.62234001089956 1.561144713760446 3.2410534181745776
69.77384001094765 1.3934761721420692 2.8897321188892544
69.92635001099606 1.5602858831305595 3.2392643250551245
70.07886001104447 1.3944000748365317 2.8916805104147403
70.23036001109256 1.5594342254769624 3.237490137002641
70.38287001114097 1.3952799318572295 2.893532844864699
70.53437001118905 1.5585896882091657 3.2357307314160866
70.68688001123746 1.3961521253489884 2.895369105921086
70.83939001128587 1.5577186511820944 3.233915788912023
70.99089001133396 1.3970166975567386 2.89718936713268
71.14340001138237 1.5568942197748545 3.2321982918388947
71.29490001143046 1.3978736907723905 2.8989936828011986
71.44741001147887 1.5560766712759018 3.2304950538156185
71.59891001152695 1.3987231495490557 2.90078209965533
71.75142001157536 1.55526595311336 3.228805940969881
71.90393001162377 1.399593755336459 2.9026184838199742
72.05543001167186 1.5544620009503516 3.2271308230429008
72.20794001172027 1.40042231050747 2.9043628310243097
72.35944001176836 1.5536647452984558 3.225469558861349
72.51195001181677 1.4012435727364017 2.9060917512368722
72.66446001186517 1.5528427014126966 3.2237564976027255
72.81596001191326 1.4020576032967482 2.907805368809857
72.96847001196167 1.5520645092623815 3.222134825938028
73.11997001200976 1.4028644675343458 2.9095038141011997
73.27248001205817 1.5512927139453159 3.2205263670646134
73.42398001210626 1.403664232535823 2.9111872282621465
73.57649001215466 1.5505272396504415 3.2189309731029625
73.72900001220307 1.4044828000965013 2.912913554830243
73.88050001225116 1.5497680104416087 3.2173484952664477
74.03301001229957 1.4052627205415817 2.9145550650999774
74.18451001234766 1.5490149502150492 3.215778786393808
74.33702001239607 1.4060358324466327 2.9161821439658064
74.48953001244448 1.5482400979924813 3.214163613128851
74.64103001249256 1.4068022101327746 2.917794945190555
74.79354001254097 1.547504942702579 3.212631113243003
74.94504001258906 1.4075619297789888 2.919393628213063
75.09755001263747 1.5467756617643205 3.2111108021830925
75.25006001268588 1.4083425493037365 2.921039531462266
75.40156001273397 1.5460521818170805 3.209602543917811
75.55407001278238 1.4090833554060551 2.922598249376629
75.70557001283046 1.5453344319760367 3.20810621330081
75.85808001287887 1.4098178081402681 2.924143493848441
76.01059001292728 1.5445936172919519 3.206561850275258
76.16209001297537 1.4105459871764248 2.925675433993491
76.31460001302378 1.5438928977797912 3.205101076039174
76.46610001307187 1.4112679733998 2.9271942314735178
76.61861001312027 1.5431976425012772 3.203651706321209
76.77011001316836 1.4119838482934388 2.928700047956345
76.92262001321677 1.5425077905316438 3.20221361093177
77.07513001326518 1.412715501368333 2.930242330224697
77.22663001331327 1.541823284165564 3.20078666165885
77.37914001336168 1.4134136545688651 2.93171064636073
77.53064001340977 1.5411440696463192 3.199370726890305
77.68315001345817 1.4141060079208232 2.933166612360416
77.83566001350658 1.540447744145796 3.197919345636835
77.98716001355467 1.414792640922697 2.9346103952453184
78.13967001360308 1.539784664840504 3.1965369734455074
78.29117001365117 1.415473627519428 2.9360421758364397
78.44368001369958 1.539126677675903 3.1951651360963784
78.59619001374799 1.4161695810266914 2.9375085910245735
78.74769001379607 1.5384737472063568 3.1938037690379173
78.90020001384448 1.416833755508833 2.938904850192303
79.05271001389289 1.537799754999564 3.1923988006595905
79.20421001394098 1.4174925331621693 2.940289740682045
79.35672001398939 1.5371626105398313 3.191070287772557
79.50822001403748 1.4181459640492076 2.9416633978486484
79.66073001408589 1.5365304024279716 3.1897520396624968
79.8132400141343 1.4188178100018267 2.943078701313029
79.96474001418238 1.535903124156082 3.188444055452022
80.11725001423079 1.4194549146015798 2.9444180642387963
80.26875001427888 1.535280769183549 3.187146323065271
80.42126001432729 1.4200868390658785 2.9457465799039073
80.5737700143757 1.5346405199146829 3.185811714335951
80.72527001442378 1.420713618793334 2.947064320627968
80.8777800144722 1.534033656265417 3.1845462717771778
81.02928001452028 1.4213352929053917 2.9483713717768256
81.18179001456869 1.533431594724421 3.183290831652885
81.3343000146171 1.421971861125535 2.949712219047529
81.48580001466519 1.5328343047263415 3.182045341330708
81.6383100147136 1.4225777683500374 2.9509861756434885
81.78981001476168 1.5322417508823962 3.180809728222578
81.9423200148101 1.4231787650529233 2.9522498638681616
82.0948300148585 1.5316354328217627 3.1795459455339903
82.24633001490659 1.4237748956856762 2.953503375505373
82.398840014955 1.5310578526236518 3.1783415899893197
82.55135001500341 1.4243871054001218 2.954792776375592
82.7028500150515 1.530484817076012 3.177146706240419
82.8553600150999 1.424967976090024 2.956014250601635
83.00686001514799 1.529916280498293 3.1759611964080503
83.1593700151964 1.4255441827767699 2.9572259665223477
83.31188001524481 1.5293333545683994 3.1747462095365386
83.4633800152929 1.4261157679798857 2.9584280229566384
83.61589001534131 1.528779264388338 3.173590833302198
83.76840001538972 1.426703679853158 2.9596661501928967
83.9199000154378 1.5282294504291878 3.1724443520862677
84.07241001548621 1.4272605206287179 2.9608372746549705
84.2239100155343 1.527683866185519 3.1713066582431004
84.37642001558271 1.427812941297668 2.9619991442280336
84.52893001563112 1.5271241037151595 3.1701399066846103
84.6804300156792 1.4283609845941896 2.963151839831768
84.83294001572762 1.5265923992438548 3.169031108332343
84.98545001577602 1.4289247636848446 2.9643390577695494
85.13695001582411 1.5260647228996165 3.167930657462681
85.28946001587252 1.4294585891831082 2.9654618669406774
85.44096001592061 1.5255410333713662 3.1668384609419897
85.59347001596902 1.4299882269488267 2.9665758634041195
85.74598001601743 1.5250041423288572 3.165719258767241
85.89748001606551 1.4305137062759694 2.967681086498497
86.04999001611392 1.5244937960720089 3.1646547931041935
86.20250001616233 1.4310535796650972 2.968817800102941
86.35400001621042 1.5239872465407824 3.1635981572235905
86.50651001625883 1.4315653214071558 2.969894034205889
86.65801001630692 1.5234844573515782 3.162549268924686
86.81052001635533 1.4320730895495521 2.9709618354254563
86.96303001640374 1.5229700810332005 3.1614767809084787
87.11453001645182 1.432576930906944 2.972021293023086
87.26704001650023 1.5224801107354138 3.160454484033337
87.41955001654864 1.433093277705318 2.9731081707546347
87.57105001659673 1.5219937187163066 3.1594395438675815
87.72356001664514 1.4335839821854666 2.974139821694899
87.87607001669355 1.5214925245603412 3.158394299572631
88.02757001674163 1.4340709781048742 2.975163572640671
88.18008001679004 1.521018573238179 3.157405138977676
88.33158001683813 1.434554306725111 2.9761795267704283
88.48409001688654 1.5205480235128037 3.156422971646755
88.63660001693495 1.4350477946077227 2.9772179056346437
88.78810001698304 1.520080844198705 3.1554477461764097
88.94061001703145 1.435518595988367 2.9782074090331623
89.09312001707985 1.5196015409433348 3.1544478384903596
89.24462001712794 1.435985925532785 2.9791895802185664
89.39713001717635 1.5191462855116005 3.153497390202864
89.54964001722476 1.4364659140156821 2.980199329024813
89.70114001727285 1.5186942326834976 3.1525535713120223
89.85365001732126 1.436921142356954 2.981156013256847
90.00616001736967 1.5182278821511916 3.151580488585859
90.15766001741775 1.4373730904081672 2.9821058024666613
90.31017001746616 1.5177873762076497 3.150660717401843
90.46167001751425 1.4378217922096157 2.983048775271502
90.61418001756266 1.5173499092397078 3.1497472520753633
90.76669001761107 1.4382799951618856 2.9840125512945126
90.91819001765916 1.5169154570860561 3.1488400429295016
91.07070001770757 1.4387171642214562 2.9849312880741774
91.22321001775597 1.5164701387345745 3.147910689573463
91.37471001780406 1.439151260289011 2.9858435816725204
91.52722001785247 1.5160467421416395 3.1470265111469
91.67973001790088 1.4395964948124422 2.986779976363174
91.83123001794897 1.5156262127671571 3.1461482827874643
91.98374001799738 1.440019448231313 2.987668867178306
92.13625001804579 1.5151934512080254 3.145244984366824
92.28775001809387 1.4404394880351248 2.988551654352112
92.44026001814228 1.5147836293494599 3.1443890671556285
92.59277001819069 1.4408719118861832 2.9894610231508634
92.74427001823878 1.5143765352692085 3.143538811251334
92.89678001828719 1.441281180878887 2.990321195037071
93.0492900183356 1.5139562058428675 3.142661314131856
93.20079001838369 1.4416876840862753 2.9911755749839286
93.3533000184321 1.5135594800089347 3.141832666198774
93.50480001848018 1.4420914409267147 2.992024203967325
93.65731001852859 1.5131653500133666 3.1410094082594764
93.809820018577 1.442503555450568 2.992890809137727
93.96132001862509 1.512773800677825 3.1401915104290246
94.1138300186735 1.4428970176955835 2.993717825671982
94.2663400187219 1.5123732131964536 3.139355078396888
94.41784001877 1.4432878692051965 2.99453937417975
94.5703500188184 1.5119915907595758 3.1385578737595066
94.72286001886681 1.4436877326386228 2.995380168340711
94.8743600189149 1.5116124259271717 3.1377657759610322
95.02687001896331 1.4440686298294585 2.9961808182633276
95.17938001901172 1.5112237567534965 3.1369540884465974
95.3308800190598 1.4444470441692632 2.9969762636469666
95.48339001910821 1.5108541991497129 3.1361820216244563
95.63590001915662 1.4448348484315003 2.997791664842886
95.78740001920471 1.5104869820213493 3.135414818799953
95.93991001925312 1.4452036389101903 2.9985668966522105
96.09242001930153 1.510110047743361 3.134627501179099
96.24392001934962 1.4455700674184724 2.9993371659966295
96.39643001939803 1.5097521248042627 3.1338796784584066
96.54894001944643 1.4459460176935872 3.0001276089756335
96.70044001949452 1.5093964304659628 3.1331364884442214
96.85295001954293 1.4463031437096598 3.0008783226401547
97.00546001959134 1.5090310311153967 3.132373135751765
97.15696001963943 1.4466580227232884 3.0016243004769683
97.30947001968784 1.5086843244675283 3.1316486899276574
97.46198001973625 1.4470223376780609 3.0023902338826347
97.61348001978433 1.5083397398070204 3.1309286563060645
97.76599001983274 1.447368228046102 3.0031172891325397
97.91850001988115 1.5079856613727771 3.130188831167924
98.07000001992924 1.4477119804869494 3.003839820701415
98.22251001997765 1.507649764711296 3.1294869166053285
98.37502002002606 1.4480648910908038 3.0045817019647036
98.52652002007414 1.5073158877440458 3.128789205153848
98.67903002012255 1.4483999598245982 3.0052859349627092
98.83154002017096 1.5069729036455812 3.128072449713193
98.98304002021905 1.4487329936800608 3.00598585852484
99.13555002026746 1.5066474205253402 3.127392260929629
99.28806002031587 1.449074739155618 3.0067041908609204
99.43956002036396 1.5063238593409038 3.1267160813372774
99.59207002041236 1.4493993866067254 3.0073864483162183
99.74458002046077 1.5059917314927938 3.126021941636692
99.89608002050886 1.4497220973638205 3.00806460541575
100.04859002055727 1.5056762777074044 3.125362695508027
100.20110002060568 1.4500529214291027 3.0087599197105575
100.35260002065377 1.5053626543287002 3.1247072609294935
100.50511002070218 1.450367531277394 3.0094210103981944
100.65762002075058 1.5050411408934667 3.1240352448247632
100.80912002079867 1.4506802953397075 3.010078189758647
100.96163002084708 1.504735349647635 3.1233961584711367
101.11414002089549 1.4510004410787285 3.010751001741474
101.26564002094358 1.5044313032328787 3.1227606966703347
101.41815002099199 1.4513053784285455 3.011391689211229
101.5706600210404 1.5041201614365862 3.12211029720294
101.72216002108848 1.451608555147224 3.0120286421211784
101.8746700211369 1.5038236812761425 3.1214906136055376
102.0271800211853 1.4519182696488695 3.0126794675743973
102.17868002123339 1.5035288642630567 3.1208743758747493
102.3311900212818 1.452213887231492 3.0133004864431046
102.48370002133021 1.503227845932616 3.1202450664048142
102.6352000213783 1.4525078253903119 3.013917944115563
102.7877100214267 1.5029403319203085 3.1196440504591028
102.94022002147511 1.4528073628929556 3.0145473104837284
103.09273002152352 1.502643640071415 3.119023725167014
103.24423002157161 1.453093997466568 3.0151493779060456
103.39674002162002 1.5023632504191196 3.118437555240461
103.54925002166843 1.453389128751853 3.0157694253860723
103.70075002171652 1.5020843718004273 3.117854511788065
103.85326002176492 1.4536686291744345 3.0163564654048347
104.00577002181333 1.5017974725980454 3.1172545790404294
104.15727002186142 1.4539465889249987 3.016940250225819
104.30978002190983 1.5015254796439708 3.1166858830351973
104.46229002195824 1.4542318566062264 3.0175395057826293
104.61379002200633 1.5012549352921907 3.1161201869946864
104.76630002205474 1.4545029084267127 3.0181087601236056
104.91881002210314 1.5009775920167177 3.1155401512728
105.07031002215123 1.4547724755672826 3.0186748911394723
105.22282002219964 1.5007137149870442 3.1149883547930024
105.37533002224805 1.4550481087678497 3.0192538668219138
105.52683002229614 1.5004512345211312 3.1144394543798137
105.67934002234455 1.4553109788860379 3.019805922740648
105.83185002239296 1.5001832220284879 3.113878860971797
105.98335002244104 1.4555724144718698 3.0203549602964563
106.13586002248945 1.4999272055375492 3.1133434421425465
106.28837002253786 1.455838638707911 3.0209141358218283
106.44088002258627 1.4996633318776893 3.112791455512187
106.59238002263436 1.4560935796678187 3.021449523901143
106.74489002268277 1.4994136384296497 3.1122692280435515
106.89740002273118 1.4563555838312685 3.0219998057080977
107.04890002277926 1.4991652451304966 3.1117496997740024
107.20141002282767 1.4566041718779432 3.022521844377779
107.35392002287608 1.498910412467561 3.1112165712742668
107.50542002292417 1.4568514221039859 3.023041069379495
107.65793002297258 1.498668157347315 3.1107098543659895
107.81044002302099 1.457104318223716 3.0235721954004147
107.96194002306908 1.498427166465024 3.1102057634589175
108.11445002311748 1.457345402779406 3.0240784659613107
108.2669600231659 1.4981811580415316 3.109691050734875
108.41846002321398 1.4575851866854383 3.024582000221443
108.57097002326239 1.4979461289217575 3.109199405174068
108.7234800233108 1.4578291989672238 3.0250944460290197
108.87599002335921 1.4977041266801017 3.108693042560917
109.0274900234073 1.4580629957388391 3.0255854007126937
109.1800000234557 1.4974749333805555 3.108213580905528
109.33251002350411 1.4583029368907447 3.0260892779069626
109.4840100235522 1.497246930196026 3.107736592001664
109.63652002360061 1.4585308728505746 3.0265679196358253
109.78903002364902 1.4970134618642819 3.107248049535505
109.94053002369711 1.458757582904417 3.0270439820195505
110.09304002374552 1.4967911323352219 3.106782908023775
110.24555002379392 1.4589889403912304 3.027529817336183
110.39705002384201 1.496569967984819 3.1063201881900815
110.54956002389042 1.4592099538291967 3.0279939120031463
110.70207002393883 1.4963448221604216 3.1058490282024342
110.85458002398724 1.4594373243639733 3.028471360231122
111.00608002403533 1.496129175300477 3.1053978317037823
111.15859002408374 1.4596527617837807 3.028923740804723
111.31110002413214 1.495907879981536 3.1049347059034393
111.46260002418023 1.459867039024534 3.0293736803141846
111.61511002422864 1.4956976354078029 3.104494793350643
111.76762002427705 1.460086134533145 3.029833738674226
111.91912002432514 1.4954884965540531 3.104057180101638
112.07163002437355 1.460294992543131 3.030272294130565
112.22414002442196 1.4952752273091818 3.103610823113112
112.37665002447036 1.4605102025815355 3.030724181678157
112.52815002451845 1.4950713419587045 3.103184184798591
112.68066002456686 1.4607137573772269 3.0311515974382863
112.83317002461527 1.494861827477457 3.1027456653019536
112.98467002466336 1.4609162114311185 3.031576698097127
113.13718002471177 1.4946630849035858 3.102329771622536
113.28969002476018 1.4611234646422346 3.0320118677868213
113.44119002480826 1.4944653944216997 3.1019160670081036
113.59370002485667 1.4613207648192357 3.0324261437544298
113.74621002490508 1.4942636012648545 3.101493683244916
113.89771002495317 1.4615169844527025 3.0328381480708377
114.05022002500158 1.494070911790753 3.1010904286813634
114.20273002504999 1.4617165050753305 3.033257072987161
114.3552400250984 1.49387276496063 3.100675658077734
114.50674002514648 1.4619077158893692 3.0336585589171072
114.6592500251949 1.4936849700914603 3.100282632157403
114.8117600252433 1.462103565161891 3.0340697675953376
114.96326002529139 1.4934981786604542 3.0998916955242817
115.1157700253398 1.4622898756763676 3.034460964178798
115.26828002538821 1.4933074430722957 3.0994924154921333
115.4197800254363 1.4624751570093384 3.0348499990437316
115.5722900254847 1.4931254109568495 3.099111426463874
115.72480002553311 1.4626635964078 3.0352456449482035
115.87731002558152 1.4929382029325362 3.0987195137649137
116.02881002562961 1.4628441156576053 3.0356246822660804
116.18132002567802 1.4927608278423437 3.0983482596239176
116.33383002572643 1.4630290118106886 3.036012884505379
116.48533002577452 1.4925844116606917 3.0979790038061616
116.63784002582292 1.4632048731201743 3.0363821438231575
116.79035002587133 1.4924043016571895 3.0976019309475133
116.94185002591942 1.4633797523914784 3.036749341838818
117.09436002596783 1.4922324131234816 3.0972421416397333
117.24687002601624 1.463557562519671 3.037122665892833
117.39938002606465 1.4920557034970543 3.0968721743620753
117.55088002611274 1.4637279158939602 3.037480364342793
117.70339002616114 1.4918882441011416 3.096521647098227
117.85590002620955 1.4639023177447261 3.0378465317156267
118.00740002625764 1.4917217023441334 3.096173034296923
118.15991002630605 1.464068245301549 3.03819494090799
118.31242002635446 1.4915517760148576 3.0958172555023644
118.46392002640255 1.4642332346316045 3.0385413808389328
118.61643002645096 1.491389539288667 3.0954776478556045
118.76894002649937 1.4644008737409206 3.038893352139971
118.92145002654777 1.4912228795356146 3.0951287011039774
119.07295002659586 1.464561563723752 3.0392307676225916
119.22546002664427 1.4910648530496187 3.0947979026533012
119.37797002669268 1.4647259346577441 3.039575878163492
119.52947002674077 1.4909077056249997 3.094468940399131
119.68198002678918 1.4648824217210392 3.0399044693733335
119.83449002683759 1.4907475150389773 3.09413353477781
119.987000026886 1.4650435627301457 3.0402427971530255
120.13850002693408 1.4905944583871873 3.093813132228851
120.29101002698249 1.465195942961895 3.0405627619395803
120.4435200270309 1.4904373951673318 3.093484270815383
120.59502002707899 1.4653474541544627 3.040880897915932
120.7475300271274 1.4902883367212838 3.0931722327719458
