0.001020000000000002 0.4774940224542359 1.1913996923925696
0.08283000000000058 0.33901455837624195 0.8466848697492813
0.1656500000000249 0.4437001779651557 1.12136894011019
0.2464500000001057 0.33332144885543624 0.8238832002404939
0.3282600000001875 0.4264937182395265 1.0754926888045135
0.41007000000026933 0.32503958381976517 0.807905793616015
0.49188000000035115 0.4131486310368214 1.0365824138202528
0.5736900000000239 0.31685739493638 0.7912626935269396
0.6554999999996516 0.40138008024346195 1.005036468109377
0.7373099999992793 0.30920583786466294 0.7729666064324459
0.819119999998907 0.39058708471818093 0.9775225988978176
0.8999199999985392 0.30224409849995326 0.7560554100259687
0.9817299999981669 0.38123550479207935 0.9533904169429452
1.0635399999985 0.29500821229125074 0.7386541686167147
1.145349999999036 0.3720292390269506 0.9295453782137697
1.227159999999572 0.28788601238968514 0.7215382427461448
1.3089700000001079 0.36325680341457933 0.9069004225506161
1.3897700000006372 0.28142495390184663 0.7059555419636876
1.4715800000011732 0.35547830367180144 0.8868341652239153
1.5533900000017091 0.274708161284141 0.6896325851606155
1.635200000002245 0.3475297569103536 0.8664332535146202
1.7160000000027744 0.2685338489371937 0.6746371103260262
1.7978100000033104 0.34040007896086655 0.848097656753033
1.8796200000038463 0.2621625346757075 0.6590941231374936
1.9614300000043823 0.3330949127630358 0.8293971005941758
2.0432400000049182 0.25584449342743654 0.6436475243945639
2.1240400000054476 0.3264944872894795 0.8124698917395756
2.2058500000059835 0.25020221707128687 0.6298815475079267
2.2876600000065195 0.3197000396399279 0.7951221942041453
2.3694700000070554 0.24417047296005534 0.6150937361348086
2.4502700000075848 0.31354967414762325 0.7793876003642564
2.5320800000081207 0.23878773673571863 0.6019268404025224
2.6138900000086567 0.3071838200728013 0.7631661548873625
2.694690000009186 0.23343189210677354 0.5888043140914401
2.776500000009722 0.3014325696853697 0.7484830388769126
2.858310000010258 0.22788525627561174 0.575161006441649
2.940120000010794 0.2954256761383941 0.7332117135622318
3.020920000011323 0.22278418118763565 0.5626348767894362
3.102730000011859 0.29001990451378123 0.7194397618282666
3.184540000012395 0.21746238513344873 0.5495182658666775
3.266350000012931 0.2843176844620725 0.704970967409535
3.3471500000134604 0.21260435069531824 0.5375674880517267
3.4289600000139964 0.2792220380314503 0.6920130623812359
3.5107700000145323 0.2074877607840456 0.5249349875604215
3.5915700000150617 0.2741861743584556 0.6792198593306376
3.6733800000155976 0.20286073143631736 0.5135335020732379
3.7551900000161336 0.2689673359076682 0.6659994207064646
3.8370000000166695 0.19793227682428816 0.5013493242386646
3.917800000017199 0.26419890113283817 0.653891700420306
3.999610000017735 0.19352516647506968 0.49047759347750075
4.0814200000146545 0.2591898497746655 0.6412134267357428
4.162220000011596 0.1891502240949714 0.4796769156940939
4.2440300000084985 0.25466471323480167 0.6297305638341855
4.325840000005401 0.18457218337649806 0.4683474847982372
4.4066400000023425 0.2501841936736168 0.6183664089838836
4.488449999999245 0.18040520639468782 0.4580519265427241
4.570259999996148 0.24554488956308695 0.6066332533871899
4.652069999993051 0.17597970042731093 0.4470930268206663
4.732869999989992 0.24128637074300596 0.5958369012843634
4.814679999986895 0.172010820928179 0.4372812416051586
4.896489999983798 0.2368124915271745 0.5845216175178969
4.977289999980739 0.16807389682359064 0.427544218213205
5.059099999977642 0.23276864540156217 0.5742678101830045
5.140909999974545 0.16394774238422516 0.4173196643722177
5.221709999971486 0.22876635199070963 0.5641232862558576
5.303519999968389 0.1601984755049114 0.40804293836733674
5.3853299999652915 0.2246067160695916 0.5536108588119037
5.467139999962194 0.1562002929449 0.39812899538799185
5.5479399999591354 0.22080478668724698 0.5439779063948214
5.629749999956038 0.15263048399111423 0.3892935937297892
5.711559999952941 0.21678418007916475 0.5338242730877796
5.792359999949882 0.1490917395157897 0.3805330965880205
5.874169999946785 0.21317530363296533 0.5246848284769734
5.955979999943688 0.14535548176920632 0.37125935383930386
6.036779999940629 0.20960706080882596 0.5156490882698206
6.118589999937532 0.1419867502657881 0.3629167031658387
6.200399999934435 0.20586505474548986 0.5062018281233316
6.281199999931376 0.1386491513165864 0.3546500800770458
6.363009999928279 0.20247766825191582 0.49762085573547
6.444819999925182 0.13515472529075578 0.3459692773955192
6.525619999922123 0.19912706120285895 0.4891343082505606
6.607429999919026 0.13197818476703904 0.3381011162943315
6.689239999915928 0.19563387775268748 0.48032015305802256
6.7700399999128695 0.12883232536653166 0.33030794935483554
6.851849999909772 0.19244926936846052 0.4722550400666936
6.933659999906675 0.12556101095365668 0.32217819333696385
7.015469999903578 0.1890597017835376 0.4637046662069211
7.096269999900519 0.12256675035737774 0.314760264811742
7.178079999897422 0.1860307095917264 0.45603380748704403
7.259889999894325 0.1193855619272296 0.3068539549152649
7.340689999891266 0.18303330240900895 0.44844160555241874
7.422499999888169 0.11653570761802823 0.29979428518079887
7.504309999885072 0.1798603875455288 0.44042882875180434
7.585109999882013 0.11371361354825014 0.29280222377744414
7.666919999878916 0.17701004214772675 0.4332040091428291
7.748729999875819 0.11072944107926806 0.28538697361573107
7.82952999987276 0.17418944732142894 0.4260564475070616
7.9113399998696625 0.10804309836559756 0.2787308734032101
7.993149999866565 0.1712148195966373 0.41854350926938677
8.073949999863506 0.10538311454167916 0.2721381903790565
8.15575999986041 0.16853122387072983 0.4117443211890448
8.237569999857312 0.10258077370432185 0.26517425792600413
8.318369999854253 0.16587595440126668 0.4050188013082323
8.400179999851156 0.10004892757201957 0.2588986631768764
8.481989999848059 0.16308502698466365 0.39796920053318807
8.562789999845 0.09754278765017133 0.25268577982616724
8.644599999841903 0.160558479482535 0.3915698036139337
8.726409999838806 0.09491039190209094 0.2461448904982455
8.807209999835747 0.15806164827447666 0.3852402701850055
8.88901999983265 0.09252526350170132 0.24023235219353678
8.970829999829553 0.15544414836192755 0.37861966978022243
9.051629999826494 0.09016471251211222 0.23437992964824295
9.133439999823397 0.15306802170897782 0.37259592542231434
9.2152499998203 0.0876905060026335 0.22823262819084977
9.29604999981724 0.15071719017122753 0.3666375649411524
9.377859999814143 0.08544375400155702 0.22266278572643516
9.459669999811046 0.14825696699011237 0.36041337844802124
9.540469999807987 0.08322033809496143 0.21715017869162745
9.62227999980489 0.1460190192849703 0.35474094160511394
9.704089999801793 0.08089330974217335 0.21136897123837928
9.784889999798734 0.14380502415923246 0.34913030949982327
9.866699999795637 0.07877694729527729 0.20612236625433544
9.94850999979254 0.14149095021986058 0.3432744630978979
10.029309999789481 0.07668273368649192 0.20093023460390214
10.111119999786384 0.13938298508296998 0.337932208749403
10.192929999783287 0.07449291260600654 0.19549037705833827
10.273729999780228 0.13729991070328307 0.3326475030755671
10.35553999977713 0.07249921993254516 0.19054836190548485
10.437349999774034 0.1351240234818356 0.32713239310444564
10.518149999770975 0.07052625645786681 0.18565743409864055
10.599959999767878 0.13313958995632258 0.32209645138130405
10.68176999976478 0.06846371271265406 0.18053488453443345
10.762569999761721 0.13117586390388203 0.31711366099436145
10.844379999758624 0.06658449685363166 0.17587722079561718
10.926189999755527 0.12912499692884682 0.31191355855100245
11.006989999752468 0.06472444465213867 0.1712663772801104
11.088799999749371 0.12725382800823182 0.3071653098681515
11.170609999746274 0.06277945457865775 0.1664363259063495
11.251409999743215 0.12540250413886256 0.3024684442220815
11.333219999740118 0.06100678907285829 0.16204193793679655
11.41502999973702 0.12346921658505272 0.2975662243654087
11.495829999733962 0.05925198867870962 0.1576906856557425
11.577639999730865 0.12170547401536615 0.29309214089884295
11.659449999727768 0.05741617218179651 0.1531310408709574
11.740249999724709 0.11996074752353368 0.2886672981145977
11.822059999721612 0.05574340007664213 0.14898248363548472
11.903869999718514 0.11814084592640206 0.2840463712754371
11.984669999715456 0.05408751974103409 0.14487461495225062
12.066479999712358 0.11648144375484314 0.2798324948609099
12.148289999709261 0.05235385855403374 0.1405677887175938
12.229089999706202 0.1148401275048817 0.27566562841718767
12.310899999703105 0.05077527845288776 0.13665083095710795
12.392709999700008 0.11312423842384944 0.271309803809483
12.47350999969695 0.04921271884681333 0.13277240152663738
12.555319999693852 0.11156107927278802 0.2673422042145601
12.637129999690755 0.047574884243556714 0.12870278377077327
12.717929999687696 0.11001512508259559 0.26341929564904776
12.799739999684599 0.04608517707500448 0.12500418382883627
12.881549999681502 0.10839706704823317 0.2593129275325401
12.962349999678443 0.04461065981751178 0.12134201848789106
13.044159999675346 0.10692484820520075 0.25557804931723993
13.125969999672249 0.04306279430910542 0.11749513312316884
13.20676999966919 0.10546891367317524 0.25188545281344954
13.288579999666092 0.041656979538201466 0.11400243529287035
13.370389999662995 0.10394275843809486 0.2480135648983861
13.451189999659936 0.04026560677043489 0.11054434041702921
13.53299999965684 0.10255665315683948 0.24449854396835224
13.614809999653742 0.03880244459987947 0.10690706397409322
13.695609999650683 0.10118830251937361 0.24102406733097492
13.777419999647586 0.037476100599483586 0.10360929591003432
13.859229999644489 0.09975150024699542 0.23737420847163015
13.94002999964143 0.036163705305784166 0.1003450499506453
14.021839999638333 0.09844906065386005 0.234068251299413
14.103649999635236 0.034781030619565056 0.09690678899880734
14.184449999632177 0.0971615344337966 0.23080091998182173
14.26625999962908 0.033530655513612784 0.09379568887276646
14.348069999625983 0.09580672410829116 0.22736113522634493
14.428869999622924 0.032293740771990986 0.09071713871987575
14.510679999619827 0.09458154853255218 0.22425304204192198
14.59248999961673 0.030987723085733054 0.08746847200411523
14.67328999961367 0.09337055925787974 0.2211814344534324
14.755099999610573 0.02980980818788148 0.08453585459061719
14.836909999607476 0.09209308134572158 0.21793973341323047
14.917709999604417 0.028644930711855365 0.0816351443681973
14.99951999960132 0.090940921867396 0.2150177444252166
15.081329999598223 0.027412134057155372 0.07856808474315802
15.162129999595164 0.08980220769543334 0.21212982613378895
15.243939999592067 0.026303616567279087 0.07580754537720447
15.32574999958897 0.08859767637754579 0.20907405761860787
15.406549999585911 0.025207792061878842 0.07307851270290655
15.488359999582814 0.08751464784045726 0.20632700076521626
15.570169999579717 0.024045199435798525 0.07018633293279786
15.650969999576658 0.086446106312275 0.20361223012931307
15.73277999957356 0.023003318306321074 0.06759195172276744
15.814589999570464 0.08531301787261225 0.20073224191775596
15.895389999567405 0.021973816148973535 0.06502851301211088
15.977199999564307 0.08429784880608815 0.19815122128026275
16.059009999561212 0.02087860189630275 0.062304249794953304
16.139809999558153 0.08329514852140474 0.19560148499682128
16.221619999555056 0.019900682507265288 0.0598697329431741
16.302419999551997 0.0823051178059766 0.1930835809071607
16.3842299995489 0.01893476390727411 0.057465338949835854
16.466039999545803 0.08127591070786988 0.1904671293209037
16.546839999542744 0.017981012906346794 0.05509151391100975
16.628649999539647 0.08033567642087402 0.18807519977754872
16.71045999953655 0.016987047805000044 0.05261980643886943
16.79125999953349 0.07940751165884075 0.18571372677406162
16.873069999530394 0.01608160172808959 0.050366813400792854
16.954879999527297 0.0784389495305361 0.18325112642575414
17.035679999524238 0.015187653525457477 0.04814270075289562
17.11748999952114 0.07755761761231061 0.181008246935499
17.199299999518043 0.01425227534297002 0.04581714094652467
17.280099999514984 0.07668750438016658 0.1787938295555902
17.361909999511887 0.013403514106705483 0.0437060343443596
17.44371999950879 0.07577559634379483 0.17647487187700817
17.52451999950573 0.012565190991965292 0.04162102391109812
17.606329999502634 0.0749490644537093 0.17437109972501252
17.688139999499537 0.011683697400676651 0.03942983555327295
17.768939999496478 0.07413265705063588 0.17229321702918465
17.85074999949338 0.010886762529841665 0.03744800488360012
17.932559999490284 0.07327386725698615 0.1701067618943397
18.013359999487225 0.01014028578638626 0.03548913922780672
18.095169999484128 0.07249923510052003 0.16813098901573564
18.17697999948103 0.009436849605189535 0.03341993504094587
18.25777999947797 0.07173370869841222 0.1661786434156709
18.339589999474875 0.008848581547536205 0.031555852061215806
18.421399999471777 0.07092357585066489 0.16411431863286863
18.50219999946872 0.008306605796967292 0.029712434062745263
18.58400999946562 0.0701950853919715 0.16225658263887555
18.665819999462524 0.007770131200892982 0.027755563350984058
18.746619999459465 0.06947486985918949 0.16042017479938053
18.828429999456368 0.00732690045800044 0.0260000902312707
18.91023999945327 0.06870905734164567 0.15846915577694132
18.991039999450212 0.006923335352195691 0.024263554777126384
19.072849999447115 0.06802333369681357 0.15672088751326196
19.154659999444018 0.006535023235934134 0.022411385962484154
19.23545999944096 0.06734524065157155 0.15499229193010056
19.317269999437862 0.006230137170755268 0.020757114111991104
19.398069999434803 0.06667480193002928 0.15328341176855664
19.479879999431706 0.005969487037089549 0.019120432014974043
19.56168999942861 0.06597506761175242 0.15150111431195823
19.64248999942555 0.005755273187380561 0.017501492189497814
19.724299999422453 0.06533631154551067 0.14987311991627728
19.806109999419355 0.005575486457460199 0.015807385226651594
19.886909999416297 0.06470465670089165 0.14826337195287254
19.9687199994132 0.005453409176770174 0.014264516362016977
20.050529999410102 0.06404240306034048 0.14657676057706626
20.131329999407043 0.005374641865794172 0.012738269762524457
20.213139999403946 0.06344051777955517 0.14504295799236955
20.29494999940085 0.005336396280029021 0.011133871092672276
20.37574999939779 0.06284527385340555 0.1435262195727982
20.457559999394693 0.005346518289604307 0.009679332620704528
20.539369999391596 0.06221843380390868 0.14193000212824325
20.620169999388537 0.005405622548497302 0.008240384085933528
20.70197999938544 0.061651773833554246 0.14048486718334363
20.783789999382343 0.005523225071174087 0.006720926839420827
20.864589999379284 0.061092176891555106 0.13905578556088205
20.946399999376187 0.005687427755334706 0.005349554710853965
21.02820999937309 0.06050032615402567 0.13754529809726357
21.10900999937003 0.005908887163162957 0.003992825640664055
21.190819999366934 0.059967154754112295 0.1361838216140221
21.272629999363836 0.0062199638868207785 0.0025538608290576192
21.353429999360777 0.05943985251498907 0.1348374589853818
21.43523999935768 0.006575565100124137 0.0012609474850711067
21.517049999354583 0.058879780698735555 0.13340833117923
21.597849999351524 0.007007228088343974 1.814600142369116e-05
21.679659999348427 0.058377439967950195 0.13212580097988758
21.76146999934533 0.00752653438441997 0.0013806516136694036
21.84226999934227 0.057880632605930904 0.13085750266265128
21.924079999339174 0.007991028289132895 0.0025994032573195547
22.004879999336115 0.05738941198854264 0.12960356326756628
22.086689999333018 0.008450512232864194 0.0038050892202767805
22.16849999932992 0.056877499297975254 0.12829754517394987
22.249299999326862 0.008906591551297582 0.004997553341690164
22.331109999323765 0.056409487020517846 0.12710291352214798
22.412919999320668 0.00938392838844515 0.006243525340998701
22.49371999931761 0.055946740852574235 0.12592180352158922
22.57552999931451 0.009819246085293942 0.00737978671961903
22.657339999311414 0.05546246653186115 0.12468648172814234
22.738139999308355 0.01024975625583846 0.008503551821814614
22.81994999930526 0.055021635542442215 0.12356135175113359
22.90175999930216 0.010701436344154547 0.009682805829913654
22.982559999299102 0.05458576220513278 0.12244894180840626
23.064369999296005 0.011111576325287364 0.010753429091336919
23.146179999292908 0.05412769522685257 0.12128062818758112
23.22697999928985 0.011517182666714754 0.011812258556287425
23.308789999286752 0.0537124976133606 0.12022101090644055
23.390599999283655 0.011944729430988565 0.01292810556055013
23.471399999280596 0.05330196876685588 0.11917337380769055
23.5532099992775 0.012333034456196157 0.0139367302321447
23.6350199992744 0.05286876093003556 0.11806859732280683
23.715819999271343 0.012717045411524295 0.014934251978970803
23.797629999268246 0.05247776098815338 0.11707083423396769
23.87943999926515 0.013123295310149441 0.01598989799849182
23.96023999926209 0.05209116135148073 0.11608437075963929
24.042049999258992 0.0134890498816711 0.016940032497636537
24.123859999255895 0.051681553071938675 0.11503991526200519
24.204659999252836 0.013850754708627733 0.017879718197566508
24.28646999924974 0.05131378446512769 0.11410059612330103
24.368279999246642 0.014234960712133926 0.018878217804307873
24.449079999243583 0.050950773731602735 0.11317198290855535
24.530889999240486 0.014579412310300688 0.019773145292589778
24.61269999923739 0.05056464640197744 0.11218491650538676
24.69349999923433 0.014920037619339466 0.020658213421642646
24.775309999231233 0.050219056454183564 0.11130093537714547
24.856109999228174 0.015256797572100411 0.021533319826194663
24.937919999225077 0.04987739194658636 0.11042707358881465
25.01972999922198 0.015607823291731602 0.022445187691155777
25.10052999921892 0.04953968788513652 0.10956341767890398
25.182339999215824 0.01593001261721738 0.023278654762537432
25.264149999212727 0.04918733890172732 0.10866285835972045
25.344949999209668 0.016248539272141538 0.024102725481689458
25.42675999920657 0.048865831575720886 0.10784069214246905
25.508569999203473 0.016581678326867966 0.02496479634592763
25.589369999200414 0.0485480546752205 0.10702813610331541
25.671179999197317 0.01688497467161776 0.02574953775716926
25.75298999919422 0.0482152035861978 0.10617754146385883
25.83378999919116 0.017184820149414692 0.026525423794476755
25.915599999188064 0.04791271127777452 0.10540412965102108
25.997409999184967 0.01749964970484308 0.02734022663873903
26.078209999181908 0.047613728585889414 0.10463975519788837
26.16001999917881 0.017785118940626732 0.028078980046963853
26.241829999175714 0.04729935842791433 0.10383649995736599
26.322629999172655 0.01806733940179983 0.02880939352377654
26.404439999169558 0.047014792383955006 0.1031090368109222
26.48624999916646 0.018364806830043268 0.029579354684428072
26.5670499991634 0.04673352571480671 0.10239006457647415
26.648859999160305 0.01863346206890648 0.030274721322520737
26.730669999157207 0.04643666225192822 0.101631634641286
26.81146999915415 0.018899060588926764 0.030962237049270147
26.89327999915105 0.04616898900609134 0.10094745471593836
26.975089999147954 0.01918007157352819 0.031689680063329284
27.055889999144895 0.0459044159857005 0.10027124659239828
27.137699999141798 0.019432873430854536 0.03234412516848195
27.2195099991387 0.04562412884570244 0.09955524275542249
27.300309999135642 0.019683175632340566 0.032991180729946556
27.382119999132545 0.045372370024742814 0.09891181985239861
27.463929999129448 0.01994972305630871 0.03367832565484008
27.54472999912639 0.04512352346764392 0.09827587797521797
27.626539999123292 0.020188591708892867 0.03429417836902093
27.708349999120195 0.04485892589391871 0.09760001521409434
27.789149999117136 0.02042474530708649 0.03490307390879854
27.87095999911404 0.044622157120545736 0.09699496166386545
27.95175999911098 0.02065816104866669 0.035504947950903976
28.033569999107883 0.04438812375917123 0.09639692738705463
28.115379999104785 0.020901178852489766 0.03613148785470699
28.196179999101727 0.04415684608553594 0.09580595990147378
28.27798999909863 0.021123344537620103 0.036704382950103476
28.359799999095532 0.0439157227095619 0.09519009635912123
28.440599999092473 0.02134293160624612 0.03727065658051254
28.522409999089376 0.04369564385605884 0.0946277514235705
28.60421999908628 0.021572377292075062 0.037862255970921854
28.68501999908322 0.04347815465808602 0.09407204346113529
28.766829999080123 0.021781350551780432 0.03840117446461955
28.848639999077026 0.04325058916737412 0.09349083388833224
28.929439999073967 0.021987902332291753 0.03893386501763185
29.01124999907087 0.04304364499333513 0.09296207161718639
29.093059999067773 0.02220450989606848 0.039492392204587556
29.173859999064714 0.042839120754933346 0.09243950795825295
29.255669999061617 0.02240107352646825 0.039999325047834766
29.33747999905852 0.04262434314636632 0.09189097461431706
29.41827999905546 0.022595373044233535 0.04050042958140265
29.500089999052364 0.04243010765887423 0.091393716130872
29.581899999049266 0.0227998663984903 0.041027734067156096
29.662699999046207 0.04223831449067583 0.09090224376068212
29.74450999904311 0.022984771896501166 0.04150460731968675
29.826319999040013 0.04203618758793681 0.09038450448417557
29.907119999036954 0.02316755881827859 0.04197602597080241
29.988929999033857 0.04185368148783808 0.08991682129907419
30.07073999903076 0.023360618481870987 0.04247385715936414
30.1515399990277 0.04167328327784259 0.08945454959734533
30.233349999024604 0.023534566871739715 0.042922476669471354
30.315159999021507 0.04148249700371209 0.08896586242048699
30.395959999018448 0.023706531736155334 0.04336598949861159
30.47776999901535 0.041310835032587145 0.08852596896012921
30.559579999012254 0.023888796960876868 0.04383599503602342
30.640379999009195 0.04114114616274933 0.0880911414210872
30.722189999006098 0.02405258462165849 0.0442580534539716
30.803999999003 0.04096106382019293 0.08762987632506825
30.88479999899994 0.02421500510911878 0.04467532982230793
30.966609998996844 0.040799595161850166 0.08721610643922517
31.048419998993747 0.024387749712475704 0.045119063683596305
31.12921999899069 0.040639974184201844 0.08680708126364012
31.21102999898759 0.024542311570656006 0.04551614943875126
31.291829998984532 0.04048221355965709 0.0864028330450517
31.373639998981435 0.02469512643443395 0.0459087564014915
31.455449998978338 0.04031811116144757 0.0859824977602841
31.53624999897528 0.02484618118532767 0.046296850638805065
31.618059998972182 0.04016795645055937 0.08559773543640459
31.699869998969085 0.02500362788127275 0.04670129000367007
31.780669998966026 0.04001954464211621 0.08521744930781727
31.86247999896293 0.025147409410704258 0.04707069932079477
31.94428999895983 0.039864643523998544 0.08482069199364783
32.02508999896568 0.025289541569794016 0.047435880510804385
32.10689999899165 0.03972339008625547 0.08445874659938069
32.18870999901762 0.025438189518276588 0.04781773292449332
32.269509999043265 0.03958376967324717 0.08410099592514042
32.35131999906923 0.02557347547046618 0.04816532725160361
32.4331299990952 0.03943755558866657 0.08372650066623688
32.51392999912085 0.025707215691765706 0.048508959667514784
32.595739999146815 0.039304672503772675 0.08338601312193328
32.67754999917278 0.025847555236402142 0.04886948503627364
32.75834999919843 0.039173319587906597 0.08304945667310104
32.8401599992244 0.02597485102889829 0.049196563483977496
32.921969999250365 0.03903530673664812 0.0826959799409055
33.00276999927601 0.02610069810501059 0.04951992908691638
33.08457999930198 0.03891029496378984 0.08237567235825916
33.16638999932795 0.026233192490879964 0.049860317304872837
33.247189999353594 0.038786717051539354 0.0820590488877837
33.32899999937956 0.02635297319472274 0.05016810059135235
33.41080999940553 0.03865644649185562 0.08172541549796852
33.49160999943118 0.026471396003667658 0.05047240406973463
33.573419999457144 0.03853883690542037 0.08142408618196928
33.65522999948311 0.02659648284180538 0.050793778824742564
33.73602999950876 0.03842257099653812 0.08112620957065886
33.817839999534726 0.026709195016860976 0.05108341403787797
33.899649999560694 0.03829960919688591 0.08081130902374278
33.98044999958634 0.02682063432519832 0.05136978750134302
34.06225999961231 0.03818896078589895 0.08052782792266067
34.144069999638276 0.026938726963716908 0.051673209858194014
34.22486999966392 0.038079571601184914 0.08024758271227839
34.30667999968989 0.027044790371534955 0.051945774929740285
34.38848999971586 0.03796350908534096 0.07995036579420134
34.469289999741505 0.02714966051945378 0.052215282307277455
34.55109999976747 0.03785940727656467 0.07968367027409995
34.63290999979344 0.027261149341879287 0.05250175410601576
34.71370999981909 0.037756485615061175 0.0794200075207363
34.795519999845055 0.0273609585568293 0.05275826201394107
34.87732999987102 0.03764693568747468 0.07913948310472874
34.95812999989667 0.02745964904187359 0.053011903187716314
35.03993999992264 0.037548990770465585 0.07888857398362648
35.120739999948285 0.027557211718422514 0.053262653949215366
35.20254999997425 0.03745215195512397 0.07864050735056916
35.28436000000022 0.027658828619742667 0.053523772992347673
35.36516000002587 0.03735642775169734 0.0783953046470609
35.446970000051834 0.027751705592900966 0.05376248770521119
35.5287800000778 0.037256595134540826 0.07813967717882342
35.60958000010345 0.027843524894206828 0.05399849164805515
35.69139000012942 0.03716547755140065 0.07790627925599036
35.773200000155384 0.027939463461365884 0.05424503524528168
35.85400000018103 0.037075404924134636 0.07767556620281724
35.935810000207 0.028026871131521358 0.05446970676454832
36.01762000023297 0.03698116968929421 0.07743428524459306
36.09842000025861 0.028113286816806245 0.05469183571111813
36.18023000028458 0.03689543341308288 0.07721468408269372
36.26204000031055 0.028203863703527562 0.05492461592281339
36.342840000336196 0.036810676857079505 0.07699760004419298
36.42465000036216 0.028286125665883396 0.05513607449604274
36.50646000038813 0.03672172541541707 0.07676986126052832
36.58726000041378 0.028367457169244718 0.05534514800421553
36.669070000439746 0.03664105090760772 0.07656323707958546
36.75088000046571 0.028452971356865312 0.05556493148766162
36.83168000049136 0.03656129502332728 0.07635897288581495
36.91349000051733 0.028530391841124495 0.055763957595988956
36.995300000543295 0.03647733135210707 0.07614401691069528
37.07610000056894 0.02860693950153059 0.05596074616324165
37.15791000059491 0.03640141823385501 0.07594959900368847
37.23972000062088 0.028687673279021438 0.05616825672872805
37.320520000646525 0.036326366517048236 0.07575739388963054
37.40233000067249 0.02876053832661185 0.05635558413801256
37.48414000069846 0.03624711119319923 0.07555450387497498
37.56494000072411 0.028832584547426543 0.05654081220191065
37.646750000750075 0.03617567708884839 0.07537156767315478
37.72856000077604 0.028908804437766004 0.05673673321409112
37.80936000080169 0.036105050788017956 0.07519070637890257
37.89117000082766 0.028977383010099778 0.05691305184871709
37.972980000853624 0.036030240068451014 0.07499920567172191
38.05378000087927 0.029045193351218027 0.057087400618505146
38.13559000090524 0.03596301951844383 0.07482706998312993
38.21740000093121 0.029117407331389455 0.05727237728015977
38.298200000956854 0.035896556564321 0.07465688003388538
38.38001000098282 0.029182182252133423 0.05743833590029501
38.46182000100879 0.03582594150948004 0.07447612994438968
38.542620001034436 0.029246233782973863 0.05760244599848363
38.624430001060404 0.035762684942005296 0.0743141543400827
38.70624000108637 0.029314408974261852 0.057777087505372915
38.78704000111202 0.035700138934916414 0.07415400346476586
38.868850001137986 0.029375374653378365 0.057933296236833964
38.94965000116363 0.03563830927454714 0.07399569188163424
39.0314600011896 0.02943566154196786 0.0580877701784166
39.11327000121557 0.03557395735205038 0.07383098352607975
39.194070001241215 0.029495263750376366 0.05824049400875442
39.27588000126718 0.035515096612853014 0.07368027723321235
39.35769000129315 0.02955740378233773 0.05839968444193433
39.4384900013188 0.035456907912992164 0.07353129625879973
39.520300001344765 0.0296141477397065 0.05854508896336874
39.60211000137073 0.03539616266919243 0.07337582793943698
39.68291000139638 0.029670249082704995 0.058688850670673975
39.76472000142235 0.035340769343261025 0.07323400722499818
39.846530001448315 0.029728915087453234 0.058839150196365875
39.92733000147396 0.03528600653124914 0.07309380502065199
40.00914000149993 0.02978232466860009 0.058976018436440736
40.0909500015259 0.03522866625412335 0.07294705924083544
40.171750001551544 0.029835131080568456 0.05911134448349786
40.25356000157751 0.035176535476399096 0.07281359846231794
40.33537000160348 0.029890516477609763 0.059253247341195525
40.416170001629126 0.035125112075699794 0.07268165609072286
40.497980001655094 0.0299407878729131 0.059382080866032805
40.57979000168106 0.035071161375700544 0.07254314439645304
40.66059000170671 0.029990493093998257 0.05950946658067613
40.742400001732676 0.03502225891849786 0.07241754926269328
40.824210001758644 0.03004278053679077 0.05964343954709683
40.90501000178429 0.034973909776128465 0.07229337870794383
40.98682000181026 0.030090098322475667 0.05976471027394625
41.068630001836226 0.03492298409200334 0.07216264004860085
41.14943000186187 0.030136884635645452 0.05988462173996956
41.23124000188784 0.03487696099235782 0.07204444571328183
41.31305000191381 0.030186246613484454 0.06001110567794843
41.393850001939455 0.0348314571046936 0.07192758800466104
41.47566000196542 0.030230784449032377 0.06012525767864485
41.55747000199139 0.03478338730529851 0.07180418720470483
41.63827000201704 0.03027482336465226 0.06023813350295448
41.720080002043005 0.03474007367240595 0.071692956493985
41.80189000206897 0.030321422772796924 0.06035754481120703
41.88269000209462 0.034697247275551346 0.07158297994286356
41.96450000212059 0.030363344057785957 0.06046499596092936
42.046310002146555 0.03465187370103928 0.07146650621328021
42.1271100021722 0.030404796963276248 0.0605712488907173
42.20892000219817 0.03461110973632964 0.07136182793705537
42.29073000222414 0.03044878763902081 0.06068398084151383
42.371530002249784 0.03457080302399995 0.07125832650186625
42.45334000227575 0.03048824612310586 0.06078512437313055
42.53515000230172 0.034527974952363705 0.07114839208184343
42.61595000232737 0.03052726488281099 0.060885142844002704
42.697760002353334 0.034489610339195065 0.07104987948597374
42.7795700023793 0.03056879210704144 0.060991566878199066
42.86037000240495 0.034451674860567216 0.07095247123641846
42.942180002430916 0.030605932469542574 0.061086772870744266
43.02298000245656 0.03441417218021836 0.07085617662375698
43.10479000248253 0.030642659993852517 0.061180922457615416
43.1866000025085 0.03437514334312031 0.0707559994153506
43.267400002534146 0.03067897099047967 0.06127400608259004
43.34921000256011 0.03433943944350526 0.07066432508714415
43.43102000258608 0.03071681935644921 0.06137100615083435
43.51182000261173 0.03430414180863606 0.07057369600464991
43.593630002637695 0.030751390134987955 0.06145963092826223
43.67544000266366 0.03426730174711612 0.07047914077151773
43.75624000268931 0.03078556978559899 0.06154725462734767
43.83805000271528 0.034233698041737926 0.07039286240455578
43.919860002741245 0.03082129897123076 0.06163882745061633
44.00066000276689 0.03420047571079099 0.07030756513992653
44.08247000279286 0.030853839571695078 0.06172225126391817
44.16428000281883 0.034165702212000215 0.07021831756489627
44.245080002844475 0.030886012884167594 0.06180473490725591
44.32689000287044 0.03413407509165123 0.07013711723220517
44.40870000289641 0.030919740826811707 0.0618911821116952
44.48950000292206 0.03410280599611326 0.07005683783395389
44.571310002948024 0.030950370365105173 0.06196970976921623
44.65312000297399 0.03406998367620939 0.06997260119516735
44.73392000299964 0.030980654990561463 0.06204735443455789
44.81573000302561 0.03404021684513758 0.06989617980533991
44.897540003051574 0.031012493077028584 0.062128960919227705
44.97834000307722 0.03401078613410191 0.0698206229126308
45.06015000310319 0.031041323655874645 0.06220287931594237
45.14196000312916 0.03397980605361661 0.06974111709027175
