0.001020000000000002 0.4774775161282095 1.191399686644412
0.10100999999999354 0.8789190565062981 1.9097936309986019
0.20302000000006226 0.41506773279276776 1.0600269427630704
0.3050300000001643 0.8693977446129101 1.9131979355636042
0.4050200000002643 0.3940811770853876 0.9897774559949224
0.5050100000003365 0.8652260991654117 1.8950411892339813
0.6060099999998768 0.37668189531294505 0.9477209787298713
0.7070099999994172 0.8562696747225788 1.886466898534589
0.8080099999989575 0.3614536707905742 0.9083174346421918
0.9079999999985024 0.8498947861545255 1.8715813436054107
1.007989999998136 0.3490113813649448 0.8754340643076897
1.1089899999987978 0.8426457985755335 1.8599351244128703
1.2099899999994594 0.33614206441863326 0.8433275552154118
1.3099800000001145 0.8359517393051362 1.8464782735951202
1.4109800000007762 0.3246790831893047 0.8137889778798257
1.5109700000014312 0.8291434150166295 1.833634926339034
1.611970000002093 0.3136664492293474 0.786253869568565
1.711960000002748 0.8224978683824201 1.8204373268315588
1.8129600000034096 0.3031731329010652 0.7596965329433769
1.9129500000040647 0.8158955591987492 1.8073116925915955
2.0129400000047197 0.2936307424390121 0.735664896194399
2.1139400000053814 0.8093727297608603 1.7941341098134833
2.2139300000060365 0.2839483396004059 0.7113841444044255
2.314930000006698 0.8029150887167176 1.7809448007984785
2.414920000007353 0.27462009805784393 0.6880942085975006
2.515920000008015 0.7965197842319842 1.7677441008273176
2.61591000000867 0.2656259649632424 0.6656948929934292
2.715900000009325 0.7906973669972277 1.7557215190948994
2.8169000000099866 0.25693258636829 0.6441171818789337
2.9168900000106417 0.7845034349063744 1.7426907052218943
3.0178900000113034 0.248504252736924 0.623269171076013
3.1178800000119584 0.7783695229696832 1.729685625636157
3.2178700000126135 0.2408174307097063 0.6042129461037882
3.318870000013275 0.7722931531343268 1.7167330762315247
3.41886000001393 0.2329432743430082 0.5847895230551181
3.519860000014592 0.7662736356885017 1.7038493149683642
3.619850000015247 0.22526101522572528 0.5658592673518092
3.719840000015902 0.7608370643282815 1.6922662816233336
3.8208400000165637 0.2177651335340226 0.547374575595827
3.9208300000172187 0.7550499112137631 1.6798101379303043
4.020820000016949 0.2109014265769796 0.5304153871674266
4.121820000013125 0.7493135392844055 1.66741921976844
4.22181000000934 0.20385970067070236 0.5130420055248774
4.322810000005516 0.7436221967313633 1.6550757376180947
4.422800000001731 0.19695483934091626 0.49604543054582173
4.522789999997945 0.7385403313812904 1.6440757904669034
4.623789999994122 0.19019661789698694 0.4793951387617512
4.723779999990336 0.7330571222740047 1.6321058971814129
4.823769999986551 0.18409524855569825 0.4643421621265298
4.924769999982727 0.7275979241123174 1.6201484694224888
5.024759999978942 0.17769521493352758 0.4485860144154863
5.1247499999751565 0.7227111104372826 1.6094679549703228
5.225749999971333 0.17137756143301974 0.4330395018350752
5.325739999967547 0.7174408545023554 1.597889093111049
5.425729999963762 0.16568579483179458 0.4189614294685229
5.526729999959938 0.7121856759386138 1.5863220730412575
5.626719999956153 0.15966700119666621 0.40410596586661907
5.726709999952368 0.7075178184133999 1.576072275264695
5.826699999948582 0.15414514964141157 0.3904111785255848
5.927699999944759 0.7024394289577345 1.5648773720263964
6.027689999940973 0.1484110822345983 0.37620282978273467
6.127679999937188 0.6978403666673368 1.5547513908589994
6.228679999933364 0.1427403898373938 0.36211993119728003
6.328669999929579 0.6929317834263137 1.54391544901884
6.428659999925793 0.13761423471689638 0.34933316499691225
6.52965999992197 0.688022871645218 1.5330610016423107
6.629649999918184 0.1322149259409623 0.3358554561495031
6.729639999914399 0.6836734174533996 1.5234573732433754
6.829629999910614 0.12728289666979364 0.32349433924780957
6.93062999990679 0.6789299559794375 1.5129559357194733
7.030619999903005 0.12215021042456019 0.3105964157161467
7.130609999899219 0.6746861931939152 1.503568831763158
7.2316099998953955 0.11705677701451943 0.29777841656728476
7.33159999989161 0.6701005961741774 1.493400115184651
7.431589999887825 0.11253939156616354 0.2863251929017263
7.531579999884039 0.6659538744918742 1.4841982327908787
7.632579999880216 0.1076931314364481 0.2740491263447886
7.73256999987643 0.6615051150328151 1.4742992270075361
7.832559999872645 0.10336848811544253 0.2630369654195497
7.93254999986886 0.6574566912334918 1.4652801673734617
8.033549999865036 0.09875899476910766 0.25127483491615976
8.13353999986125 0.6531378715368827 1.4556386662212595
8.233529999857465 0.0946288719320314 0.24069114839551098
8.33351999985368 0.6491931140320805 1.4468281904215785
8.434519999849856 0.09023811720378028 0.22939789822752354
8.53450999984607 0.6450003670620074 1.4374523295900832
8.634499999842285 0.08630425353996984 0.21921257095603996
8.7344899998385 0.6411650507301497 1.4288825144387785
8.835489999834676 0.08210777242362755 0.20832941685485773
8.935479999830891 0.6370926437229524 1.4197768334349048
9.035469999827106 0.0783593992495325 0.19850311351164995
9.13545999982332 0.6333657205993136 1.411454361177844
9.236459999819497 0.07435306223646232 0.18797567084459788
9.336449999815711 0.6293991237406962 1.4025840606424866
9.436439999811926 0.07076590690034112 0.1784780894704796
9.53642999980814 0.6257687391526059 1.3944692727682506
9.637429999804317 0.06693621318642806 0.16827010665994013
9.737419999800531 0.621889962527424 1.3857796711381543
9.837409999796746 0.06352764600080074 0.15908228000498514
9.93739999979296 0.6183469629007936 1.3778462583317497
10.038399999789137 0.05987682875740796 0.149163771569083
10.138389999785351 0.614546005968607 1.3693142898526411
10.238379999781566 0.0566450764689379 0.14026974202093756
10.33836999977778 0.6110889274598841 1.3615626268753123
10.439369999773957 0.05317405118342944 0.1306165966461048
10.539359999770172 0.6073616248726494 1.3531823954814115
10.639349999766386 0.05012567838493088 0.12200777678960106
10.739339999762601 0.6039930278872783 1.3456218386461272
10.839329999758816 0.047109650527820124 0.11336338468451723
10.940329999754992 0.6003410735927467 1.337404277096943
11.040319999751206 0.043987376893194985 0.10427061570248419
11.140309999747421 0.5970664677119806 1.3300530760227414
11.240299999743636 0.0411690650629174 0.0959034474203424
11.341299999739812 0.5934901020156321 1.3220036867897744
11.441289999736027 0.03824027807664632 0.08702900881851772
11.541279999732241 0.5903111943157546 1.314869187145995
11.641269999728456 0.03564000771248288 0.07892274365055574
11.742269999724632 0.5868081457598354 1.3069859705463482
11.842259999720847 0.0329264555522405 0.07024521004598272
11.942249999717061 0.5837223615288937 1.3000596021613853
12.042239999713276 0.030554943390957434 0.06238840787091693
12.14222999970949 0.5806111418173616 1.293066319983005
12.243229999705667 0.02808168814349299 0.05389777927714556
12.343219999701882 0.5772778869607763 1.285557730178033
12.443209999698096 0.025962756018219513 0.0462863420936932
12.54319999969431 0.5742452480394045 1.278729386348565
12.643189999690525 0.02394436199826311 0.038646276339926455
12.744189999686702 0.5709603551585157 1.2713179779570871
12.844179999682916 0.02196311535079798 0.030602254210976287
12.944169999679131 0.5680065945893745 1.2646587840091428
13.044159999675346 0.020305351236866276 0.023200157652902842
13.145159999671522 0.5647713933927456 1.2573515229903576
13.245149999667737 0.018758564237547293 0.01531417810797242
13.345139999663951 0.5618980874058117 1.250868624002388
13.445129999660166 0.017596936472802138 0.008140353554264568
13.54511999965638 0.5590049004820576 1.244336409553537
13.646119999652557 0.016736557740322344 0.0004022103689216294
13.746109999648771 0.5559194389283658 1.2373635948484063
13.846099999644986 0.019044787990768253 0.006551849164659895
13.9460899996412 0.5531074047391479 1.2310123433050713
14.046079999637415 0.022041735756509695 0.013532173921915192
14.147079999633592 0.5500677246654271 1.2241383787368165
14.247069999629806 0.025205143965468135 0.02089173068718919
14.34705999962602 0.5473348854211378 1.2179629008835624
14.447049999622235 0.028114036704948827 0.027662745376511033
14.548049999618412 0.5443391690976178 1.211184157625289
14.648039999614626 0.031227590560364064 0.03490240433119407
14.748029999610841 0.5416838909975814 1.2051821896557402
14.848019999607056 0.03405271135338084 0.041475842730898105
14.94800999960327 0.5390123939490266 1.1991404514754445
15.049009999599447 0.03711982233652422 0.048604308803934515
15.148999999595661 0.5361512222913379 1.192664502509111
15.248989999591876 0.03986440490445187 0.05498817623377228
15.34897999958809 0.5335562934050916 1.1867955230003946
15.448969999584305 0.042622424206348763 0.06140114121503393
15.549969999580481 0.5307346413101689 1.1804077244368272
15.649959999576696 0.04555432940110904 0.06821522777161748
15.74994999957291 0.5282155004740722 1.17471157777983
15.849939999569125 0.048233873420632234 0.07444526397575313
15.94992999956534 0.5256835161432114 1.1689853671454253
16.050929999561518 0.051124800895661175 0.08116350668271322
16.150919999557733 0.5229887282113975 1.1628872358893982
16.250909999553947 0.05372529823074713 0.0872079544023463
16.350899999550162 0.5205314301594316 1.1573304781838267
16.450889999546376 0.056335028216383594 0.09327053823200426
16.551889999542553 0.5178709605169687 1.1513074942553936
16.651879999538767 0.05909511326809802 0.09968177662391664
16.751869999534982 0.515484135512598 1.1459084374837225
16.851859999531197 0.06162508174397452 0.10555518404278263
16.95184999952741 0.5130844676846998 1.140477638026749
17.052849999523588 0.06434499439304975 0.11186910142579887
17.152839999519802 0.5105361623302733 1.1347056679645973
17.252829999516017 0.06679794125497274 0.11756066524228892
17.35281999951223 0.5082039892531487 1.1294257126207907
17.452809999508446 0.06925945700721259 0.1232692288931192
17.553809999504622 0.5056833661875901 1.1237129123326195
17.653799999500837 0.0718594297424272 0.12930081051759634
17.75378999949705 0.5034159246175558 1.11857684348039
17.853779999493266 0.07424777140372152 0.1348362845001061
17.954779999489443 0.5009219766893808 1.1129209279290064
18.054769999485657 0.076814142779848 0.14078532595898086
18.154759999481872 0.4987173222736719 1.107924284430406
18.254749999478086 0.07913207715554382 0.1461539684730062
18.3547399994743 0.49649975896247733 1.102895309263252
18.454729999470516 0.0814585546769735 0.1515397171695576
18.555729999466692 0.4941045054054846 1.0974589100558818
18.655719999462907 0.0839155386361744 0.15722871339318711
18.75570999945912 0.4919470897058208 1.0925626424479806
18.855699999455336 0.08617356216124294 0.1624521668918355
18.956699999451512 0.48957513157409993 1.0871749494813843
19.056689999447727 0.08860040490302323 0.16806667657683905
19.15667999944394 0.487476366609805 1.0824094498215642
19.256669999440156 0.0907921735904843 0.17313448378011298
19.35665999943637 0.4853658334939793 1.0776151844457793
19.456649999432585 0.09299183214640316 0.17821903377528425
19.55764999942876 0.4830869157300178 1.072435857332621
19.657639999424976 0.09531634648433318 0.18359246968024934
19.75762999942119 0.4810344089813924 1.0677715224166495
19.857619999417405 0.09745113273537509 0.1885247145535951
19.95760999941362 0.4789715119224185 1.063081770109553
20.058609999409796 0.09974678891148869 0.19382728681934802
20.15859999940601 0.4767835439269956 1.0581058333162474
20.258589999402226 0.10181772229151886 0.19860958697967002
20.35857999939844 0.47477844081748555 1.0535456266221543
20.458569999394655 0.10389561958405956 0.20340665093436794
20.55956999939083 0.4726136860024961 1.0486194568870566
20.659559999387046 0.1060936020475004 0.20847969357717933
20.75954999938326 0.4706658387796179 1.0441880774804124
20.859539999379475 0.1081100481872147 0.21313330926732155
20.95952999937569 0.4687094428940135 1.039736084220888
21.060529999371866 0.1102808553644703 0.21814106348408968
21.16051999936808 0.46663443086799405 1.0350114761279672
21.260509999364295 0.11223717118759213 0.22265457051908744
21.36049999936051 0.4647353763275292 1.0306891300813192
21.460489999356724 0.11420001809507985 0.2271823957396002
21.5614899993529 0.46268525752468304 1.0260192634554022
21.661479999349115 0.11627813641631712 0.23197468224814832
21.76146999934533 0.4608433098979085 1.0218267446511886
21.861459999341545 0.11818241544614384 0.23636715196007074
21.96144999933776 0.4589947274214175 1.0176189273223168
22.062449999333936 0.12023423441943772 0.241098404721396
22.16243999933015 0.45703405084377857 1.0131523873522896
22.262429999326365 0.12208139653051764 0.24535958948940229
22.36241999932258 0.4552423360245258 1.0090748946024797
22.462409999318794 0.12393466500012994 0.24963492509681995
22.56340999931497 0.4533076450741688 1.0046674119751131
22.663399999311185 0.12589816540989607 0.2541635678271814
22.7633899993074 0.451571512843221 1.0007174689371956
22.863379999303614 0.1276958328700869 0.25831146514845305
22.96336999929983 0.44982911207740894 0.9967532155886527
23.064369999296005 0.12963387300234774 0.26278161880947115
23.16435999929222 0.4479796233324361 0.9925401623437913
23.264349999288434 0.13137719074609078 0.2668044748065146
23.36433999928465 0.4462899749244984 0.9886964949833765
23.464329999280864 0.1331261384226392 0.2708400890141016
23.56532999927704 0.4444639120453088 0.9845363819537378
23.665319999273255 0.13497966028953223 0.2751155110770842
23.76530999926947 0.4428252360224861 0.9808091796138396
23.865299999265684 0.1366757184631595 0.27902922136213704
23.9652899992619 0.441179963798961 0.9770667800611754
24.066289999258075 0.13850469289859058 0.2832478458691945
24.16627999925429 0.4394330655464185 0.9730874166019365
24.266269999250504 0.14014978209240647 0.287044279228843
24.36625999924672 0.4378368117304369 0.9694571798223417
24.466249999242933 0.1418008745360564 0.29085450453905093
24.56724999923911 0.4361116360069442 0.9655275269567998
24.667239999235324 0.14355101152062144 0.29489178012438444
24.76722999923154 0.43456267438419766 0.9620054109205967
24.867219999227753 0.14515356268806112 0.29859035526577093
24.967209999223968 0.43300685961986873 0.9584674148388594
25.068209999220144 0.14688141187947534 0.3025761457570053
25.16819999921636 0.4313557299692904 0.9547070925774559
25.268189999212574 0.14843698812222672 0.3061667079473862
25.368179999208788 0.42984539804536026 0.9512729954690324
25.468169999205003 0.14999878893772334 0.3097715762738762
25.56916999920118 0.42821470639405135 0.9475594015847522
25.669159999197394 0.15165259150765464 0.31358703778398
25.76914999919361 0.4267486093150323 0.9442264262700228
25.869139999189823 0.15316909482938668 0.317087850161446
25.969129999186038 0.4252757754475122 0.9408778218097935
26.070129999182214 0.15480167683325907 0.3208543794261831
26.17011999917843 0.42371549163737865 0.9373253735227904
26.270109999174643 0.15627421780942086 0.32425409433444186
26.370099999170858 0.42228550442912005 0.934074512825589
26.471099999167034 0.15788549548686648 0.32797127976262885
26.57108999916325 0.42074502433464245 0.93056720962017
26.671079999159463 0.15931536993587214 0.33127270311268386
26.771069999155678 0.4193566778895482 0.9274112192571238
26.871059999151893 0.16075172605734045 0.3345888794295093
26.97205999914807 0.41783613489554566 0.9239492938092564
27.072049999144284 0.16229381625891315 0.3381463110812555
27.172039999140498 0.41648819223977274 0.9208852148230195
27.272029999136713 0.16368904798928063 0.34136765015895243
27.372019999132927 0.41513339512880665 0.9178049872539007
27.473019999129104 0.1652108400592488 0.3448776890374039
27.57300999912532 0.41367892922007377 0.914493764991331
27.672999999121533 0.16656617829746279 0.34800705585557035
27.772989999117748 0.41236316562333253 0.9115023168390524
27.872979999113962 0.1679279983673322 0.35115123332735143
27.97397999911014 0.4109278489697209 0.9082345702721706
28.073969999106353 0.1693843165037665 0.3545099715864142
28.173959999102568 0.4096499950374882 0.9053294561051195
28.273949999098782 0.17070771685638142 0.3575657629678264
28.373939999094997 0.4083654053751066 0.9024085645975344
28.474939999091173 0.17214489549432177 0.3608800604294027
28.574929999087388 0.40699282601546866 0.8992842977374904
28.674919999083603 0.173431401902453 0.363851266549986
28.774909999079817 0.40574484859774484 0.8964470116790579
28.87489999907603 0.17472466916189044 0.36683812251473435
28.975899999072208 0.40439053121466434 0.8933646266124584
29.075889999068423 0.1761007300176034 0.37001203130337945
29.175879999064637 0.40317810179302294 0.8906084827093874
29.275869999060852 0.17735821457987755 0.37291674332203817
29.375859999057067 0.4019591157460953 0.887836879725934
29.476859999053243 0.17871579747858113 0.3760479142274731
29.576849999049458 0.4006643001980528 0.8848904585037842
29.676839999045672 0.17993798844697595 0.37887136948435707
29.776829999041887 0.399479816452979 0.8821972477106699
29.877829999038063 0.18127670222049652 0.3819588132354501
29.977819999034278 0.3982025454173549 0.8792904827253145
30.077809999030492 0.1824643168604796 0.3847025304228646
30.177799999026707 0.3970515993411308 0.8766733259122805
30.27778999902292 0.18365795677358399 0.38745981603250934
30.378789999019098 0.3957919214978566 0.8738062003678215
30.478779999015313 0.18493773806179026 0.39041132503202514
30.578769999011527 0.3946736369300316 0.8712630275418576
30.67875999900774 0.18609757250607095 0.3930905046714672
30.778749999003956 0.39354902713779705 0.8687047843300211
30.879749999000133 0.18735884754528642 0.3959990688001125
30.979739998996347 0.3923452020144958 0.8659646074566152
31.079729998992562 0.18848562712309347 0.39860181622949353
31.179719998988777 0.3912524278147536 0.8634784472901336
31.27970999898499 0.18961796302131817 0.4012169250615316
31.380709998981168 0.39006560619613384 0.8607764577449495
31.480699998977382 0.19082269335564572 0.40399501790312486
31.580689998973597 0.38900390856839706 0.8583606312600245
31.68067999896981 0.1919226676590734 0.40653516039202975
31.780669998966026 0.3879363211027774 0.855930747185718
31.881669998962202 0.19310930858921427 0.40927118939614315
31.981659998958417 0.3868028143221446 0.853349756148325
32.081649998983636 0.19417756203997127 0.41173771633251643
32.181639999015374 0.3857655700628436 0.8509884981549809
32.28263999904743 0.19534597285286057 0.4144312672065942
32.38262999907917 0.3846484804035639 0.8484442350816135
32.48261999911091 0.19638316311103876 0.4168256141640847
32.58260999914265 0.3836408479547482 0.8461499484508916
32.682599999174386 0.19742534286722457 0.41923084401824795
32.783599999206444 0.3825401814358669 0.8436424252519337
32.88358999923818 0.19854010225035923 0.42180013993863286
32.98357999926992 0.38156141090000384 0.8414134253477701
33.08356999930166 0.19955191051644552 0.4241347154576691
33.1835599993334 0.380577128829779 0.8391713123824363
33.284559999365456 0.20064913960255315 0.426662922442933
33.384549999397194 0.37952637329383054 0.8367769269122638
33.48453999942893 0.20163136786452285 0.42892863217265376
33.58452999946067 0.3785700208749734 0.8345979484861599
33.68451999949241 0.20261827758421325 0.4312045496668193
33.78551999952447 0.3775346474510596 0.8322378425736243
33.885509999556206 0.2036648216980452 0.43361505959421676
33.985499999587944 0.3766054067153398 0.8301201614716258
34.08548999961968 0.204623283499482 0.4358249087113908
34.18648999965174 0.3755853453547521 0.8277943168888635
34.28647999968348 0.20565375099916308 0.4381978380051277
34.38646999971522 0.37468253766768 0.8257365905372183
34.486459999746955 0.20658480494089815 0.44034424323159405
34.586449999778694 0.3737744884760772 0.8236665413251298
34.68744999981075 0.20759945813287206 0.44268039699602024
34.78743999984249 0.37280083926237484 0.8214462469267603
34.88742999987423 0.20850391995008988 0.4447653863675072
34.98741999990597 0.3719186691793662 0.8194350689887608
35.087409999937705 0.20941310824972567 0.4468610518706173
35.188409999969764 0.3709597541518135 0.8172480554720418
35.2884000000015 0.21038148357650044 0.44909054110136015
35.38839000003324 0.37010285638516593 0.8152944297915021
35.48838000006498 0.21126481538128525 0.4511266165084571
35.58837000009672 0.36924115599899865 0.8133295735658796
35.689370000128775 0.212218260423511 0.4533216365015469
35.789360000160514 0.36832644778470436 0.811243382539506
35.88935000019225 0.21307637985564631 0.4552996740757487
35.98934000022399 0.3674894566081087 0.8093348882267648
36.09034000025605 0.21401495548302119 0.4574604655635861
36.19033000028779 0.3665888389384194 0.8072806861533
36.290320000319525 0.2148484705546766 0.45938191711568654
36.39031000035126 0.3657759734855708 0.8054272543591479
36.490300000383 0.21568634806982487 0.4613133086033394
36.59130000041506 0.3648893851749814 0.803404936925034
36.6912900004468 0.2165817223118234 0.4633748733564591
36.79128000047854 0.36410005243705046 0.8016052060085266
36.891270000510275 0.21739554815592899 0.4652509434643126
36.99126000054201 0.36330631932300594 0.7997951875644782
37.09226000057407 0.218276754396458 0.4672799284655804
37.19225000060581 0.362460980184125 0.7978670843989066
37.29224000063755 0.21906708066005276 0.4691018852430284
37.39223000066929 0.3616901739069427 0.7961093347894854
37.492220000701025 0.21986135794449624 0.4709327810920483
37.59322000073308 0.36085801493914094 0.7942111550165332
37.69321000076482 0.22070155845980255 0.47286744016290516
37.79320000079656 0.36010952641630567 0.7925042434518303
37.8931900008283 0.22147284715746382 0.4746453190804023
37.99419000086036 0.3592903636510102 0.7906355392903963
38.094180000892095 0.22229961005335372 0.47654892601894927
38.19417000092383 0.35856354667370927 0.7889779129912622
38.29416000095557 0.2230484494606152 0.47827494875208876
38.39415000098731 0.3578325883768281 0.78731048685311
38.49515000101937 0.22386190759506353 0.4801477013484434
38.59514000105111 0.35705129854322537 0.785528021015014
38.695130001082845 0.2245888311373786 0.4818230290226766
38.79512000111458 0.35634133228379294 0.7839082238269457
38.89511000114632 0.22531927286461748 0.4835062324823336
38.99611000117838 0.3555719859805565 0.7821526668220335
39.09610000121012 0.22609457787878484 0.4852908580922799
39.196090001241856 0.354882492474511 0.7805793088218937
39.296080001273594 0.22680350387801518 0.486924292393931
39.39607000130533 0.35418922727438484 0.7789970130780532
39.49707000133739 0.22756621646948805 0.48867967473825713
39.59706000136913 0.35345548435290663 0.7773224679732182
39.69705000140087 0.22825407384087695 0.4902644196308148
39.797040001432606 0.352782297833816 0.7757857887355613
39.898040001464665 0.22900431773054739 0.49199089292074616
39.9980300014964 0.35205977594171123 0.774136587861296
40.09802000152814 0.22967155447201085 0.49352801034634464
40.19801000155988 0.3514062627947747 0.7726446374510032
40.29800000159162 0.23034179026117407 0.4950718732534831
40.399000001623676 0.3506948799916684 0.771020624440677
40.498990001655415 0.23105653050445718 0.4967164573311478
40.59898000168715 0.3500606693202225 0.7695725896026628
40.69897000171889 0.23170653319186085 0.4982136167196116
40.79896000175063 0.349423252425636 0.7681169930794152
40.89996000178269 0.23240961090284762 0.4998312073562827
40.999950001814426 0.34874500458353874 0.7665685352314155
41.099940001846164 0.2330398504619694 0.5012827526241659
41.1999300018779 0.3481265235953164 0.7651560569454485
41.29992000190964 0.23367271749096308 0.5027402066907327
41.4009200019417 0.3474586521720092 0.7636311025834286
41.50091000197344 0.2343424842178016 0.5042810207910309
41.600900002005176 0.3468586416070457 0.7622607003021753
41.700890002036914 0.2349561207003965 0.5056941088480982
41.80189000206897 0.3462009385767857 0.7607587928582848
41.90188000210071 0.23561523847327623 0.5072103072521039
42.00187000213245 0.34561892470477884 0.7594293955126008
42.10186000216419 0.23621017045106396 0.5085802430482733
42.201850002195926 0.34503407176032974 0.7580933149107794
42.302850002227984 0.23685889576824645 0.5100724284693992
42.40284000225972 0.344406682233532 0.7566605903945312
42.50283000229146 0.2374356378421596 0.5114003951532942
42.6028200023232 0.3438393592511083 0.7553644691895012
42.70281000235494 0.23801477992756803 0.5127337525684061
42.803810002386996 0.34322122693161516 0.753952741018804
42.903800002418734 0.23863327575141502 0.5141563059481213
43.00379000245047 0.34267096428037724 0.7526955145835346
43.10378000248221 0.23919474692619913 0.5154488861419337
43.20377000251395 0.3421181252152521 0.751432222090942
43.30477000254601 0.23980382202115547 0.5168496790852406
43.404760002577746 0.3415282183828966 0.7500849268796461
43.504750002609484 0.24034811883429785 0.5181026220163032
43.60474000264122 0.3409919718187646 0.7488594581903762
43.70473000267296 0.2408946180131062 0.5193604959992992
43.80573000270502 0.3404104672923868 0.7475312093574438
43.90572000273676 0.24147560879385568 0.5206966023815207
44.005710002768495 0.3398903570058872 0.7463425276438729
44.10570000280023 0.24200544682443803 0.5219160196883399
44.20569000283197 0.339367883874387 0.7451482795759246
44.30669000286403 0.24257791077608626 0.5232324310963432
44.40668000289577 0.33881264951687085 0.7438799989563649
44.50667000292751 0.2430915645827939 0.5244144888948532
44.606660002959245 0.3383058463221802 0.742721478618491
44.70665000299098 0.24360726502559146 0.5256011181268727
44.80765000302304 0.33775823247833514 0.7414704657322191
44.90764000305478 0.24415363629316544 0.5268574304571727
45.00763000308652 0.3372666557231153 0.7403466585175877
45.10762000311826 0.2446536554724178 0.5280078521987419
45.208620003150315 0.3367264986737214 0.7391125324904491
45.308610003182054 0.2451923093299585 0.5292463176433726
45.40860000321379 0.3362497051211607 0.7380224143415215
45.50859000324553 0.24567710572126947 0.5303615754932101
45.60858000327727 0.3357706757683395 0.736927022171241
45.70958000330933 0.24620821461859688 0.5315825757576165
45.809570003341065 0.3352543897261483 0.7357473377237689
45.9095600033728 0.24667823830913516 0.5326637024527181
46.00955000340454 0.3347896710734206 0.7346845482508413
46.10954000343628 0.2471502364401662 0.5337492325488635
46.21054000346834 0.33428013650287647 0.7335201112723677
46.31053000350008 0.2476576639199951 0.5349156414347411
46.410520003531815 0.33382931190877085 0.7324889774699028
46.51051000356355 0.24811538056256022 0.5359681836477725
46.61050000359529 0.33337637123918495 0.7314528608066695
46.71150000362735 0.2486159794273525 0.5371187804716349
46.81149000365909 0.33288907736288953 0.7303391322975195
46.911480003690826 0.2490598491789423 0.5381393475307639
47.011470003722565 0.3324496012855197 0.7293337086828999
47.1114600037543 0.24950561859486395 0.5391641656887103
47.21246000378636 0.331968475132401 0.7282339082711586
47.3124500038181 0.24998420777021102 0.5402640468893272
47.41244000384984 0.33154208125732076 0.7272583188605575
47.512430003881576 0.2504166023730374 0.5412579995390687
47.612420003913314 0.3311136827130209 0.7262780329686302
47.71342000394537 0.250889002011321 0.5423435591415338
47.81341000397711 0.33065335268119445 0.7252256724911921
47.91340000400885 0.25130843304575423 0.5433076070410325
48.01339000404059 0.33023763295850606 0.7242743294141651
48.113380004072326 0.25172970898265823 0.5442758041814932
48.214380004104385 0.3297829714715318 0.7232347891213076
48.31437000413612 0.25218163426682094 0.5453142137246902
48.41436000416786 0.3293795660924882 0.7223115754663723
48.5143500041996 0.2525904085658578 0.5462535935465085
48.61434000423134 0.328974243209594 0.7213839004594602
48.715340004263396 0.25303673001139604 0.5472790515059445
48.815330004295134 0.32853904427787195 0.7203888090724031
48.91532000432687 0.2534334201654328 0.5481905992206326
49.01531000435861 0.32814562087940746 0.7194883490978965
49.11530000439035 0.2538319495705965 0.5491063138715169
49.21630000442241 0.3277156143746276 0.7185050431653295
49.316290004454146 0.2542592826432317 0.5500881020448212
49.416280004485884 0.32733372121711934 0.7176309693689875
49.51627000451762 0.25464620336667787 0.5509771059720614
49.61626000454936 0.3269499511516022 0.7167525545642484
49.71726000458142 0.25506847969254076 0.5519472414349469
49.81725000461316 0.3265381281140529 0.7158108272787178
49.917240004644896 0.2554441627705647 0.552810396759662
50.017230004676634 0.3261654900678975 0.7149578967386327
50.11722000470837 0.25582167089678276 0.5536777014233496
50.21822000474043 0.3257584544875225 0.7140270447483443
50.31821000477217 0.2562262332229004 0.5546071293700328
50.41820000480391 0.3253966151690467 0.7131988375002063
50.518190004835645 0.2565928958037149 0.55544949499583
50.618180004867384 0.32503294123851867 0.7123663967416927
50.71918000489944 0.256992781054893 0.5563681513108154
50.81917000493118 0.3246429796265331 0.7114745855531956
50.91916000496292 0.25734891790243253 0.5571863157422641
51.01915000499466 0.3242897460216313 0.7106660508509277
51.119140005026395 0.2577068370537171 0.5580085371708843
51.220140005058454 0.32390425840479276 0.7097843982472041
51.32013000509019 0.25809005658044293 0.5588888963942718
51.42012000512193 0.32356116280150515 0.7089990781205757
51.52011000515367 0.258437789438662 0.5596876972426945
51.62010000518541 0.32321628118005674 0.7082096441020203
51.721100005217465 0.25881660951041685 0.5605579154317697
51.821090005249204 0.32284689671137934 0.707364801693322
51.92108000528094 0.2591544431638221 0.5613339541812756
52.02107000531268 0.32251182814086055 0.7065978390231598
52.12106000534442 0.25949400412792967 0.5621139261942187
52.22206000537648 0.32214666700965067 0.705762579146274
52.322050005408215 0.2598570695457665 0.5629479272569737
52.42204000543995 0.32182113353877184 0.7050174527450159
52.52203000547169 0.2601870393263689 0.5637058463829892
52.62202000550343 0.32149386650741674 0.7042683410142137
52.72302000553549 0.2605459300637959 0.5645302148844733
52.82301000556723 0.32114393703235367 0.7034678931135296
52.923000005598965 0.2608665761929704 0.5652666973782972
53.0229900056307 0.32082590535569144 0.7027399352668828
53.12298000566244 0.26118889481519103 0.566006994178303
53.2239800056945 0.3204799863934076 0.7019485898182243
53.32397000572624 0.26153286660968256 0.56679706117021
53.423960005757976 0.32017093013535425 0.7012411942881047
53.523950005789715 0.2618461588178326 0.567516613995378
53.62394000582145 0.3198601924994766 0.7005299414123645
53.72494000585351 0.2621861706265637 0.5682975502562138
53.82493000588525 0.3195286982386891 0.6997715771520752
53.92492000591699 0.2624907000868566 0.5689969730147459
54.024910005948726 0.3192266515552583 0.6990802416100395
54.124900005980464 0.26279685923774976 0.569700123117578
54.22590000601252 0.31889897138220336 0.6983305473744594
54.32589000604426 0.26312275841301225 0.5704486286353116
54.425880006076 0.3186053703693136 0.6976585669215107
54.52587000610774 0.26342043046361185 0.571132284932574
54.625860006139476 0.3183101392614891 0.69698284806754
54.726860006171535 0.26374255896727183 0.5718721011977679
54.82685000620327 0.3179961268965822 0.6962644108273963
54.92684000623501 0.26403197988912663 0.5725368064707581
55.02683000626675 0.31770907928979 0.695607443587587
55.12682000629849 0.26432297697227103 0.5732051189841103
55.227820006330546 0.3173987063067293 0.6948972826898214
55.327810006362284 0.26463171775858063 0.5739141731547104
55.42780000639402 0.31711961485774465 0.6942585445732785
55.52779000642576 0.26491471606353767 0.5745641151343017
55.62879000645782 0.31681289993160855 0.6935567061421954
55.72878000648956 0.26521984906577245 0.5752648591938914
55.828770006521296 0.316541544087081 0.6929356903226602
55.928760006553034 0.26549506890642427 0.5758969375494694
56.02875000658477 0.31626859328499746 0.6923110118003506
56.12975000661683 0.265796574779943 0.5765893307660419
56.22974000664857 0.3159746700096039 0.691638431059105
56.32973000668031 0.2660642309225115 0.5772040395278566
56.429720006712046 0.3157092218599502 0.6910309363728939
56.529710006743784 0.26633342787896475 0.5778222756857132
56.63071000677584 0.3154187997603266 0.6903663249809622
56.73070000680758 0.2666223957241163 0.5784858702497453
56.83069000683932 0.31516064819696676 0.6897755387598292
56.93068000687106 0.2668842586174467 0.5790872646426082
57.030670006902795 0.31490096476192275 0.68918122831505
57.131670006934854 0.26716975779703667 0.5797428800648374
57.23166000696659 0.3146226880979597 0.6885443960917947
57.33165000699833 0.2674244941995787 0.5803279089229285
57.43164000703007 0.3143700847993005 0.6879662937490427
57.53163000706181 0.26768071736681365 0.5809163398579731
57.632630007093866 0.3140951584078482 0.6873370900319142
57.732620007125604 0.2679543347998299 0.5815446685537129
57.83261000715734 0.3138494400584575 0.6867747480382547
57.93260000718908 0.268203652358717 0.5821172404216535
58.03259000722082 0.31360225408670594 0.6862090260401077
58.13359000725288 0.26847396682148605 0.582737970691094
58.233580007284615 0.3133388478855724 0.6856061746368991
58.333570007316354 0.2687165656235163 0.5832951099510764
58.43356000734809 0.3130983400302315 0.685055734389517
58.53355000737983 0.2689605835912936 0.5838554937690255
58.63455000741189 0.31283812332180627 0.684460147036936
58.73454000744363 0.2692196248334865 0.5844503267020684
58.834530007475365 0.3126041069745211 0.6839245577675457
58.9345200075071 0.26945711284469553 0.5849957073577161
59.03451000753884 0.31236868905298965 0.6833857348758632
59.1355100075709 0.2697129903282809 0.5855832553552487
59.23550000760264 0.3121193864295868 0.6828151091946011
59.33549000763438 0.26994411437945043 0.5861140131419806
59.435480007666115 0.3118902789510014 0.6822907190677019
59.536480007698174 0.2701968074653093 0.5866942286242516
59.63647000772991 0.3116440254928725 0.6817270382094565
59.73646000776165 0.2704217225856945 0.5872107187129938
59.83645000779339 0.31142106919415413 0.6812167143190329
59.93644000782513 0.2706479719070145 0.587730256357244
60.037440007857185 0.3111778842574754 0.6806600240302219
60.13743000788892 0.27089005877013106 0.5882861019321783
60.23742000792066 0.31096092910305484 0.6801634208709273
60.3374100079524 0.27111023854842486 0.5887916903419277
60.43740000798414 0.31074266067013157 0.6796637820634333
60.5384000080162 0.27134923255066257 0.5893404138262559
60.638390008047935 0.31050973831610396 0.6791305619137211
60.73838000807967 0.2715634747535699 0.5898323545943995
60.83837000811141 0.31029733516347024 0.6786443291402211
60.93836000814315 0.27177893990059354 0.590327084505482
61.03936000817521 0.3100673863296304 0.6781178822720668
61.13935000820695 0.27200776833191 0.5908524488765554
61.239340008238685 0.30986071891805755 0.6776447567653276
61.33933000827042 0.27221740139036466 0.5913337692624254
61.43932000830216 0.3096528474290836 0.6771688435421086
61.54032000833422 0.2724431852000395 0.5918521193202242
61.64031000836596 0.30943272484736584 0.6766648612655968
61.740300008397696 0.2726470844194345 0.5923202515335846
61.840290008429434 0.30923048676052434 0.6762018170181405
61.94129000846149 0.27286977308126326 0.5928314689011227
62.04128000849323 0.3090132798522175 0.6757044721859784
62.14127000852497 0.2730680417975986 0.5932866488562616
62.24126000855671 0.30881656391103185 0.6752540427886422
62.341250008588446 0.27326738430399244 0.5937442704620488
62.442250008620505 0.30860230394503674 0.6747634089942278
62.54224000865224 0.2734803501948565 0.5942331372181475
62.64223000868398 0.30841099595797816 0.6743253345887545
62.74222000871572 0.27367416345592255 0.5946780392177997
62.84221000874746 0.3082186121913706 0.6738847685782146
62.943210008779516 0.27388410420929066 0.5951599351385894
63.043200008811255 0.3080136887567052 0.6734154813712534
63.14319000884299 0.2740725080591565 0.5955923936719287
63.24318000887473 0.30782660354591385 0.6729870230452462
63.34317000890647 0.27426188542606544 0.5960270641844789
63.44417000893853 0.30762453893284036 0.6725242511716911
63.544160008970266 0.2744625288203496 0.5964875902002786
63.644150009002004 0.30744263241525827 0.6721076279504135
63.74414000903374 0.27464661638598575 0.596910093304881
63.8451400090658 0.307243435952281 0.6716513952960912
63.94513000909754 0.27484434489340237 0.5973639045075196
64.04512000912928 0.30706658770327644 0.6712463333839125
64.14511000916102 0.2750232678971002 0.5977745291523506
64.24510000919275 0.3068887600159663 0.670839005421664
64.34610000922481 0.27521808159272265 0.5982216272351182
64.44609000925655 0.30669835338607365 0.670402878669607
64.54608000928829 0.27539196537583666 0.5986206627540014
64.64607000932003 0.3065254658663147 0.670006844968607
64.74606000935177 0.2755667428436641 0.5990217291428124
64.84706000938382 0.3063378099164834 0.6695769948369401
64.94705000941556 0.2757528379116321 0.5994487936538229
65.0470400094473 0.3061697424342752 0.6691919822027881
65.14703000947904 0.27592270230427685 0.5998385630413772
65.24702000951078 0.3060007723005592 0.6688048827410586
65.34802000954284 0.27610601698722737 0.6002592270144436
65.44801000957457 0.30582146895133444 0.6683941455113085
65.54800000960631 0.2762710921209818 0.6006379855961086
65.64799000963805 0.30565720000379015 0.6680177986156832
65.74798000966979 0.2764369945975921 0.6010186253077365
65.84898000970185 0.3054805234419926 0.6676130608631148
65.94897000973359 0.27661204354705804 0.6014203019919062
66.04896000976532 0.3053208383588172 0.667247199532206
66.14895000979706 0.27677328211936725 0.6017902215496584
66.24995000982912 0.30514678326423794 0.6668484509372186
66.34994000986086 0.27694568839641376 0.6021858178816841
66.4499300098926 0.3049915665586791 0.6664928119882729
66.54992000992434 0.2771023833062004 0.6025452949473764
66.64991000995607 0.304835514031669 0.6661352430707645
66.75091000998813 0.2772721584329617 0.602934838616076
66.85090001001987 0.30466926372068126 0.6657543619733586
66.95089001005161 0.27742442781172794 0.6032841459935656
67.05088001008335 0.3045175648977597 0.6654067547924747
67.15087001011509 0.27757746961953134 0.6036352120406097
67.25187001014714 0.30435380919880173 0.6650315756949188
67.35186001017888 0.2777395447498503 0.604007073855295
67.45185001021062 0.3042063528540059 0.6646936766497746
67.55184001024236 0.27788828062652016 0.604348247510722
67.65284001027442 0.30404508281813547 0.6643241801148059
67.75283001030616 0.27804786246485613 0.6047143758841855
67.8528200103379 0.3039017598551338 0.6639957403976493
67.95281001036963 0.2781924056740197 0.6050459188485346
68.05280001040137 0.3037576598589883 0.6636655083526843
68.15380001043343 0.2783495083593034 0.6054063472324511
68.25379001046517 0.3036036685168646 0.6633126790676402
68.3537800104969 0.2784899698511928 0.6057285159460135
68.45377001052864 0.30346359338726203 0.662991659634693
68.55376001056038 0.27863115480516576 0.6060523354069369
68.65476001059244 0.3033119621938698 0.6626442272414601
68.75475001062418 0.2787810971976382 0.6063963264945404
68.85474001065592 0.3031758074622094 0.662332182261316
68.95473001068765 0.27891831274942813 0.6067110327529046
69.0547200107194 0.30303893078976785 0.6620184737049728
69.15572001075145 0.27906591068245645 0.6070496359740551
69.25571001078319 0.3028941883133046 0.6616868176334889
69.35570001081493 0.2791992628021709 0.6073554742908716
69.45569001084667 0.3027611275741522 0.6613818467684052
69.55669001087873 0.27934453222364775 0.6076887276562748
69.65668001091046 0.30261862278121243 0.6610553096915828
69.7566700109422 0.2794741246968123 0.6079859381978081
69.85666001097394 0.30248927799319225 0.6607588494578653
69.95665001100568 0.279604396075786 0.6082847018828774
70.05765001103774 0.30234899839812246 0.660437403891545
70.15764001106947 0.27974301759070763 0.6086027004138073
70.25763001110121 0.30222327158817663 0.6601492310053692
70.35762001113295 0.27986963507992435 0.6088930813262006
70.45761001116469 0.30209687109591477 0.6598595089876258
70.55861001119675 0.28000606061282984 0.6092060361342244
70.65860001122849 0.3019629979787215 0.6595527405719559
70.75859001126022 0.28012912457661565 0.6094882658981726
70.85858001129196 0.30184011652932974 0.6592710810416347
70.95958001132402 0.2802633739807122 0.6097962232782361
71.05957001135576 0.30170834598009133 0.6589691254513363
71.1595600113875 0.2803829850734033 0.6100705343841994
71.25955001141924 0.30158888751817114 0.6586953095774506
71.35954001145097 0.28050323844959946 0.6103463180819668
71.46054001148303 0.30145920167532836 0.6583981269290495
71.56053001151477 0.2806313385185265 0.6106401689677798
71.66052001154651 0.30134307157405305 0.6581319385952966
71.76051001157825 0.28074824183790026 0.6109082715538006
71.86050001160999 0.301226308782349 0.657864297490196
71.96150001164204 0.28087429993715274 0.6111974352515537
72.06149001167378 0.3011025610999467 0.657580722575124
72.16148001170552 0.28098794470555966 0.6114580674312808
72.26147001173726 0.30098903567334834 0.6573205016874639
72.36247001176932 0.28111197691222445 0.6117425820093558
72.46246001180106 0.3008672556637809 0.6570414329835961
72.5624500118328 0.2812224495781096 0.6119959427235422
72.66244001186453 0.3007568835025475 0.6567884399174662
72.76243001189627 0.28133352289918934 0.6122506815844364
72.86343001192833 0.3006370583309589 0.6565138483106803
72.96342001196007 0.2814518544852357 0.6125221224080435
73.0634100119918 0.30052975749319333 0.6562678952293344
73.16340001202354 0.2815598391353441 0.6127697807214227
73.26339001205528 0.3004218709255909 0.6560205978870859
73.36439001208734 0.2816762552597739 0.6130368259757657
73.46438001211908 0.3003075642554044 0.65575865360048
73.56437001215082 0.281781231493634 0.6132775875077656
73.66436001218256 0.3002026694703117 0.6555182138324289
73.76536001221461 0.28189574613285284 0.6135402691897385
73.86535001224635 0.30009021173612827 0.6552605040407333
73.96534001227809 0.2819977921327108 0.6137743129629669
74.06533001230983 0.29998823138881914 0.6550267444759394
74.16532001234157 0.28210039278659726 0.614009628815626
74.26632001237363 0.2998776091378047 0.6547732384398208
74.36631001240536 0.2822096119223856 0.6142601651759172
74.4663000124371 0.29977846779256767 0.654545986092081
74.56629001246884 0.28230935815330327 0.6144889366951456
74.66628001250058 0.2996787868463858 0.6543174953946074
74.76728001253264 0.2824167805236948 0.6147353494946106
74.86727001256438 0.299573290920387 0.654075737554527
74.96726001259611 0.28251374628866377 0.6149577460695888
75.06725001262785 0.2994763760514425 0.6538535868626849
75.16825001265991 0.28261938643045004 0.6152000686263426
75.26824001269165 0.29937261411021143 0.6536158002706571
75.36823001272339 0.2827136438983332 0.6154162555621956
75.46822001275513 0.29927839383954813 0.6533998256894824
75.56821001278686 0.28280841165478987 0.6156336124625406
75.66921001281892 0.29917635178582447 0.6531659781542132
75.76920001285066 0.28290913658712635 0.6158646613122931
75.8691900128824 0.2990847563438709 0.6529560197143347
75.96918001291414 0.2830012657858162 0.6160759682116823
76.06917001294588 0.29899266529884083 0.6527449239434602
76.17017001297793 0.2831003088707489 0.6163031569863975
76.27016001300967 0.29889538074564836 0.6525219791878145
76.37015001304141 0.283189867938063 0.6165085706599571
76.47014001307315 0.29880584729122184 0.652316745427195
76.57114001310521 0.28328724417187257 0.6167319337781474
76.67113001313695 0.2987101852715346 0.6520975167757959
76.77112001316868 0.283374299896443 0.6169316072610953
76.87111001320042 0.29862314322447103 0.6518979933118008
76.97110001323216 0.2834618238496126 0.617132354063954
77.07210001326422 0.2985290892125979 0.6516824476017535
77.17209001329596 0.28355464238172656 0.6173452630614862
77.2720800133277 0.29844447396886886 0.6514884863516479
77.37207001335943 0.28363972734656495 0.6175404170732701
77.47206001339117 0.2983594046404714 0.6512934831662043
77.57306001342323 0.2837309750428222 0.6177497206839577
77.67305001345497 0.29826976142923056 0.651088045678927
77.7730400134867 0.28381368437276655 0.6179394271083827
77.87303001351845 0.2981870568087096 0.6508984624158054
77.9740300135505 0.28390337644419394 0.6181451603003763
78.07402001358224 0.29809892856130327 0.6506964948323368
78.17401001361398 0.28398377197367974 0.6183295608646722
78.27400001364572 0.2980185273571476 0.650512190988195
78.37399001367746 0.28406459615205315 0.6185149439480897
78.47499001370952 0.2979318993779789 0.6503136597573733
78.57498001374125 0.28415006613284555 0.6187109926327761
78.67497001377299 0.29785374177170254 0.6501344982088431
78.77496001380473 0.2842286359423277 0.6188912060632545
78.87596001383679 0.29776859895700236 0.6499393688364385
78.97595001386853 0.2843126417642058 0.6190838942707666
79.07594001390027 0.2976926265665032 0.6497652157383182
79.175930013932 0.28438901584955956 0.6192590724949709
79.27592001396374 0.29761624006398757 0.6495901124328296
79.3769200139958 0.28447157270089074 0.6194484351656149
79.47691001402754 0.29753510930649774 0.6494041776118453
79.57690001405928 0.2845458082909065 0.6196187093842065
79.67689001409101 0.2974608522899219 0.6492339549574733
79.77688001412275 0.2846204354471934 0.6197898811317715
79.87788001415481 0.2973811186111266 0.6490512202685594
79.97787001418655 0.2846990846307077 0.619970280451354
80.07786001421829 0.2973089357232409 0.6488857513750057
80.17785001425003 0.2847716281871483 0.6201366740242298
80.27885001428209 0.29723058416293924 0.6487061826253915
80.37884001431382 0.2848489151793172 0.6203139469853403
80.47883001434556 0.2971604213970257 0.6485453436753219
80.5788200143773 0.28491942941179593 0.6204756867892236
80.67881001440904 0.29708988099479794 0.6483836381396269
80.7798100144411 0.28499536920971236 0.6206498678188566
80.87980001447283 0.29701524135816504 0.6482125760636337
80.97979001450457 0.2850639070771258 0.6208070752042327
81.07978001453631 0.2969466695934704 0.6480553824076307
81.18078001456837 0.28513851492759146 0.6209781993637975
81.28077001460011 0.2968733286747478 0.6478872952139669
81.38076001463185 0.2852051280818988 0.6211309927560915
81.48075001466358 0.2968066743237552 0.6477344960244213
81.58074001469532 0.2852720972453976 0.621284602138128
81.68174001472738 0.29673461744336804 0.6475693501660218
81.78173001475912 0.28534315829401335 0.6214475905823913
81.88172001479086 0.2966698305293267 0.6474208308656526
81.9817100148226 0.28540825199970554 0.62159689888448
82.08170001485433 0.2966046999476837 0.6472715228211801
82.1827000148864 0.28547806254960384 0.6217570174502418
82.28269001491813 0.2965360745596467 0.6471142410856889
82.38268001494987 0.28554132976175484 0.6219021369360367
82.48267001498161 0.29647276384058796 0.6469691038373471
82.58367001501367 0.285609904652661 0.622059419786658
82.6836600150454 0.2964053437590455 0.6468145831258432
82.78365001507714 0.28567139314118917 0.6222004599905184
82.88364001510888 0.29634380552031525 0.6466735080335129
82.98363001514062 0.2857332054360109 0.6223422423958458
83.08463001517268 0.2962775764699157 0.6465217156999881
83.18462001520442 0.28579850375266524 0.622492009466713
83.28461001523615 0.29621776449391823 0.6463845968198823
83.38460001526789 0.2858585828401857 0.6226298169515809
83.48560001529995 0.2961527120308278 0.6462354998276743
83.58559001533169 0.2859227222330851 0.6227769245257253
83.68558001536343 0.29609458124107324 0.6461022338292044
83.78557001539517 0.2859811134110912 0.6229108609428158
83.8855600154269 0.2960361394485035 0.645968253835727
83.98656001545896 0.2860441082440631 0.6230553420487173
84.0865500154907 0.29597419718664675 0.6458262847120477
84.18654001552244 0.28610085570837873 0.6231855086595406
84.28653001555418 0.2959173938539654 0.6456960595037531
84.38753001558624 0.28616272049093483 0.6233273966105624
84.48752001561797 0.29585655469117844 0.6455566172636651
84.58751001564971 0.2862178673419927 0.6234538922225474
84.68750001568145 0.295801347058521 0.645430048874085
84.78749001571319 0.2862733071768663 0.6235810593255064
84.88849001574525 0.2957415970575177 0.6452931016739494
84.98848001577699 0.28633220496861833 0.6237161416641546
85.08847001580872 0.2956879434112384 0.6451700945413363
85.18846001584046 0.2863860850841077 0.6238397315302624
85.2884500158722 0.2956340078483459 0.645046440058239
85.38945001590426 0.28644392430405974 0.6239723848621592
85.489440015936 0.29557712816999404 0.6449160711783253
85.58943001596774 0.28649628557126383 0.6240924912078283
85.68942001599947 0.2955247070519036 0.6447958873887605
85.79042001603153 0.28655308013583536 0.6242227475636963
85.89041001606327 0.2954688474981406 0.6446678555211083
85.99040001609501 0.28660396242032615 0.6243394618020925
86.09039001612675 0.29541790125897094 0.644551051781661
86.19038001615849 0.28665511024567525 0.6244567846078186
86.29138001619054 0.2953630484528468 0.6444253263464206
86.39137001622228 0.2867091685252494 0.6245807647210166
86.49136001625402 0.29531353849564235 0.6443118142322013
86.59135001628576 0.28675887522399823 0.6246947822191595
86.69235001631782 0.2952596789795313 0.6441883644544344
86.79234001634956 0.28681195588051356 0.6248165193111443
86.8923300163813 0.29521156765223033 0.6440780577062211
86.99232001641303 0.2868602592691736 0.6249273182189374
87.09231001644477 0.29516320220477843 0.6439671673782676
87.19331001647683 0.2869123756066533 0.6250468429146228
87.29330001650857 0.2951119384756863 0.6438496671210769
87.3932900165403 0.28695931257248597 0.6251545078184706
87.49328001657204 0.2950649360561013 0.6437419006147693
87.5942800166041 0.2870104779506001 0.6252718508686916
87.69427001663584 0.2950146015635928 0.6436265293362275
87.79426001666758 0.28705608447601083 0.6253764642795256
87.89425001669932 0.29496892644386496 0.6435218047990854
87.99424001673106 0.2871019304396748 0.625481626375235
88.09524001676311 0.2949195083519468 0.6434085331244677
88.19523001679485 0.2871506234793274 0.6255932989242652
88.29522001682659 0.2948751256782459 0.6433067707062312
88.39521001685833 0.2871951731040363 0.6256954877084331
88.49520001689007 0.2948305132771587 0.6432044806867765
88.59620001692213 0.28724297725023995 0.6258051211634696
88.69619001695386 0.2947834868703564 0.6430966909461877
88.7961800169856 0.28728626468337526 0.6259044149415693
88.89617001701734 0.29474013387772713 0.6429972873966849
88.9971700170494 0.28733319263827306 0.6260120385288337
89.09716001708114 0.2946939639403702 0.6428914599777347
89.19715001711288 0.2873752511943066 0.6261085136842426
89.29714001714461 0.29465183726523125 0.6427948670891359
89.39713001717635 0.28741752629357564 0.6262054849669352
89.49813001720841 0.29460651159525364 0.6426909740403719
89.59812001724015 0.28746217786243067 0.6263078877124184
89.69811001727189 0.29456557894991575 0.6425971178470768
89.79810001730363 0.28750325574550917 0.6264021129401054
89.89910001733568 0.29452108532242394 0.6424951311578941
89.99909001736742 0.2875470891335987 0.626502639002624
90.09908001739916 0.2944813152022878 0.6424039394917425
90.1990700174309 0.2875870014319374 0.626594190696228
90.29906001746264 0.2944413383714449 0.6423122731540776
90.4000600174947 0.28763002868479925 0.6266928677549854
90.50005001752643 0.2943990030440776 0.642215233559762
90.60004001755817 0.2876688062668227 0.6267818166825756
90.70003001758991 0.2943601588678879 0.6421261633801079
90.80103001762197 0.28771103943737353 0.6268786724194064
90.9010200176537 0.29431860023277423 0.642030903274915
91.00101001768545 0.2877487124242192 0.626965087638276
91.10100001771718 0.2942808587774466 0.6419443606967667
91.20099001774892 0.2877865804874823 0.627051949661972
91.30199001778098 0.2942400652585495 0.6418508535410816
91.40198001781272 0.28782676135805285 0.6271440986333143
91.50197001784446 0.29420339730296197 0.6417667716465791
91.6019600178762 0.2878635534871272 0.6272284926414851
91.70195001790793 0.2941665425635138 0.6416822609893957
91.80295001793999 0.2879029938069021 0.6273189430851756
91.90294001797173 0.29412773434103523 0.6415933043708133
92.00293001800347 0.28793873863937625 0.6274009347364551
92.1029200180352 0.29409192525191685 0.6415111907028481
92.20392001806727 0.2879774498162918 0.6274897128031087
92.303910018099 0.2940538304681989 0.6414238685757745
92.40390001813074 0.28801217531327283 0.6275693662071813
92.50389001816248 0.2940190392327726 0.6413440882663379
92.60388001819422 0.28804707731680523 0.6276494238088848
92.70488001822628 0.2939816469277674 0.641258375528142
92.80487001825801 0.2880839022186237 0.6277338758006845
92.90486001828975 0.29394784639132265 0.6411808664267049
93.00485001832149 0.2881178116623174 0.6278116565711978
93.10585001835355 0.29391114560356424 0.6410967379909427
93.20584001838529 0.288153957430171 0.6278945508146228
93.30583001841703 0.29387830923624736 0.6410214393907099
93.40582001844876 0.28818690095993327 0.6279701158752649
93.5058100184805 0.29384530438763656 0.6409457543838482
93.60681001851256 0.28822237842095344 0.6280514771645485
93.7068000185443 0.2938103908670945 0.640865722754369
93.80679001857604 0.28825438210182264 0.6281248863240441
