0.001020000000000002 0.4774853642882254 1.191399693320161
0.08888999999999823 0.5196726275782496 1.2159406325678246
0.17979000000003903 0.4444402160078303 1.133497458913113
0.2686700000001279 0.5133586876076442 1.1931310898698255
0.3565400000002158 0.4324025916108017 1.0901967342363594
0.4464300000003057 0.5042574225031767 1.1830497332678491
0.5343000000002032 0.42044312979194987 1.0571664212451592
0.6231799999997987 0.49787461959722895 1.165675281589884
0.7120599999993942 0.4088126118881401 1.0298742347839118
0.8009399999989897 0.49033409226709856 1.1489835687996441
0.8898199999985852 0.39846544177277543 1.001806729658694
0.9786999999981807 0.48277165860064764 1.132978621690628
1.0675799999985265 0.3883856718339115 0.9759497980423304
1.1564599999991088 0.47552411507732595 1.1162793241455304
1.245339999999691 0.37870206414389773 0.9513604683953569
1.3342200000002733 0.4683176455562563 1.10001042306912
1.4231000000008556 0.36941467053783894 0.9275235490887823
1.5119800000014378 0.46121785072873667 1.0838824831323257
1.5998500000020135 0.3609836657962655 0.9060958100933325
1.6887300000025958 0.454875010326256 1.0693653425381866
1.777610000003178 0.3523485174895945 0.8841924808165147
1.8664900000037603 0.44809371237157436 1.0537883176802931
1.9553700000043426 0.3439543286550931 0.8629184245892985
2.044250000004925 0.44139861028033545 1.0383493882497374
2.1321200000055005 0.3362457657583904 0.8434344623616807
2.2210000000060828 0.4353315989024299 1.0243537199599029
2.309880000006665 0.32838870054870095 0.823605755434742
2.3987600000072473 0.42893134993747484 1.0095175693256464
2.4876400000078296 0.32070315818092365 0.8042352128990182
2.576520000008412 0.422593965412862 0.9947852207938479
2.6643900000089875 0.313634262121391 0.7864343681074026
2.75327000000957 0.4168561870476575 0.9814612771837927
2.842150000010152 0.30639068704905503 0.7682246067551302
2.9310300000107343 0.4107855241438342 0.9672951970521315
3.0199100000113166 0.2992641440459616 0.7503413763613298
3.108790000011899 0.4047569262737687 0.9531944991865937
3.1966600000124745 0.29276853348219356 0.7340336798186797
3.285540000013057 0.3993643863348256 0.9406040355809053
3.374420000013639 0.2860212158547294 0.7171264815028611
3.4633000000142213 0.39357621102260726 0.9270238360664984
3.551170000014797 0.27979019171275954 0.7015212157528428
3.6400500000153793 0.38833271798259594 0.9147445940314025
3.7289300000159615 0.27337614715655967 0.6854786275914071
3.817810000016544 0.38277135048225763 0.9016680863073945
3.906690000017126 0.2670333446495665 0.6696174840511548
3.9945600000177017 0.37768613548303454 0.8897289577115775
4.083440000014578 0.26129761636395665 0.655270781581041
4.172320000011213 0.3723367394863315 0.877123747022579
4.2612000000078485 0.25523461708554485 0.6401350472738265
4.349070000004522 0.3674141407787299 0.865539494886669
4.437950000001157 0.24972254429200144 0.6263782468009849
4.526829999997792 0.36226126607677733 0.8533709498078412
4.6157099999944275 0.243923351149542 0.611911645983565
4.703579999991101 0.3575006382296334 0.8421400732680939
4.792459999987736 0.2386440769285103 0.5987424231728489
4.881339999984371 0.3525284006942937 0.8303706186261084
4.970219999981007 0.2331033899500946 0.5849452337936878
5.05808999997768 0.34792974875365057 0.8194952792681898
5.146969999974315 0.22807783310421706 0.5724338809112717
5.2358499999709505 0.3431279904215008 0.8080985127412177
5.324729999967586 0.22281064413122853 0.5593278037385407
5.412599999964259 0.3386929517102264 0.7975858885550524
5.501479999960894 0.21804916277539788 0.5474743240930002
5.5903599999575295 0.3340516045892603 0.7865438239004874
5.679239999954165 0.2130275920541388 0.5350008331711287
5.767109999950838 0.3297782372648922 0.7763957799972188
5.855989999947473 0.2084997590754798 0.523744741451948
5.944869999944109 0.32528536853679135 0.7656873230979855
6.033749999940744 0.20369268587564904 0.51180523805332
6.121619999937417 0.3211676772592523 0.7558962543539605
6.210499999934052 0.19937521745730713 0.5010623008871229
6.299379999930688 0.3168101717215105 0.745496876742513
6.387249999927361 0.19507354874855587 0.4903660450120584
6.476129999923996 0.312840693918062 0.7360475763425911
6.5650099999206315 0.1906081516956042 0.4792874741224362
6.653889999917267 0.30860805778772116 0.7259342730494223
6.74175999991394 0.18648784633926785 0.4690363576447698
6.830639999910575 0.3047807675894617 0.7168154643406255
6.919519999907211 0.1821760064809671 0.45832436009826116
7.008399999903846 0.3006654300504885 0.7069745180423248
7.096269999900519 0.17822175230331738 0.4484818078118513
7.185149999897154 0.29697597114314056 0.6981797383743271
7.27402999989379 0.17404273955156824 0.4381046115053411
7.361899999890463 0.2932861492325469 0.6893814424390521
7.450779999887098 0.17024718640243797 0.42864846532535417
7.5396599998837335 0.2894179827411715 0.6801281365648948
7.628539999880369 0.16620140488577373 0.41858027878924897
7.716409999877042 0.28586367657125855 0.6716530854202873
7.805289999873677 0.1625578998228281 0.40949193681011353
7.8941699998703125 0.2820984817973625 0.6626447679020986
7.982039999866986 0.15892444563629526 0.40043265521625404
8.070919999863621 0.2786760805014753 0.6544829073186542
8.159799999860256 0.15513142854104256 0.39099148195760325
8.248679999856892 0.2750094736081211 0.6457072360008032
8.336549999853565 0.15165052041726268 0.3822936236144381
8.4254299998502 0.27171496401933726 0.6378472047802841
8.514309999846835 0.14797336611250078 0.37312718036460746
8.602179999843509 0.2684246060125287 0.6299930120134412
8.691059999840144 0.14463249156826274 0.3647843775727355
8.77993999983678 0.2649716347200527 0.6217235722082437
8.868819999833415 0.1410624342448349 0.35588867677620595
8.956689999830088 0.26180644705483735 0.6141636309777265
9.045569999826723 0.13786953948321778 0.3478984075113267
9.134449999823358 0.25844074980252973 0.6060982943621895
9.222319999820032 0.13469221195739167 0.3399528612784364
9.311199999816667 0.2553974601282143 0.5988230531547845
9.400079999813302 0.13135660695609253 0.3316293223919242
9.487949999809976 0.2523618261029348 0.5915601348197574
9.57682999980661 0.1283146548268581 0.3240284620221523
9.665709999803246 0.24919046950914026 0.583951428938867
9.754589999799881 0.1250839219183537 0.31594719454398623
9.842459999796555 0.24627284141053152 0.5769643371169475
9.93133999979319 0.12217819775989802 0.3086705823040159
10.020219999789825 0.24317861604510926 0.5695359890402263
10.108089999786499 0.11928668631743544 0.3014335935708323
10.196969999783134 0.2403754885987626 0.5628173826495053
10.285849999779769 0.116256534926368 0.29385120844056534
10.373719999776442 0.23758157352144824 0.5561159853535114
10.462599999773078 0.11349622961485249 0.28692329417884244
10.551479999769713 0.2346632260908308 0.5491040650047574
10.640359999766348 0.11055462504567205 0.27954986633278445
10.728229999763021 0.23197934404189968 0.5426600959457906
10.817109999759657 0.10791080432053524 0.27291974103219596
10.905989999756292 0.22912906664304314 0.5358066301292541
10.993859999752965 0.10528854971801704 0.26632597782905165
11.0827399997496 0.22655118329717008 0.5296110080351468
11.171619999746236 0.10253133767651545 0.2593929339055667
11.25948999974291 0.22398296438076107 0.5234348816430368
11.348369999739544 0.100018083919174 0.25307161251281185
11.43724999973618 0.2212916202639763 0.5169603006733414
11.526129999732815 0.09733380468866393 0.24630715738347408
11.613999999729488 0.21882611822711873 0.5110288583487166
11.702879999726123 0.09493247514099035 0.24024235290388551
11.791759999722759 0.21619606393325652 0.5047020669052604
11.879629999719432 0.09254184549459277 0.2342055067148907
11.968509999716067 0.213829727653555 0.4990082966692233
12.057389999712703 0.09001571284691823 0.22781562845158865
12.145259999709376 0.21147333218930475 0.49333690524356877
12.234139999706011 0.08773142286414848 0.2220208406026436
12.323019999702646 0.20898746182102965 0.4873589026914815
12.41088999969932 0.08545779161193134 0.21625387328005896
12.499769999695955 0.2067251152730675 0.48191330095346263
12.58864999969259 0.08307947995609366 0.21021201517082977
12.677529999689225 0.2042920854781577 0.4760624065574204
12.765399999685899 0.08090738158232569 0.20467618443323898
12.854279999682534 0.20211912208151528 0.47083025203505935
12.94315999967917 0.07859016616041237 0.1987671560477966
13.031029999675843 0.1999544878957462 0.46561614717652855
13.119909999672478 0.07650717642332505 0.19345574844881197
13.208789999669113 0.19764822896983694 0.460067454049673
13.296659999665787 0.07444366875595021 0.18817236823606143
13.385539999662422 0.1955674903088802 0.4550520388975854
13.474419999659057 0.07226210676902867 0.1825846930134989
13.56228999965573 0.19349470306425642 0.4500537888915912
13.651169999652366 0.07028384169848767 0.1775180256670339
13.740049999649 0.19130624936545249 0.4447824567351599
13.827919999645674 0.06832541922297486 0.1724792761976346
13.91679999964231 0.18931442190345982 0.43997709512926253
14.005679999638945 0.06627160166398116 0.16719429025630062
14.093549999635618 0.18733173035164807 0.43519369854331247
14.182429999632253 0.06439447111328112 0.16236051743493407
14.271309999628889 0.18525708539067332 0.43019227729524934
14.360189999625524 0.06239534690618198 0.15718668543022174
14.448059999622197 0.18335418225711897 0.42560213986732043
14.536939999618832 0.06060309858586222 0.15254660427435063
14.625819999615468 0.1813222711520247 0.42070277613454055
14.713689999612141 0.058822514165000166 0.1479291066766253
14.802569999608776 0.1794977937132033 0.4163046669519499
14.891449999605411 0.056939707021696824 0.14302246769938298
14.979319999602085 0.17768374069785575 0.41193394240706116
15.06819999959872 0.05524025056905024 0.13858903810367584
15.157079999595355 0.17576177481508504 0.40730103921501337
15.244949999592029 0.053553525603734276 0.1341797819297108
15.333829999588664 0.17402455059026845 0.4031188102036176
15.4227099995853 0.0517822414638942 0.12952852441140417
15.510579999581973 0.17229820221369985 0.39896458155065373
15.599459999578608 0.05017404706663353 0.1253003707836875
15.688339999575243 0.17048122580820935 0.3945867575336215
15.776209999571916 0.04858159332035972 0.12109926881392896
15.865089999568552 0.16882818274629774 0.39061103292806765
15.953969999565187 0.04691789538765401 0.11669667856314403
16.041839999561862 0.1671849968549748 0.3866591676496389
16.130719999558497 0.04539888849011253 0.11267370137881816
16.219599999555133 0.16546400204908462 0.3825122708956519
16.308479999551768 0.04378134742958084 0.10836599529490121
16.39634999954844 0.16388697356464332 0.37871796378606826
16.485229999545076 0.042338018628962026 0.10451512198693669
16.57410999954171 0.16219717506732423 0.37464372714376415
16.661979999538385 0.04090823426819812 0.1006891684203759
16.75085999953502 0.16068274174477926 0.37099795540377345
16.839739999531655 0.03939084710946095 0.0966118633783597
16.92760999952833 0.15917554502886344 0.36736857542738477
17.016489999524964 0.03802862870959833 0.09294672084727562
17.1053699995216 0.15756943189450223 0.36349295858602026
17.193239999518273 0.03668594557265947 0.08930465374813457
17.282119999514908 0.1561223356900754 0.36000679765919585
17.370999999511543 0.03526056252404075 0.08544210015855036
17.458869999508217 0.15468288631435279 0.3565385749820904
17.547749999504852 0.03398403499230396 0.0819516169757839
17.636629999501487 0.153157573936616 0.35285619058706974
17.72449999949816 0.03271697497918269 0.07848262811568363
17.813379999494796 0.1517765870911193 0.34952848627832767
17.90225999949143 0.03138751068979706 0.07482109087559863
17.990129999488104 0.15040329744251169 0.3462191388706626
18.07900999948474 0.030185071394377764 0.07149547832878689
18.167889999481375 0.14895547225340788 0.34272329082843944
18.255759999478048 0.028997643380261895 0.06819023444754047
18.344639999474683 0.1476381917067423 0.3395489138132035
18.43351999947132 0.027754580213291025 0.0647179399756781
18.521389999467992 0.1463284288919806 0.33639252317587687
18.610269999464627 0.02662836046230177 0.061548599433614015
18.699149999461262 0.14495428989270498 0.3330745683258973
18.787019999457936 0.025514416150410387 0.05839843027195535
18.87589999945457 0.14369800553071943 0.3300472055947745
18.964779999451206 0.024355812364882934 0.05510412267433207
19.05264999944788 0.14244897579239002 0.32703720362597943
19.141529999444515 0.02330023501688827 0.05208229471483916
19.23040999944115 0.14114474747186045 0.32388839632643274
19.319289999437785 0.02217753288161617 0.048850114903231656
19.40715999943446 0.13994665873960244 0.3210013549821866
19.496039999431094 0.02117806973675951 0.04595164516666417
19.58491999942773 0.13866662025360077 0.3179112063742551
19.672789999424403 0.020190665867537594 0.043069814071006185
19.761669999421038 0.13751762739084405 0.3151426054223472
19.850549999417673 0.019146204962677937 0.040001556959079476
19.938419999414347 0.13637505225909563 0.3123892319224941
20.02729999941098 0.018213510571333136 0.03723723860187267
20.116179999407617 0.1351599516350963 0.3094561616850511
20.20404999940429 0.017291957414168002 0.03448884591024104
20.292929999400926 0.13406408234398282 0.3068153547540975
20.38180999939756 0.01632528567590541 0.031575950346540704
20.469679999394234 0.13297433696195526 0.30418902509521395
20.55855999939087 0.015456100031595697 0.028939351461976237
20.647439999387505 0.13182078047149304 0.3014046821587568
20.735309999384178 0.01460416886530036 0.02631796231153949
20.824189999380813 0.1307755315513489 0.29888560643316353
20.91306999937745 0.013713093636107732 0.023552247366653845
21.000939999374122 0.12973618143807908 0.296380511412464
21.089819999370757 0.012911238130455471 0.021037186273642483
21.178699999367392 0.12864109396547407 0.2937375393135211
21.266569999364066 0.012126435372627142 0.01853660658392986
21.3554499993607 0.12764418434992864 0.29133484830148326
21.444329999357336 0.011315361676709434 0.015910228416582406
21.53219999935401 0.12665294790761494 0.2889456469574503
21.621079999350645 0.010586918141423318 0.0135106952336983
21.70995999934728 0.12561336888035668 0.2864370513686487
21.797829999343953 0.009876178456063256 0.011124915547067182
21.88670999934059 0.12466252131412615 0.28414536982851457
21.975589999337224 0.00915488430395861 0.008630382713070706
22.06446999933386 0.12364199894974559 0.2816829967969392
22.152339999330533 0.008517814213718555 0.006340658155346013
22.241219999327168 0.122729934129034 0.27948486535342987
22.330099999323803 0.007905197268691322 0.0038917799605298065
22.417969999320476 0.12182275169353918 0.27729822601268994
22.50684999931711 0.007536651204014144 0.0016946436563358702
22.595729999313747 0.12085347755227016 0.2749597477672783
22.68359999931042 0.007433421470180112 0.0004903457837435177
22.772479999307055 0.11998314596608106 0.27286186931130274
22.86135999930369 0.008353375225368831 0.002816602656097178
22.949229999300364 0.1191174886370082 0.27077497286206453
23.038109999297 0.009217032962731353 0.004913283466756457
23.126989999293635 0.11819681732574772 0.268553895421797
23.214859999290308 0.010075929008844242 0.006998241591860133
23.303739999286943 0.11736628243510794 0.2665515794981088
23.39261999928358 0.010986980557062376 0.009207911526454282
23.480489999280252 0.11654024508480143 0.26455984106779074
23.569369999276887 0.011811144350753477 0.011208566260412223
23.658249999273522 0.11566573050791185 0.2624502015323382
23.746119999270196 0.01263069802719452 0.013197875240811285
23.83499999926683 0.11487317198292991 0.2605390856108558
23.923879999263466 0.013496019853396992 0.0152966388917819
24.01174999926014 0.11408493120400576 0.25863814369184723
24.100629999256775 0.014282410179714211 0.017205429493172275
24.18950999925341 0.11325421460198326 0.25663416025775154
24.277379999250083 0.015064338684383727 0.01910323212755971
24.36625999924672 0.11249785207310126 0.25480997835768404
24.455139999243354 0.015886189321113187 0.02109649016954762
24.543009999240027 0.11174561351408119 0.25299553086026716
24.631889999236662 0.016636469268338727 0.022917401707445162
24.720769999233298 0.11095638569126566 0.2510914926661334
24.80863999922997 0.01738244583907511 0.024727699161364303
24.897519999226606 0.11023445162310752 0.24934997839112238
24.98639999922324 0.018163030670458657 0.02662066987078049
25.075279999219877 0.10945924346689717 0.24747945230807478
25.16314999921655 0.01887884858101141 0.02835765519667577
25.252029999213185 0.10876645388461526 0.24580807475278466
25.34090999920982 0.019645250647652435 0.030215988004744787
25.428779999206494 0.1080772286386884 0.24414514288310096
25.51765999920313 0.02033206665165832 0.031882495641677444
25.606539999199764 0.10734036172022043 0.2423668431945858
25.694409999196438 0.02101515165982326 0.03353985197371845
25.783289999193073 0.10667878566011946 0.24077055075958365
25.87216999918971 0.021743479728334902 0.035305720638056926
25.96003999918638 0.10602056358149015 0.2391822639418728
26.048919999183017 0.02239910929253841 0.0368964484413703
26.137799999179652 0.10531983480045382 0.23749100108453325
26.225669999176326 0.02305121705941937 0.0384785434825452
26.31454999917296 0.10468779786112647 0.2359658565757483
26.403429999169596 0.0237436401890867 0.04015727114928813
26.49129999916627 0.10405890057413325 0.23444820156718338
26.580179999162905 0.024369694026566302 0.041676100481014
26.66905999915954 0.10339216824749042 0.23283879641630145
26.756929999156213 0.0249924137936135 0.04318671000504981
26.84580999915285 0.10278800431346859 0.23138073195354547
26.934689999149484 0.025650925641812376 0.04478305588186959
27.022559999146157 0.1021867391947846 0.2299295396288148
27.111439999142792 0.026248902899747795 0.04623347537747735
27.200319999139428 0.10155189038083912 0.2283968219612853
27.2881899991361 0.026843699093521467 0.04767599136198397
27.377069999132736 0.10097400329453421 0.22700187639380642
27.46594999912937 0.027470106372875506 0.04919422140557961
27.553819999126045 0.10039885260348658 0.22561337886427557
27.64269999912268 0.028041344909726543 0.05057933306431561
27.731579999119315 0.09979407204578972 0.2241529136206677
27.81944999911599 0.028609531741159544 0.051956827873467226
27.908329999112624 0.09924114665460759 0.22281782788640125
27.99720999910926 0.029205488337452953 0.053400858697694176
28.085079999105933 0.0986908526637158 0.22148892998193892
28.173959999102568 0.029751223919076364 0.05472361632886669
28.262839999099203 0.09811460258485272 0.22009697365462655
28.351719999095838 0.030336953585622495 0.056142567686745526
28.43958999909251 0.0975855279302903 0.2188190637764431
28.528469999089147 0.030861026711561323 0.05741251124131708
28.617349999085782 0.0970185315396972 0.21744916417630877
28.705219999082455 0.03138237403402988 0.058675663381735355
28.79409999907909 0.09650997469484479 0.216220560695235
28.882979999075726 0.03193966391361336 0.06002530209482382
28.9708499990724 0.09600380363027616 0.21499758513078282
29.059729999069035 0.03244029914755031 0.06123800143409408
29.14860999906567 0.09546362911446493 0.21369212298556484
29.236479999062343 0.032938278086281025 0.06244411700534469
29.32535999905898 0.09497714034748217 0.21251649076236
29.414239999055614 0.03346845184344138 0.06372772322462694
29.502109999052287 0.0944930095543699 0.21134644939041491
29.590989999048922 0.03394662219099476 0.06488563454886132
29.679869999045557 0.09397850247823292 0.2101026958761687
29.76773999904223 0.03442220702159837 0.06603716796804715
29.856619999038866 0.09351325479384509 0.20897811226124885
29.9454999990355 0.03492652701256049 0.06725786901021769
30.033369999032175 0.09305033692394438 0.2078590775292377
30.12224999902881 0.03538317214553999 0.06836336156345046
30.211129999025445 0.09256040149077693 0.20667443728724644
30.29899999902212 0.035837304121285496 0.06946268321134097
30.387879999018754 0.09211560566414256 0.20559906587308552
30.47675999901539 0.03631697855350757 0.07062347634307908
30.564629999012062 0.09167311200851058 0.20452920246839534
30.653509999008698 0.036753010257578045 0.07167884133633118
30.742389999005333 0.09120670868939218 0.2034012249727435
30.830259999002006 0.03718660783377059 0.07272825753364964
30.91913999899864 0.09078160869985996 0.2023733183596721
31.008019998995277 0.03764281494941635 0.07383206401935238
31.09588999899195 0.09035877981682616 0.20135087992676493
31.184769998988585 0.038059144511028875 0.07483960857991301
31.27364999898522 0.08991490876664932 0.20027724584749107
31.361519998981894 0.03847313118691664 0.07584146275956272
31.45039999897853 0.08950876703805566 0.1992951246457375
31.539279998975164 0.03890702449567829 0.07689117027690484
31.627149998971838 0.08910486293542985 0.1983184162870355
31.716029998968473 0.039304536295379666 0.0778531278601502
31.80490999896511 0.08868256507103223 0.19729689428937824
31.893789998961743 0.03973082387050553 0.07888439542856895
31.981659998958417 0.08829467580862105 0.19635891956817364
32.07053999898011 0.040112436769168314 0.07980787806786127
32.15941999900832 0.0878797367090065 0.19535519105404742
32.24728999903621 0.04049195382428139 0.0807263009137138
32.336169999064424 0.08750735098019402 0.19445473849112327
32.425049999092636 0.04089736858777171 0.08170706102018643
32.51291999912053 0.08713702760258457 0.1935592996554214
32.60179999914874 0.041261701822984054 0.08258877059432734
32.69067999917695 0.0867424538471574 0.19260486588751347
32.77854999920484 0.0416240040066691 0.08346558667703396
32.86742999923305 0.0863869961328596 0.191745427803669
32.956309999261265 0.042009527733309904 0.08439825896493502
33.044179999289156 0.0860335628820521 0.1908909158447103
33.13305999931737 0.04235731598795822 0.0852399986761565
33.22193999934558 0.08565847076801325 0.18998367252206494
33.30980999937347 0.042703125533379516 0.08607697284371829
33.39868999940168 0.08531928617637918 0.18916367310033433
33.487569999429894 0.04306966236300547 0.0869637680951163
33.575439999457785 0.08498208461538914 0.18834849472859627
33.664319999486 0.0434015853052655 0.08776718640475245
33.75319999951421 0.08462561937985302 0.1874863804077309
33.8410699995421 0.04373158317125603 0.08856596586563903
33.92994999957031 0.08430206150021369 0.1867042428721155
34.01882999959852 0.04407999597236112 0.08940898113843909
34.106699999626414 0.08398043768999175 0.18592679991248362
34.195579999654626 0.04439671026898917 0.09017565666293859
34.28445999968284 0.08364176276450297 0.18510778600779876
34.37232999971073 0.04471155145136041 0.09093781335284268
34.46120999973894 0.08333319835540964 0.18436196046842657
34.55008999976715 0.045042666709458 0.0917390430485443
34.637959999795044 0.08302651942378647 0.18362070841346778
34.726839999823255 0.045344803178826276 0.092470493296537
34.81571999985147 0.08270483336971124 0.18284285010188306
34.90358999987936 0.04564511859219822 0.09319755073899927
34.99246999990757 0.0824106504433395 0.18213185179266622
35.08134999993578 0.045959732010457444 0.09395892150746432
35.16921999996367 0.08211829996605513 0.18142529798408358
35.258099999991884 0.046247900624034166 0.09465662251652018
35.346980000020096 0.08181281975984944 0.18068670151317745
35.43586000004831 0.04655674342104166 0.09540407680909135
35.5237300000762 0.08153240838179976 0.18000905115843624
35.61261000010441 0.04683318206523024 0.09607342604115443
35.70149000013262 0.08123260522504583 0.17928422871149596
35.789360000160514 0.0471079756131868 0.09673880248568523
35.878240000188725 0.08096370391500551 0.17863443609286156
35.96712000021694 0.04740135981563176 0.09744890542658924
36.05499000024483 0.08069643796756265 0.17798860229847335
36.14387000027304 0.04766494902892071 0.09808718803807626
36.23275000030125 0.08041175031676562 0.17730037884994276
36.32062000032914 0.047926946663554015 0.09872162040437393
36.409500000357355 0.08015544580118694 0.17668106237925807
36.498380000385566 0.048205613617586685 0.09939614379598227
36.58625000041346 0.07990070852481823 0.17606553348606946
36.67513000044167 0.04845691799208296 0.1000047064206977
36.76401000046988 0.07963036774584153 0.17541203142595885
36.85188000049777 0.04870668656155763 0.10060954838522207
36.940760000525984 0.07938606738085519 0.17482174026772768
37.029640000554195 0.0489713531919298 0.1012502103626689
37.11751000058209 0.07914326923507942 0.17423507437976937
37.2063900006103 0.049210921599864954 0.10183036654076716
37.29527000063851 0.07888654631645908 0.17361451609847478
37.3831400006664 0.04944901013391412 0.10240693353377184
37.47202000069461 0.07865368759155122 0.17305187674775402
37.560900000722825 0.04970036393297517 0.10301538614058137
37.648770000750716 0.07842226975639977 0.17249271102756092
37.73765000077893 0.049928725420819935 0.10356840607943507
37.82653000080714 0.0781784760622134 0.1719034209845316
37.91440000083503 0.050155662233106635 0.1041179679495019
38.00328000086324 0.07795652585222534 0.17136713576576534
38.092160000891454 0.050394360061442815 0.10469579339683621
38.180030000919345 0.07773595842225867 0.17083418174810294
38.26891000094756 0.0506120228092265 0.10522290062661144
38.35779000097577 0.07750444283180202 0.1702745785669313
38.44566000100366 0.05082831497785012 0.10574667930982606
38.53454000103187 0.0772928950033388 0.1697634187883379
38.62342000106008 0.051054983513650454 0.1062953897731922
38.711290001087974 0.07708267458895679 0.16925545556470967
38.800170001116186 0.05126243489331838 0.10679776030292354
38.8890500011444 0.07686282055183835 0.16872404385618323
38.97692000117229 0.05146856852975312 0.10729692957625048
39.0658000012005 0.07666119372182612 0.16823684356214175
39.15468000122871 0.05168380530698735 0.10781796863414961
39.243560001256924 0.07644540862452454 0.1677152651899827
39.331430001284815 0.051881512411631525 0.10829673148601282
39.42031000131303 0.07625206417517827 0.16724807503301076
39.50919000134124 0.05209274373715045 0.10880807160668082
39.59706000136913 0.07605989973709604 0.16678372574288058
39.68594000139734 0.052282328033390835 0.10926716292956051
39.77482000142555 0.0758549761842836 0.16628839990211475
39.862690001453444 0.05247073848887985 0.10972340165803507
39.951570001481656 0.0756707033837416 0.1658431169540564
40.04045000150987 0.05267131891345456 0.1102089580643506
40.12832000153776 0.07548756370097509 0.1654005628955013
40.21720000156597 0.052851989111271536 0.11064645173820553
40.30608000159418 0.07529295761701682 0.1649301731961983
40.39395000162207 0.05303153216231404 0.11108120681933009
40.482830001650285 0.07511733671617582 0.16450578591707954
40.5717100016785 0.053221995759078704 0.11154227149337004
40.65958000170639 0.07494280333934022 0.1640840191107218
40.7484600017346 0.05339416493380189 0.11195916966842967
40.83734000176281 0.0747579966777061 0.1636373136508551
40.9252100017907 0.05356525309052307 0.1123734424907985
41.014090001818914 0.07459062560639029 0.16323285463507586
41.102970001847126 0.05374611096504245 0.1128112528223757
41.19084000187502 0.07442429729979094 0.16283091002322614
41.27972000190323 0.053910178103623745 0.1132085256953963
41.36860000193144 0.07424879504371684 0.16240669552087805
41.45647000195933 0.05407321085026384 0.11360328833073252
41.54535000198754 0.07408928667697934 0.1620212344378258
41.634230002015755 0.054244953924051265 0.11401903571537364
41.722100002043646 0.07393077674355197 0.16163818151712084
41.81098000207186 0.054401303189592576 0.11439761725746678
41.89986000210007 0.07376410543905576 0.16123531529924628
41.98773000212796 0.05455666211939547 0.11477379561065648
42.07661000215617 0.07361208865410218 0.16086795577731072
42.165490002184384 0.054719754427223766 0.11516860291400643
42.253360002212276 0.07346102792745535 0.16050290200151363
42.34224000224049 0.05486874981401835 0.11552937457638413
42.4311200022687 0.07330273870697712 0.1601202980094918
42.51899000229659 0.05501679681557026 0.11588784490274007
42.6078700023248 0.07315786045640649 0.15977018627684192
42.69675000235301 0.055171677542098174 0.11626277422903675
42.784620002380905 0.07301389782810175 0.1594222826054481
42.873500002409116 0.05531366521912651 0.11660657421929121
42.96238000243733 0.07286356549272333 0.15905891205307832
43.05126000246554 0.05546568020629738 0.11697456281024587
43.13913000249343 0.07272548996538042 0.15872523621173196
43.22801000252164 0.05560183007057662 0.11730422858421408
43.316890002549854 0.0725779165260626 0.15836853129855832
43.404760002577746 0.05573713956049564 0.1176318549365507
43.49364000260596 0.07244551304927582 0.15804856331040895
43.58252000263417 0.05588151387149276 0.1179813464009749
43.67039000266206 0.07231392069744713 0.15773055100553046
43.75927000269027 0.05601126410228086 0.11829551292249496
43.848150002718484 0.07217375261135361 0.15739174511744114
43.936020002746375 0.05614020917823026 0.1186077256323137
44.02490000277459 0.07204756196167883 0.15708678716462865
44.1137800028028 0.05627732909758354 0.11893965459904843
44.20165000283069 0.07192214859090185 0.15678370332818936
44.2905300028589 0.056400980016265596 0.11923904934669771
44.37941000288711 0.07178901203884636 0.15646189227602747
44.467280002915004 0.05652385952522431 0.11953657231215109
44.556160002943216 0.07166874310382154 0.15617124099545077
44.64504000297143 0.05665409155904811 0.1198518256989578
44.73291000299932 0.0715492190273026 0.15588238574776314
44.82179000302753 0.05677192925961982 0.12013714172310896
44.91067000305574 0.07142275934523457 0.15557671174994958
44.99854000308363 0.05688902790242545 0.12042066459978518
45.087420003111845 0.07130813482230891 0.15529969725567305
45.17630000314006 0.05701271986995172 0.12072008423642533
45.26417000316795 0.0711942240777379 0.15502440397180406
45.35305000319616 0.05712501696291594 0.12099198193314953
45.44193000322437 0.07107410466157504 0.15473405300783227
45.52980000325226 0.05723660603752855 0.12126216189771721
45.618680003280474 0.07096486031519245 0.15447003705509887
45.707560003308686 0.05735408809771848 0.12154654698605105
45.79543000333658 0.07085629992805087 0.15420767053913043
45.88431000336479 0.05746110441373897 0.12180565574884117
45.973190003393 0.07074220122112862 0.1539318699133485
46.06106000342089 0.05756744251121859 0.12206311913118828
46.1499400034491 0.07063808518735926 0.1536802441808205
46.238820003477315 0.05767902812933968 0.12233322857995166
46.326690003505206 0.07053462448010817 0.1534301989582154
46.41557000353342 0.057781011386576424 0.12258014836914466
46.50445000356163 0.07042624301262546 0.15316821499863353
46.59232000358952 0.05788234505517598 0.1228254922111427
46.68120000361773 0.07032701513923745 0.1529283994557984
46.770080003645944 0.05798833191245156 0.12308204682224266
46.858960003674156 0.07022061187845174 0.15267119276696217
46.94683000370205 0.0580855183510558 0.12331734963871854
47.03571000373026 0.07012546256322327 0.15244123405827592
47.12459000375847 0.05818956310000345 0.12356919971960867
47.21246000378636 0.07003089377632432 0.15221267539524685
47.30134000381457 0.05828275359746215 0.12379482767189698
47.390220003842785 0.06992981326076886 0.15196833207737903
47.478090003870676 0.058375368597079036 0.12401905896792798
47.56697000389889 0.06983912880729048 0.1517491609315358
47.6558500039271 0.05847420188663543 0.1242582922943658
47.74372000395499 0.06974900049101751 0.1515313310312516
47.8326000039832 0.05856301162483335 0.12447331011129492
47.921480004011414 0.0696529742081643 0.1512992024005344
48.009350004039305 0.058651270341257944 0.12468699039510645
48.09823000406752 0.06956654499897619 0.15109031240888582
48.18711000409573 0.05874515551294224 0.1249142445138296
48.27498000412362 0.06948064834256684 0.15088270673168092
48.36386000415183 0.05882979087271812 0.12511915135309248
48.45274000418004 0.06938942086248467 0.15066217585409936
48.540610004207934 0.05891389890922838 0.12532277785574086
48.629490004236146 0.06930704643376784 0.15046308254960117
48.71837000426436 0.059003086575385 0.12553865904129102
48.80624000429225 0.06922518150471646 0.15026521781856816
48.89512000432046 0.05908374510532688 0.1257339324508555
48.98400000434867 0.06913850933773658 0.15005569620193393
49.071870004376564 0.059163899466963876 0.12592798158225227
49.160750004404775 0.06905999738965363 0.14986593454001662
49.24963000443299 0.05924862859578062 0.12613306768869403
49.33750000446088 0.06898197265768313 0.14967734768431828
49.42638000448909 0.05932549944143084 0.12631916574873392
49.5152600045173 0.06889962446919551 0.14947827607870723
49.60313000454519 0.05940188827140103 0.12650409349272973
49.692010004573405 0.06882479181321366 0.14929740350424492
49.780890004601616 0.05948238536589512 0.12669893303385305
49.86876000462951 0.06875042516392138 0.1491176546356221
49.95764000465772 0.059555648375229635 0.12687629178850246
50.04652000468593 0.06867218207367276 0.14892850411361014
50.13439000471382 0.059628450470933125 0.12705253161487962
50.223270004742034 0.06860085462501153 0.14875610015393503
50.312150004770245 0.05970492990469756 0.12723764376104674
50.40002000479814 0.06852997297086827 0.14858477122203784
50.48890000482635 0.05977475603767158 0.1274066776935867
50.57778000485456 0.06845562776513836 0.14840504108971642
50.66565000488245 0.059844141368530446 0.127574641666095
50.75453000491066 0.06838764000356368 0.14824070600221173
50.843410004938875 0.0599168061333043 0.12775051804342352
50.931280004966766 0.06832007876175483 0.14807739952914512
51.02016000499498 0.05998335795946208 0.12791162128389377
51.10904000502319 0.06824943516113513 0.14790661554232587
51.1979200050514 0.06005470875016472 0.12808431442857815
51.28579000507929 0.06818462964823702 0.14774996912035876
51.374670005107504 0.060118530572093265 0.12823880763565
51.463550005135716 0.0681152544695014 0.14758224880188076
51.55142000516361 0.060181962734030425 0.12839235507864366
51.64030000519182 0.06805310425712108 0.14743201976408216
51.72918000522003 0.060249761383617484 0.12855644839127045
51.81705000524792 0.06799133119210665 0.14728270025601287
51.90593000527613 0.06031059389001736 0.12870370161007783
51.994810005304345 0.06792540417135184 0.14712331384667543
52.082680005332236 0.06037105353264072 0.1288500499560974
52.17156000536045 0.06786615994125378 0.1469801062014664
52.26044000538866 0.06043547836493989 0.12900597532878866
52.34831000541655 0.06780727674816278 0.14683776930787262
52.43719000544476 0.060493462351165705 0.1291463298655704
52.526070005472974 0.06774462529882141 0.14668629982553805
52.613940005500865 0.06055108952070409 0.12928581859080746
52.70282000552908 0.0676881506119017 0.14654978410024722
52.79170000555729 0.0606123096466773 0.12943398560170127
52.87957000558518 0.06763202155867343 0.1464141020510512
52.96845000561339 0.06066757913865573 0.1295677663386785
53.0573300056416 0.06757248196463339 0.14627015394674814
53.145200005669494 0.06072250715042182 0.12970071858594556
53.234080005697706 0.06751864690839027 0.14614001642874186
53.32296000572592 0.06078068299283268 0.12984151576533876
53.41083000575381 0.06746514275469928 0.1460106771268288
53.49971000578202 0.060833365595254325 0.12996903199393728
53.58859000581023 0.06740855967069126 0.14587387507202232
53.67646000583812 0.060885721382108356 0.13009575540996465
53.765340005866335 0.067357240524756 0.14574981699472245
53.85422000589455 0.06094100515478862 0.1302295513981644
53.94209000592244 0.06730623818899628 0.14562652320747604
54.03097000595065 0.0609912223820378 0.13035109762792318
54.11985000597886 0.06725246418353126 0.14549651099141636
54.20772000600675 0.06104112681614071 0.13047188515469266
54.296600006034964 0.06720354310641474 0.14537824777857145
54.385480006063176 0.06109366297302665 0.1305990297908899
54.47335000609107 0.06715492535263556 0.14526071638533145
54.56223000611928 0.061141530552936585 0.1307148864907015
54.65111000614749 0.06710382047459162 0.14513715586333964
54.73898000617538 0.06118909875205547 0.1308300171040555
54.82786000620359 0.06705718520965842 0.14502441641883745
54.916740006231805 0.06123902440819506 0.13095084244814093
55.004610006259696 0.06701084036027394 0.14491237771250276
55.09349000628791 0.061284652570087854 0.13106127674283874
55.18237000631612 0.06696227173674618 0.14479494783875557
55.27024000634401 0.06132999418293373 0.13117101614953386
55.35912000637222 0.06691781533500918 0.1446874738735171
55.448000006400434 0.06137743950833807 0.13128583743229338
55.535870006428325 0.06687363699229931 0.14458067089107018
55.62475000645654 0.06142093325572329 0.1313911037684301
55.71363000648475 0.06682747845563819 0.14446906681384597
55.80251000651296 0.06146752839074277 0.13150386596094688
55.89038000654085 0.06678509901589036 0.14436661222176905
55.97926000656906 0.06150924131735747 0.13160482157540399
56.068140006597275 0.06673976322870356 0.14425699597394592
56.156010006625166 0.06155070068585833 0.13170516234342067
56.24489000665338 0.06669911753528113 0.14415873231884424
56.33377000668159 0.061594983672085275 0.13181232782230046
56.42164000670948 0.06665871795565503 0.14406106257691675
56.51052000673769 0.06163474673879332 0.13190856256567463
56.599400006765904 0.0666156294400857 0.14395687878261398
56.687270006793796 0.061674267038823165 0.13200420869315943
56.77615000682201 0.0665768814757699 0.14386320153157994
56.86503000685022 0.061716352864044866 0.13210605590135982
56.95290000687811 0.06653836922325473 0.14377009314238132
57.04178000690632 0.06175425734177098 0.13219779091118156
57.130660006934534 0.06649741644959661 0.14367107229934506
57.218530006962425 0.06179192938697298 0.1322889624196022
57.30741000699064 0.0664604775931732 0.14358176740122408
57.39629000701885 0.06183192726726994 0.13238575581683287
57.48416000704674 0.0664237644830058 0.14349300736108406
57.57304000707495 0.06186806012869072 0.13247320180358457
57.66192000710316 0.06638484150491575 0.14339889344896495
57.749790007131054 0.061903970451975716 0.13256010832762843
57.838670007159266 0.06634962729046623 0.14331375687968162
57.92755000718748 0.06194198412772711 0.13265209910788833
58.01542000721537 0.0663146292747252 0.14322914216787774
58.10430000724358 0.061976428253060045 0.13273545685461574
58.19318000727179 0.0662776354333856 0.1431396919393091
58.28105000729968 0.062010659313554095 0.13281829815233737
58.369930007327895 0.0662440653553189 0.1430585292335862
58.45881000735611 0.062046787333580385 0.1329057249320198
58.546680007384 0.06621070232874648 0.14297786634517307
58.63556000741221 0.06207962170661518 0.13298518577048446
58.72444000744042 0.06617554198966413 0.14289284868627128
58.81231000746831 0.06211225208805005 0.1330641521975262
58.901190007496524 0.06614353931172834 0.14281547447591025
58.990070007524736 0.062146588075133846 0.13314724166119118
59.07794000755263 0.0661117349209015 0.14273857896250908
59.16682000758084 0.06217788796993662 0.13322298792883824
59.25570000760905 0.06607831721318647 0.1426577742667301
59.34357000763694 0.06220899256215895 0.13329826088439578
59.43245000766515 0.06604780879184713 0.14258401185173186
59.521330007693365 0.062241625463294814 0.13337722838485666
59.609200007721256 0.06601749025927273 0.14251070789477183
59.69808000774947 0.062271462621465434 0.13344943385225072
59.78696000777768 0.06598572883465847 0.14243390747806783
59.87483000780557 0.062301112798343605 0.13352118621074993
59.96371000783378 0.06595664494518838 0.14236358841452912
60.052590007861994 0.0623321271243934 0.13359623635810225
60.141470007890206 0.06592544960400037 0.14228815606683876
60.2293400079181 0.062360569921433906 0.13366506663318178
60.31822000794631 0.06589755570239497 0.14222071396571279
60.40710000797452 0.062391030638766165 0.13373877636420062
60.49497000800241 0.06586982987795464 0.14215367767300702
60.58385000803062 0.062418309756351535 0.13380479034670323
60.672730008058835 0.06584017936176512 0.1420819802673723
60.760600008086726 0.06244542336424719 0.13387040327151878
60.84948000811494 0.06581358724620445 0.1420176849235122
60.93836000814315 0.06247437463377492 0.13394045988817105
61.02623000817104 0.06578715612726405 0.1419537783195146
61.11511000819925 0.06250037966661692 0.13400338993456717
61.203990008227464 0.06575897398981922 0.14188563109051033
61.291860008255355 0.06252622620319748 0.1340659359458929
61.38074000828357 0.06573362296568597 0.1418243358586757
61.46962000831178 0.06255374282125725 0.1341325205235444
61.55749000833967 0.06570842615145389 0.1417634130069012
61.64637000836788 0.0625785332727894 0.1341925107355313
61.73525000839609 0.06568163973580599 0.14169864033988233
61.823120008423984 0.06260317194612375 0.1342521332182267
61.912000008452196 0.065657471938806 0.1416402054102761
62.00088000848041 0.06262932499065799 0.13431541782585876
62.0887500085083 0.06563345184719471 0.14158212717664265
62.17763000853651 0.0626529575808551 0.1343726055611949
62.26651000856472 0.06560799210268864 0.1415205621723037
62.354380008592614 0.062676444829732 0.13442944118563505
62.443260008620825 0.06558495236946638 0.14146485425448052
62.53214000864904 0.06270130185027523 0.13448958934706434
62.62001000867693 0.06556205410540783 0.14140948799409303
62.70889000870514 0.06272383064414211 0.1345441055257912
62.79777000873335 0.06553785539686774 0.14135097200284052
62.88564000876124 0.06274622026554066 0.13459828456232614
62.974520008789455 0.06551589113437883 0.1412978640111695
63.063400008817666 0.06276984545667874 0.1346554516732268
63.15127000884556 0.06549406236455935 0.1412450832642853
63.24015000887377 0.0627913219945071 0.13470742109782385
63.32903000890198 0.06547106231104094 0.14118946549914746
63.41690000892987 0.06281266526755591 0.13475906771216462
63.505780008958084 0.06545012337918432 0.1411388362739352
63.594660008986295 0.06283511964040178 0.1348134014631852
63.68253000901419 0.06542931421145826 0.14108852047655107
63.7714100090424 0.06285559305127186 0.13486294309253966
63.86029000907061 0.0654074535196787 0.14103565761084402
63.9481600090985 0.06287593885855036 0.13491217564369773
64.03704000912671 0.0653874921155988 0.14098739163305174
64.12592000915492 0.06289728039611286 0.1349638163875344
64.21379000918282 0.06536765498502872 0.140939425838571
64.30267000921103 0.06291679751413393 0.13501104361826055
64.39155000923924 0.0653468772953325 0.1408891816328639
64.47942000926713 0.06293619245285442 0.13505797492635585
64.56830000929534 0.06532784784314982 0.14084316876322722
64.65718000932355 0.06295647626459111 0.13510705606002427
64.74606000935177 0.06530744010750777 0.1407938188478064
64.83393000937966 0.06297508173628519 0.13515207698975296
64.92281000940787 0.06528918914455517 0.1407496883390369
65.01169000943608 0.0629950041404791 0.1352002832678778
65.09956000946397 0.06527104819298357 0.1407058235674885
65.18844000949218 0.06301284868904788 0.13524346290146871
65.2773200095204 0.06525165072140049 0.14065891649649442
65.36519000954829 0.06303058507693216 0.13528638057541675
65.4540700095765 0.06523425146363848 0.14061684513969608
65.54295000960471 0.06304952089377613 0.13533219945319752
65.6308200096326 0.0652169575856012 0.1405750283467233
65.71970000966081 0.06306653235745929 0.13537336296776115
65.80858000968902 0.06519852044596719 0.14053044341293397
65.89645000971692 0.06308344023360846 0.1354142756117338
65.98533000974513 0.06518193320513421 0.1404903352895559
66.07421000977334 0.06310143827431625 0.13545782523346483
66.16208000980123 0.06516544690298898 0.14045047101554076
66.25096000982944 0.06311765552270898 0.13549706673058326
66.33984000985765 0.065147922632673 0.14040809347767302
66.42771000988554 0.06313377356768857 0.13553606798669682
66.51659000991376 0.06513210956845539 0.14036985713240524
66.60547000994197 0.06315088022928073 0.1355774606491278
66.69334000996986 0.06511639318680051 0.14033185436567175
66.78222000999807 0.06316634031862456 0.1356148698377191
66.87110001002628 0.06509973666527313 0.1402915751421152
66.95897001005417 0.06318170540532575 0.135652048969237
67.04785001008239 0.06508466169912885 0.14025512337436652
67.1367300101106 0.06319796478477013 0.13569139140189312
67.22460001013849 0.06506967933426044 0.1402188953354755
67.3134800101667 0.06321270304239923 0.13572705380227035
67.40236001019491 0.06505384767173561 0.14018061073832744
67.4902300102228 0.06322735032285909 0.1357624959055559
67.57911001025101 0.0650394764048613 0.14014586040550503
67.66799001027923 0.06324280434054397 0.13579988956650135
67.75586001030712 0.06502519382791438 0.14011132436098084
67.84474001033533 0.0632568544468527 0.1358338867093578
67.93362001036354 0.06501014625375312 0.14007493581814634
68.02149001039143 0.06327081743412266 0.13586767290626467
68.11037001041964 0.06499644588786357 0.1400418076440868
68.19925001044786 0.06328550593427906 0.13590321422976004
68.28712001047575 0.06498283046197795 0.14000888470766526
68.37600001050396 0.0632988999983527 0.1359356238419429
68.46488001053217 0.0649685282162139 0.13997429851247967
68.55275001056006 0.06331221063891534 0.1359678314661994
68.64163001058827 0.06495546748128866 0.1399427169148426
68.73051001061648 0.0633261714961767 0.13600161211594353
68.81838001064438 0.0649424880922006 0.13991133187728488
68.90726001067259 0.06333894012812868 0.1360325082928715
68.9961400107008 0.06492889433244609 0.13987845895450102
69.08401001072869 0.0633516288806032 0.1360632110695814
69.1728900107569 0.06491644341329195 0.13984835186130473
69.26177001078511 0.0633648980965954 0.13609531817466713
69.35065001081333 0.0649030916382648 0.13981606399262603
69.43852001084122 0.06337707048123009 0.13612477155907632
69.52740001086943 0.06489115009639501 0.13978718868218332
69.61628001089764 0.06339010349740493 0.13615630699836956
69.70415001092553 0.064879280566429 0.13975848738096985
69.79303001095374 0.06340177817594372 0.13618455614902159
69.88191001098195 0.06486658972731663 0.1397277978296141
69.96978001100985 0.06341338213564751 0.13621263408450934
70.05866001103806 0.0648552055029663 0.1397002701115313
70.14754001106627 0.06342576997591609 0.13624260844108393
70.23541001109416 0.06484389025847948 0.1396729090836213
70.32429001112237 0.06343689976692524 0.13626953910662598
70.41317001115058 0.0648318277045059 0.13964373890660298
70.50104001117847 0.06344796182847734 0.13629630580007657
70.58992001120669 0.06482097483199911 0.13961749601376638
70.6788000112349 0.06345973639297964 0.13632479627447847
70.76667001126279 0.06481018803273542 0.1395914127927722
70.855550011291 0.06347034671062479 0.1363504699663065
70.94443001131921 0.0647987227245842 0.13956368694315602
71.0323000113471 0.06348089216224007 0.13637598662602501
71.12118001137532 0.06478837644612678 0.13953866902728373
71.21006001140353 0.0634920837710563 0.1364030665952254
71.29793001143142 0.06477809345420948 0.1395138040566013
71.38681001145963 0.06350219884351138 0.13642754195655193
71.47569001148784 0.06476719588458302 0.13948745118824712
71.56356001151573 0.0635122517963903 0.13645186693952427
71.65244001154394 0.06475733259479577 0.13946360118621826
71.74132001157216 0.06352288927619876 0.13647760616517512
71.82919001160005 0.06474752992046129 0.13943989767946086
71.91807001162826 0.0635325322046526 0.13650093910804184
72.00695001165647 0.06473717203838802 0.13941484996887743
72.09482001168436 0.06354211564373002 0.13652412804628922
72.18370001171257 0.06472776923014578 0.13939211347120395
72.27258001174079 0.06355222639629043 0.13654859283913634
72.36045001176868 0.06471842447685139 0.1393695172854703
72.44933001179689 0.06356141920513236 0.13657083666974712
72.5382100118251 0.06470857961582155 0.1393457102560114
72.62608001185299 0.0635705550470721 0.1365929426074608
72.7149600118812 0.0646996158301999 0.13932403538704508
72.80384001190941 0.06358016512221909 0.13661619601061936
72.8917100119373 0.06469070764468843 0.1393024949036814
72.98059001196552 0.06358892881087264 0.1366374015560612
73.06947001199373 0.06468135045465251 0.1392798672623985
73.15734001202162 0.06359763794940021 0.13665847506296736
73.24622001204983 0.06467280523178376 0.13925920456182572
73.33510001207804 0.0636067721099155 0.13668057700155778
73.42297001210594 0.06466431325726707 0.13923867056718775
73.51185001213415 0.06361512669779723 0.1367007927127517
73.60073001216236 0.06465541963737687 0.1392171640395401
73.68860001219025 0.06362342905065865 0.1367208819932464
73.77748001221846 0.0646472734701391 0.13919746634740715
73.86636001224667 0.0636321108360558 0.13674188943106902
