0.001020000000000002 0.029432226118037638 0.07397939839601797
0.022229999999999264 0.0232532276268399 0.056390676225392955
0.04243000000000232 0.02928002617811154 0.07401661660187964
0.06364000000000802 0.023413079414609683 0.055416127530982795
0.0848499999999998 0.028348544388232307 0.07285551752898023
0.10504999999999197 0.023466324039178588 0.054707955234700734
0.1262599999999855 0.028325925147931644 0.07283077474863342
0.1464600000000057 0.023172992004099724 0.05520991532500519
0.1676700000000269 0.02842886614667617 0.07205020572900178
0.18888000000004812 0.022451972263538345 0.053524069601540436
0.20908000000006832 0.028265929612961257 0.07215798942511453
0.23029000000008953 0.02252345123759647 0.05302540904290609
0.25049000000010974 0.02809358488856173 0.07208059180217052
0.27170000000013095 0.022463588078036723 0.052846608827117336
0.29291000000015216 0.027482628619868058 0.07030840317968634
0.31311000000017236 0.02230317859057751 0.05286393957866231
0.3343200000001936 0.0274780838519324 0.07003716049008846
0.3555300000002148 0.021609263347162844 0.05108464652857636
0.375730000000235 0.027362335831978783 0.0700126897965947
0.3969400000002562 0.021624574341258862 0.050871682725184275
0.4171400000002764 0.02725025546710869 0.06975503433451768
0.4383500000002976 0.021556824280284714 0.050785241116779734
0.4595600000003188 0.026617043852687594 0.06808552634216536
0.479760000000339 0.021452839888464692 0.050634845350217006
0.5009700000003549 0.0265871802113945 0.06797603631530924
0.5211700000002629 0.021348576114634477 0.050275505352159744
0.5423800000001664 0.026505056472704736 0.06787186575597515
0.5635900000000699 0.02075602834949619 0.048790399040221644
0.5837899999999779 0.026410562326012358 0.06760891191469609
0.6049999999998814 0.020700973564095837 0.048707369026645964
0.6262099999997849 0.02576856478013334 0.06598973039244616
0.646409999999693 0.020620177114114457 0.04852362897801443
0.6676199999995964 0.02573972053161644 0.06592756569805402
0.6878199999995045 0.020516963683028133 0.04822966110734628
0.709029999999408 0.025676752762433974 0.06580110120258942
0.7302399999993114 0.01992137588126197 0.046760290999192655
0.7504399999992195 0.02559063710333231 0.06556809450350976
0.771649999999123 0.01987888170757779 0.04667799945283768
0.791849999999031 0.025472630509690838 0.06526974191523038
0.8130599999989345 0.01980990686289419 0.046504691546478405
0.834269999998838 0.024925820490521385 0.06392731813587016
0.8544699999987461 0.01971250984569406 0.04625250703285122
0.8756799999986495 0.024874587476928944 0.0638066753229305
0.896889999998553 0.019117728980642457 0.04478722117992051
0.9170899999984611 0.02479602143813642 0.0636036554005237
0.9382999999983646 0.019085028301744522 0.04471400562197081
0.9584999999982726 0.02468708250502205 0.06333531092304057
0.9797099999981761 0.01902463972464663 0.04456122571853127
1.0009199999980898 0.024141142887016742 0.06198862003959915
1.0211199999982221 0.018935276112580612 0.044338110283315135
1.042329999998361 0.024098541650027894 0.06188352662016561
1.0635399999985 0.018342435719887917 0.042876153954873875
1.0837399999986324 0.02402781694325773 0.06170572968766663
1.1049499999987713 0.018317646900205986 0.04281686102101112
1.1251499999989036 0.023928434156197942 0.06146143560913364
1.1463599999990426 0.0182649875282207 0.04268497876862565
1.1675699999991815 0.023383254053215508 0.060114283873569097
1.1877699999993139 0.018184179932619227 0.042485363899935624
1.2089799999994528 0.023348082318310648 0.060026767655674274
1.2291799999995852 0.01807587922678877 0.042219186006675624
1.2503899999997241 0.023285253131053008 0.059870694324803964
1.271599999999863 0.01757588641209873 0.04098440427021677
1.2917999999999954 0.02319507717214908 0.05964850046636938
1.3130100000001343 0.017530591466360934 0.04087188786036089
1.3342200000002733 0.02265101179271123 0.058303378774315906
1.3544200000004056 0.017458158714835137 0.04069329940660227
1.3756300000005446 0.022622686256563274 0.05823299240514945
1.395830000000677 0.01735927429190376 0.04044949672116216
1.4170400000008159 0.022567520014044495 0.05809651314395703
1.4382500000009548 0.016859026316509373 0.03921412297822613
1.4584500000010872 0.02248602796161603 0.05789533706418437
1.479660000001226 0.016820758149270088 0.03911946117105547
1.500870000001365 0.021943842906099742 0.056553985105212146
1.5210700000014974 0.016756296489146116 0.038960484845618204
1.5422800000016363 0.021921958673560393 0.0564997075523932
1.5624800000017687 0.01666624471202749 0.038738227219492494
1.5836900000019076 0.02187411993467203 0.05638140111279277
1.6049000000020466 0.016166325852765784 0.03750375182538512
1.625100000002179 0.021800852701602813 0.056200244784077036
1.6463100000023179 0.016134716236401503 0.037425696506321326
1.6665100000024502 0.02170272092568193 0.05595743236792572
1.6877200000025891 0.01607778233193813 0.03728522272835599
1.708930000002728 0.02124497851727103 0.05482483219714229
1.7291300000028604 0.015996060932855993 0.03708347722806149
1.7503400000029994 0.021204027666702707 0.05472357050453347
1.7715500000031383 0.015497031852463095 0.03585124993680244
1.7917500000032707 0.02113846465592506 0.0545614078921397
1.8129600000034096 0.01547169905275658 0.03578873354485035
1.833160000003542 0.021048804312719493 0.05433958413507689
1.854370000003681 0.015421861053378172 0.035665736659096225
1.8755800000038199 0.020590840911333896 0.05320645735219509
1.8957800000039522 0.015348012292956348 0.03548342553579831
1.9169900000040911 0.02055637695151258 0.053121230721164814
1.93820000000423 0.014850396246047226 0.03425471269670188
1.9584000000043624 0.020498082871879375 0.052977034015999624
1.9796100000045014 0.01483096393128569 0.03420676942285095
1.9998100000046337 0.020416444554235413 0.052775072588395755
2.0210200000047727 0.01478781133804652 0.034100262307446005
2.0422300000049116 0.019958808694680363 0.05164275983546851
2.062430000005044 0.014721403952857481 0.033936328528338944
2.083640000005183 0.01993044571486957 0.05157261824636494
2.1038400000053152 0.014632227015073607 0.03371618180342262
2.125050000005454 0.019879009571360795 0.05144538518105923
2.146260000005593 0.014211793364484526 0.0326780473754229
2.1664600000057255 0.01980496330948156 0.05126221220994598
2.1876700000058644 0.014174936496058943 0.032587079043810974
2.2088800000060034 0.019348489518035028 0.05013197608362274
2.2290800000061357 0.01411555990323754 0.03244050713168134
2.2502900000062747 0.01932587673658659 0.05007601382951421
2.270490000006407 0.014034128062195061 0.03223948390581599
2.291700000006546 0.019280941902567128 0.04996478061878307
2.312910000006685 0.013613493548489397 0.031200859224966848
2.3331100000068172 0.019214126660063835 0.049799373134951086
2.354320000006956 0.013582561588476594 0.031124517804015372
2.375530000007095 0.018758991912135037 0.04867239638977061
2.3957300000072275 0.013529823648563588 0.03099433759601311
2.4169400000073664 0.018741757321772634 0.04862974844329626
2.4371400000074988 0.013455723456998858 0.030811415631681882
2.4583500000076377 0.01870291244099931 0.04853359346325137
2.4795600000077767 0.013035392629833886 0.029773547173927994
2.499760000007909 0.018642878625758197 0.04838497593436797
2.520970000008048 0.013010032292692375 0.029710961224149735
2.5411700000081803 0.01856209934633779 0.04818499347937211
2.5623800000083192 0.01296355845835784 0.029596246906515855
2.583590000008458 0.018177316343187422 0.047232204158720315
2.6037900000085905 0.01289639457996561 0.02943044995860067
2.6250000000087295 0.01814420623655788 0.047150247783522836
2.6462100000088684 0.012476839743490122 0.028394503924267234
2.6664100000090007 0.018090577922586837 0.047017489143286184
2.6876200000091397 0.01245671424826289 0.028344842006733373
2.707820000009272 0.018016854575342744 0.046834975689091785
2.729030000009411 0.012416146912228587 0.028244710201164036
2.75024000000955 0.017631920553724423 0.04588181306156569
2.7704400000096823 0.012355541621236532 0.028095105664160958
2.791650000009821 0.017604206431124703 0.045813216330958806
2.81286000000996 0.01193720414820798 0.027062171662861623
2.8330600000100925 0.01755662464486929 0.04569542779546687
2.8542700000102315 0.011921992507606949 0.02702464115897918
2.874470000010364 0.017489582052281127 0.04552944686585514
2.8956800000105027 0.011886990384096574 0.02693824905782849
2.9168900000106417 0.01710529997585364 0.04457705579071769
2.937090000010774 0.011832582887448484 0.026803946125331102
2.958300000010913 0.017082678906843674 0.04452101879047765
2.9785000000110453 0.011759175138581823 0.02662273255981118
2.9997100000111843 0.017040838158125626 0.04441735203668529
3.020920000011323 0.011405270955696212 0.025748886362986223
3.0411200000114555 0.016980162462927217 0.04426700887185664
3.0623300000115945 0.011375508463820183 0.02567543002444106
3.0835400000117335 0.016596623544945732 0.04331645999117173
3.103740000011866 0.0113269542478045 0.02555557805250519
3.1249500000120047 0.01657876321752816 0.04327222026694333
3.145150000012137 0.011259994898363379 0.025390284919946104
3.166360000012276 0.016542294595845775 0.0431818657890326
3.187570000012415 0.010905971758397914 0.024516150503650636
3.2077700000125473 0.01648758457837929 0.04304630573717105
3.2289800000126863 0.01088113840169369 0.024454863265954696
3.250190000012825 0.016105192272183766 0.04209859884597433
3.2703900000129575 0.010838108583593908 0.024348650195216148
3.2916000000130965 0.016091799496663506 0.042065429871096516
3.311800000013229 0.010777251139995503 0.024198421927112967
3.333010000013368 0.016060391357581194 0.041987615429872616
3.3542200000135067 0.010423534803416068 0.023325050268474534
3.374420000013639 0.01601131766965913 0.041866022381031875
3.395630000013778 0.010403334571244205 0.023275201246852895
3.4158300000139104 0.01594494650873257 0.041701562832519024
3.4370400000140493 0.010365515278131343 0.02318185208135537
3.4582500000141883 0.015621243635725814 0.04089929937827197
3.4784500000143206 0.01031042874744681 0.023045871396842887
3.4996600000144595 0.015594598773077006 0.04083328850549295
3.5208700000145985 0.009957417171162164 0.022174244826367318
3.541070000014731 0.015550868152551136 0.04072488336462898
3.5622800000148698 0.009941567952897135 0.022135137464840415
3.582480000015002 0.015490423296458333 0.04057495430984659
3.603690000015141 0.009908659721660218 0.022053912792718844
3.62490000001528 0.015166986954019966 0.039772521935443894
3.6451000000154123 0.009859027999535863 0.02193139918177378
3.6663100000155513 0.015144844953096204 0.039717612494583054
3.6875200000156902 0.009507092614532198 0.021062434539542707
3.7077200000158226 0.015106155104995467 0.03962165170332543
3.7289300000159615 0.009495325636468488 0.02103340521697472
3.749130000016094 0.015051252140922178 0.03948546990328872
3.770340000016233 0.009467042834397588 0.02096359978288609
3.7915500000163718 0.01472813528233152 0.03868383081415683
3.811750000016504 0.00942256411276976 0.02085380804401904
3.832960000016643 0.014710198795121143 0.03863935360453041
3.8531600000167754 0.009362226106006899 0.020704861122533558
3.8743700000169143 0.014676239599289431 0.03855512771309133
3.8955800000170533 0.009064110340595621 0.019968776418266554
3.9157800000171856 0.014626576968529648 0.03843194514024928
3.9369900000173246 0.00904018060675893 0.01990971774237238
3.9582000000174635 0.014304141940226889 0.03763199820090435
3.978400000017596 0.009000566802753407 0.019811936570723887
3.999610000017735 0.014290153926384885 0.03759731561416846
4.019810000016987 0.008945590155991945 0.019676225981524187
4.041020000016184 0.014260652574128565 0.03752414790408887
4.062230000015381 0.008647439949234115 0.018940060452343754
4.082430000014616 0.014215942346953114 0.037413250335416315
4.103640000013813 0.008627603655644855 0.018891107500274007
4.12485000001301 0.013894628452725488 0.03661583403058444
4.145050000012246 0.008592579859817318 0.018804658123738882
4.166260000011443 0.01388435639827035 0.03659033875456075
4.186460000010678 0.00854267502311945 0.018681468939685253
4.207670000009875 0.013859083116469774 0.03652758391083921
4.228880000009072 0.008244847062832239 0.01794610306090627
4.249080000008307 0.013819098533300213 0.03642828957024502
4.270290000007504 0.008228856793895067 0.017906644956144913
4.29049000000674 0.013764707802866205 0.03629321361999782
4.311700000005937 0.008198160738095983 0.017830879819424883
4.332910000005134 0.013492597487383184 0.03561729863251761
4.353110000004369 0.008153051206749584 0.017719529329707218
4.374320000003566 0.01347126914747909 0.03556434146156917
4.395530000002763 0.007855878563685081 0.0169857852671762
4.415730000001998 0.013435694515966934 0.03547599971113202
4.436940000001195 0.007843498615177635 0.016955240053662113
4.457140000000431 0.01338616476536092 0.035352996545068294
4.478349999999628 0.007816880159756456 0.016889541554199194
4.499559999998825 0.013114063615895177 0.03467710517909284
4.51975999999806 0.00777630195024126 0.016789377969128605
4.540969999997257 0.013096444143338215 0.03463335937295975
4.561169999996492 0.0077220571085383485 0.016655472981552677
4.582379999995689 0.013065029514206294 0.03455534944734051
4.603589999994886 0.0074711010916755916 0.01603583579213863
4.623789999994122 0.0130200975015905 0.03444376529100346
4.644999999993319 0.007448321730497032 0.015979615055805585
4.666209999992516 0.012748329270155566 0.03376870163585011
4.686409999991751 0.00741202287564513 0.015890016260233786
4.707619999990948 0.01273419374265661 0.03373360858177632
4.727819999990183 0.007362484277449121 0.01576773007245791
4.74902999998938 0.01270670070641089 0.033665338375366005
4.770239999988577 0.00711124918421402 0.015147407256888012
4.790439999987813 0.012666115094589925 0.033564549017561784
4.81164999998701 0.007092081567892872 0.015100102959786366
4.832859999986207 0.01239535102754774 0.03289106357889926
4.853059999985442 0.007059821630039375 0.01502047530984596
4.874269999984639 0.01238450021066273 0.03286409121313616
4.894469999983874 0.007014736303991187 0.01490918332632818
4.915679999983071 0.012360734403066842 0.03280499610502918
4.936889999982268 0.006763540464686635 0.014288960684771812
4.957089999981504 0.012324305884454547 0.03271440570250528
4.978299999980701 0.006747767941172156 0.014250037918872582
4.998499999979936 0.012275479993537952 0.03259297993056798
5.019709999979133 0.0067193175426976115 0.014179815082304703
5.04091999997833 0.012046676120409772 0.03202383966849354
5.061119999977565 0.006678443918727295 0.014078920864168953
5.082329999976762 0.012026383003496455 0.03197338139331318
5.103539999975959 0.006427584749576054 0.013459532561865828
5.123739999975195 0.011993826628931115 0.03189242131905745
5.144949999974392 0.006415000921322966 0.013428481740540565
5.165149999973627 0.011949260218198976 0.031781589235335694
5.186359999972824 0.006390141292726859 0.013367123580465545
5.207569999972021 0.011720241588519364 0.031211915746920393
5.227769999971256 0.006353248741852613 0.01327605770559126
5.248979999970453 0.011703214894532077 0.031169581306611516
5.27018999996965 0.006103003745066782 0.012658188742742382
5.290389999968886 0.011674312524096009 0.031097709036953525
5.311599999968083 0.00609341204270808 0.012634524548993387
5.331799999967318 0.011633776084837177 0.030996899845647796
5.353009999966515 0.006071934587140948 0.012581516048437713
5.374219999965712 0.011405017951147123 0.030427409790778626
5.394419999964947 0.006038802976948476 0.012499735014992464
5.415629999964144 0.011391083277295766 0.03039271040680136
5.43582999996338 0.0059942608264599295 0.012389782893562629
5.457039999962577 0.011365667292496773 0.03032940845557608
5.478249999961774 0.005782643973980428 0.011867283971878084
5.498449999961009 0.011329000106744758 0.0302380771616928
5.519659999960206 0.005764349847673489 0.011822134197936318
5.540869999959403 0.011100762039631396 0.02966943985690529
5.561069999958638 0.005734769115246174 0.011749119369497407
5.582279999957835 0.011089705473948719 0.0296419099609313
5.602479999957071 0.0056941342652324645 0.011648813460318763
5.623689999956268 0.011067531829108579 0.029586684845961386
5.644899999955465 0.005482350199005226 0.011125904353359584
5.6650999999547 0.011034460566358817 0.029504311211880907
5.686309999953897 0.005467049907546095 0.011088145457405219
5.707519999953094 0.01080681503967873 0.028937150915231413
5.727719999952329 0.005440819647313466 0.011023402042675823
5.748929999951526 0.01079845861322859 0.028916347179808177
5.769129999950762 0.005403881242624364 0.010932221752957272
5.790339999949959 0.01077933844436707 0.028868728435194058
5.811549999949156 0.0051921947066547736 0.010409555981383267
5.831749999948391 0.010749663791429831 0.028794815965482723
5.852959999947588 0.005179707716400972 0.010378742243022376
5.873159999946823 0.010709654813358505 0.028695158209046667
5.89436999994602 0.005156636783730906 0.010321798319601339
5.915579999945217 0.01051704602433945 0.028215214469706762
5.935779999944453 0.005123193512607815 0.010239246621068787
5.95698999994365 0.010500828688005837 0.028174753689569343
5.978199999942847 0.004911851690151736 0.009717434350475784
5.998399999942082 0.010474408368632782 0.02810882866243203
6.019609999941279 0.004902006053455477 0.009693141248900972
6.039809999940514 0.010437994779570414 0.028017962754922632
6.061019999939711 0.004881912182681636 0.009643546818982607
6.0822299999389084 0.010245591238451035 0.027537728713111775
6.102429999938144 0.004851771887833589 0.009569149288501944
6.123639999937341 0.010232070955821682 0.027503998633926496
6.144849999936538 0.004641005253392838 0.009048759434526765
6.165049999935773 0.010208670189566171 0.02744560916225769
6.18625999993497 0.004633637249067846 0.009030582762192818
6.206459999934205 0.01017558902374538 0.02736305963519925
6.227669999933402 0.004616346686511008 0.008987908845170534
6.2488799999325995 0.009983307317988799 0.02688313056523617
6.269079999931835 0.0045893259911155004 0.008921212740586881
6.290289999931032 0.009972320998320905 0.02685572418201776
6.310489999930267 0.004552777636454675 0.008830994316166851
6.331699999929464 0.00995176709871426 0.026804439315331052
6.352909999928661 0.004374302914285977 0.008390329990326517
6.373109999927896 0.009921836474691026 0.02672975227131502
6.394319999927093 0.004359650064027498 0.008354167748947372
6.4155299999262905 0.009729899235519368 0.02625068377485329
6.435729999925526 0.004335574011494092 0.008294741119052595
6.456939999924723 0.009721291565720547 0.02622921349110241
6.477139999923958 0.004302267972244311 0.008212527111151058
6.498349999923155 0.009703419888105858 0.02618462234541541
6.519559999922352 0.004123713677535723 0.007771668413314448
6.539759999921587 0.009676466215072121 0.026117364576294655
6.5609699999207844 0.004111540761618682 0.007741628313517879
6.5821799999199815 0.009485460085718489 0.025639674518229683
6.602379999919217 0.004090242468932637 0.007689059143045629
6.623589999918414 0.009479096226149952 0.025623771328198153
6.643789999917649 0.004060003141239443 0.007614416001910929
6.664999999916846 0.00946378122536562 0.025585482254431025
6.686209999916043 0.0038815889285400695 0.007173905148583071
6.706409999915278 0.009439688267680046 0.025525240391843784
6.7276199999144755 0.003871745659288495 0.007149616151391758
6.747819999913711 0.009406999616594414 0.025443501537969482
6.769029999912908 0.0038530659832856085 0.007103511534956031
6.790239999912105 0.009245160520511053 0.025038723459847034
6.81043999991134 0.003825725737688135 0.007036025402351598
6.831649999910537 0.009232216390066772 0.025006363240709373
6.852859999909734 0.0036476565690336527 0.006596368338140923
6.873059999908969 0.009210771293279851 0.02495274293752292
6.8942699999081665 0.0036399998342634405 0.006577477121039177
6.914469999907402 0.00918099915144377 0.024878297488362122
6.935679999906599 0.0036237870506199425 0.00653746247141207
6.956889999905796 0.009019118381828006 0.02447341605593678
6.977089999905031 0.0035991859055527486 0.006476738371319346
6.998299999904228 0.009008402939157834 0.024446629133134667
7.019509999903425 0.0034216527708252893 0.006038406545916253
7.03970999990266 0.008989455302198746 0.024399254280715876
7.0609199999018575 0.0034160463312694627 0.006024576756680222
7.081119999901093 0.008962441396569654 0.024331706440061662
7.10232999990029 0.0034021558257355537 0.005990295043312166
7.123539999899487 0.008800986582628734 0.023927215108487943
7.143739999898722 0.003380141133064951 0.0059359561075056355
7.164949999897919 0.008792384260175257 0.02390566284147244
7.185149999897154 0.0033501705358226497 0.005861975402032815
7.2063599998963515 0.008775828845754785 0.023864174808285732
7.2275699998955485 0.0031996359380744854 0.005490299718902136
7.247769999894784 0.008751478238578025 0.023803146790168928
7.268979999893981 0.0031879299094857982 0.005461410732288119
7.290189999893178 0.008590463742940813 0.023399505866639192
7.310389999892413 0.0031683560523799725 0.005413097454443072
7.33159999989161 0.008583821237443168 0.02338286581879956
7.351799999890845 0.0031410749445498483 0.005345756314789618
7.3730099998900425 0.008569478062816271 0.023346922728673114
7.3942199998892395 0.0029905269676375745 0.004974049250472401
7.414419999888475 0.008547584792331753 0.02329205401537804
7.435629999887672 0.0029808741421487595 0.00495022889817065
7.455829999886907 0.008518299780765015 0.023218656601764476
7.477039999886104 0.0029636022437633525 0.004907598412362546
7.498249999885301 0.00838227517109491 0.022877657545639085
7.518449999884536 0.002938864465701907 0.00484653599043261
7.5396599998837335 0.008370014244040713 0.022846933573938966
7.5608699998829305 0.002788485045863931 0.004475246654633835
7.581069999882166 0.008350441082341953 0.022797880204805665
7.602279999881363 0.002780760402251281 0.004456186281831531
7.622479999880598 0.008323706815410947 0.02273087625144221
7.643689999879795 0.002765658046242292 0.004418911674253234
7.664899999878992 0.00818767580699109 0.022389475017259297
7.6850999998782275 0.0027433240938172787 0.004363783555672018
7.7063099998774245 0.008177399760270543 0.022363659720026074
7.7275199998766215 0.0025932829047274897 0.003993330783291782
7.747719999875857 0.008160060458636709 0.022320093607153257
7.768929999875054 0.0025873674103547017 0.003978736521470516
7.789129999874289 0.008135801735722814 0.02225913813174163
7.810339999873486 0.0025743083715423776 0.003946506164587138
7.831549999872683 0.00799997916147499 0.021917772252033618
7.8517499998719185 0.002554245122695531 0.003896983693096878
7.8729599998711155 0.007991538807063603 0.02189656991870015
7.893159999870351 0.0025273242179877364 0.0038305309148611855
7.914369999869548 0.007976258597444552 0.021858178186706656
7.935579999868745 0.0024004805383645023 0.0035173496816587324
7.95577999986798 0.007954275745061579 0.021802941871873482
7.976989999867177 0.002389344523941128 0.00348986659476358
7.998199999866374 0.007818629480523476 0.021462019810791766
8.01839999986561 0.0023714249748811866 0.0034456362196455537
8.039609999864807 0.007811912759276617 0.02144514884159232
8.059809999864042 0.002346861756240215 0.0033850038491767265
8.081019999863239 0.007798572938722104 0.02141163319666628
8.102229999862436 0.0022198916228588494 0.003071511790542214
8.122429999861671 0.007778740886237646 0.02136180174614477
8.143639999860868 0.00221056402345976 0.00304849302522614
8.164849999860065 0.007643425255406178 0.02102170432898287
8.1850499998593 0.0021946670360744047 0.003009255678410039
8.206259999858498 0.0076383400743099674 0.021008896637508823
8.226459999857733 0.0021723341134345375 0.00295412921137439
8.24766999985693 0.007626860327396567 0.02097997275494201
8.268879999856127 0.00204539878478871 0.002640724396052452
8.289079999855362 0.0076091104470010764 0.02093524627356791
8.31028999985456 0.0020377704353272685 0.002621900446764247
8.330489999853794 0.007585221337830461 0.020875047095569865
8.351699999852991 0.0020237804927901726 0.0025873709391333044
8.372909999852189 0.0074710702590640166 0.020587328497179147
8.393109999851424 0.002003556264360995 0.002537450162476418
8.41431999985062 0.007461305047973377 0.02056272543925486
8.435529999849818 0.0018768062518569328 0.002224504126768778
8.455729999849053 0.007445467324846523 0.020522817837065332
8.47693999984825 0.0018707732015805778 0.002209618361326271
8.497139999847485 0.00742368201389132 0.020467920521960448
8.518349999846683 0.0018585801748157713 0.0021795248069444995
8.53955999984588 0.007309440321670135 0.02017997423297002
8.559759999845115 0.0018403485892801719 0.0021345232115388413
8.580969999844312 0.007301287224994013 0.020159433883404354
8.602179999843509 0.0017139241875573363 0.0018223822692453595
8.622379999842744 0.007287253388536752 0.020124072303939755
8.643589999841941 0.001709387478758262 0.0018111903833162302
8.663789999841176 0.007267458004060479 0.02007418988001497
8.684999999840374 0.0016988864009112035 0.0017852736406975822
8.70620999983957 0.007153269330099632 0.019786377869279725
8.726409999838806 0.0016825367282320425 0.0017449178555950517
8.747619999838003 0.00714663079999367 0.0197696543946857
8.767819999837238 0.0016604602737122496 0.0016904237539638878
8.789029999836435 0.0071342976122262805 0.019738578663930362
8.810239999835632 0.0015534339785630011 0.0014261738445431327
8.830439999834867 0.0071163834643760415 0.019693437216194987
8.851649999834065 0.0015445248283850743 0.001404186982933986
8.872859999833262 0.00700269352468097 0.019406097242746778
8.893059999832497 0.0015299514397385527 0.0013682162329775593
8.914269999831694 0.0069974931294322085 0.0193929565692752
8.93446999983093 0.001509830058067374 0.0013185485741584735
8.955679999830126 0.006986795932636736 0.019365918664815407
8.976889999829323 0.001402738813292559 0.0010541394133811721
8.997089999828559 0.00697071002653582 0.019325256800328816
9.018299999827756 0.00139532630732786 0.0010358471994709184
9.039509999826953 0.0068573770582264215 0.019038703610052554
9.059709999826188 0.001382428463145291 0.0010040127795485354
9.080919999825385 0.006853505748484201 0.019028922926778158
9.10111999982462 0.0013641561897119736 0.0009589099581486238
9.122329999823817 0.006844312250933626 0.019005686470507932
9.143539999823014 0.0012571333446671495 0.0006946707192700963
9.16373999982225 0.006829899628850611 0.01896925479875078
9.184949999821447 0.0012511267368146006 0.000679849122287024
9.205149999820682 0.006810376341229939 0.018919902109493236
9.226359999819879 0.0012398083833063955 0.0006519138971428085
9.247569999819076 0.006714367381049913 0.018677148549139932
9.267769999818311 0.0012232840784223153 0.0006111262203400969
9.288979999817508 0.006706588493998633 0.018657488316886628
9.310189999816705 0.0011164540366150888 0.0003473639923923244
9.33038999981594 0.006693755058882367 0.018625048951348422
9.351599999815138 0.0011117669262181717 0.0003357997101716137
9.371799999814373 0.0066759705732002406 0.018580092108522184
9.39300999981357 0.0011019364994494518 0.00031153762908298077
9.414219999812767 0.006580036390295585 0.01833724072886067
9.434419999812002 0.0010870636494108021 0.0002748268256191899
9.4556299998112 0.006573609547245618 0.018320942179106403
9.476839999810396 0.0009805423122152268 1.1827708223943745e-05
9.497039999809632 0.00656230474345365 0.01829226826087771
9.518249999808829 0.0009770924589295182 3.3177099179049208e-06
9.538449999808064 0.00654622038004804 0.01825146860631177
9.559659999807261 0.000969012429975824 1.7486656034293446e-05
9.580869999806458 0.006450582859757414 0.018008818626513712
9.601069999805693 0.0009566556306983554 5.034790901969899e-05
9.62227999980489 0.006445400639120579 0.017995677451221326
9.642479999804126 0.0009407973590799257 9.501609672390998e-05
9.663689999803323 0.00643549488659101 0.01797055268683012
9.68489999980252 0.0008764211062187721 0.0003179666691499605
9.705099999801755 0.0064209594614189625 0.017933682444082333
9.726309999800952 0.000872298658699755 0.0003355185765108182
9.747519999800149 0.006325511118213445 0.017691512941209186
9.767719999799384 0.0008657550233315269 0.00036474710701783764
9.788929999798581 0.006321496845547281 0.01768133462781707
9.809129999797817 0.000857197772230922 0.0004054137483500142
9.830339999797014 0.0063129088747546636 0.017659552848325877
9.85154999979621 0.000821173217456117 0.000628412076153495
9.871749999795446 0.006299836712536088 0.017626394671332868
9.892959999794643 0.0008194708834622366 0.0006429070353641819
9.913159999793878 0.006282374485194309 0.017582098885238207
9.934369999793075 0.0008164423648513441 0.0006687096133939363
9.955579999792272 0.006201760710622395 0.01737756499801124
9.975779999791508 0.0008126165787097905 0.0007055922636500789
9.996989999790705 0.006194413075319871 0.017358929733191086
10.018199999789902 0.000797543010819357 0.0009283663281123289
10.038399999789137 0.006182722442536703 0.01732927627606795
10.059609999788334 0.0007970646070913913 0.0009399905181117774
10.07980999978757 0.006166778645796068 0.017288832523987274
10.101019999786766 0.0007964514688785229 0.0009625642763300135
10.122229999785963 0.006086362234510867 0.017084030345071444
10.142429999785199 0.0007955477415935164 0.000995870564912682
10.163639999784396 0.006080204512156184 0.01706835441597221
10.184849999783593 0.000796522021018875 0.0012181667148336572
10.205049999782828 0.006069856691581554 0.0170420079153355
10.226259999782025 0.0007967680157776602 0.0012270973782646521
10.24645999978126 0.0060554041676330606 0.01700520830194563
10.267669999780457 0.000797308002092878 0.0012466302141023178
10.288879999779654 0.005974987541222387 0.01680040265215066
10.30907999977889 0.0007983819339613119 0.0012765582557139332
10.330289999778087 0.005969921954310009 0.01678750777671656
10.350489999777322 0.0008000154225109579 0.0013166638220596383
10.371699999776519 0.005960798730599293 0.016764279654213343
10.392909999775716 0.0008115079797862412 0.0015045461160934082
10.413109999774951 0.005947699335846823 0.016730925737806768
10.434319999774148 0.0008128121866727288 0.0015212170816680803
10.455529999773345 0.005867378229096665 0.016526363819657774
10.47572999977258 0.0008149048262392489 0.0015479558698183737
10.496939999771778 0.0058633381126044215 0.016516080236117503
10.517139999771013 0.0008180960093029377 0.0015845547323811715
10.53834999977021 0.00585536888719651 0.01649579071372198
10.559559999769407 0.0008372555014138916 0.0017726456543631919
10.579759999768642 0.005843548252928321 0.01646569311578583
10.60096999976784 0.0008388412377059451 0.0017866253275600208
10.622179999767036 0.005763413167600651 0.016261605384393363
10.642379999766272 0.0008415787048422496 0.001810355114861828
10.663589999765469 0.005760335060314037 0.016253771490615243
10.683789999764704 0.0008457286378565908 0.0018436367885010796
10.704999999763901 0.005753470398200733 0.016236249220880072
10.726209999763098 0.0008712171160674133 0.002031695603332828
10.746409999762333 0.0057429012667553625 0.016209227250663094
10.76761999976153 0.0008728924483214494 0.0020431464470505034
10.787819999760766 0.005728694794639333 0.01617290405812044
10.809029999759963 0.0008759498343369199 0.002064039107962934
10.83023999975916 0.0056611976761250515 0.016000290254070126
10.850439999758395 0.0008805741062526407 0.0020941844853683556
10.871649999757592 0.0056553618898905755 0.01598537196727534
10.892859999756789 0.000911319401448174 0.0022819865219569913
10.913059999756024 0.005645928181870152 0.015961253262308794
10.934269999755221 0.0009129249079778967 0.0022910632275441323
10.954469999754457 0.005632970627173828 0.01592812355308837
10.975679999753654 0.0009161481578588982 0.002309282610657437
10.99688999975285 0.005565412431176919 0.015755354010205114
11.017089999752086 0.0009209572391345455 0.002336464316798903
11.038299999751283 0.005560534202998735 0.01574288417149905
11.05950999975048 0.0009559318308952625 0.0025238001682637012
11.079709999749715 0.005552171631778791 0.015721504349752724
11.100919999748912 0.0009572744161701064 0.0025306499873756216
11.121119999748148 0.005540395394941333 0.015691395270855946
11.142329999747345 0.000960352641893647 0.0025463522517976678
11.163539999746542 0.005472861682936481 0.015518688765980837
11.183739999745777 0.0009651327907206353 0.0025707349871395557
11.204949999744974 0.005468883083416642 0.015508519249152197
11.22514999974421 0.0009716111922305483 0.002603617257201929
11.246359999743406 0.005461530353337296 0.01548972157662254
11.267569999742603 0.0010045275268109055 0.002762172811998642
11.287769999741839 0.005450870913547012 0.015462468146865138
11.308979999741036 0.001007383247526028 0.0027755067493639984
11.330189999740233 0.005383445456272784 0.015290028814007872
11.350389999739468 0.0010120396469870396 0.0027972476178250716
11.371599999738665 0.005380325355031967 0.015282018586282309
11.3917999997379 0.0010184597418794183 0.002827222749668401
11.413009999737097 0.00537395267867502 0.015265653656137967
11.434219999736294 0.0010537704213294807 0.002985889777729067
11.45441999973553 0.005364391439693694 0.015241098441776124
11.475629999734727 0.0010563398110475797 0.0029969971252485905
11.496839999733924 0.00529744165949797 0.01506911650007714
11.517039999733159 0.001060792617055828 0.0030162459523697116
11.538249999732356 0.00529510998918159 0.01506313132038084
11.558449999731591 0.0010670907286413067 0.003043471516073204
11.579659999730788 0.00528962903159913 0.015049056746008205
11.600869999729985 0.0011045508761216016 0.0032020511800179285
11.62106999972922 0.005281059822243028 0.015027049548499427
11.642279999728418 0.0011067104825753793 0.003211066918462624
11.662479999727653 0.005269466587813243 0.014997274696582075
11.68368999972685 0.0011107586410381565 0.003227966554197881
11.704899999726047 0.005212763894895223 0.014851614127342483
11.725099999725282 0.0011166795166668297 0.0032525929395843534
11.74630999972448 0.005208121838554569 0.014839694245227797
11.767519999723676 0.0011559453079524884 0.0034108997471249403
11.787719999722912 0.005200488881545562 0.014820091798850576
11.808929999722109 0.001157745535612209 0.0034179523867083894
11.829129999721344 0.005189926313679094 0.014792964213627968
11.850339999720541 0.0011614943181665893 0.0034326389972139104
11.871549999719738 0.005133195193633422 0.014647231007081096
11.891749999718973 0.0011671534019096486 0.003454809708658413
11.91295999971817 0.0051293417281886855 0.014637336594702788
11.934169999717367 0.0012078504596219064 0.0036126708510386685
11.954369999716603 0.005122591833457091 0.014620002279808197
11.9755799997158 0.001209219970221831 0.003617882709883169
11.995779999715035 0.005113003984016928 0.01459537825712065
12.016989999714232 0.0012125315569699868 0.0036304860587699217
12.038199999713429 0.0050563147801957475 0.014449753086875905
12.058399999712664 0.0012177476750978578 0.0036503380035468602
12.079609999711861 0.005053201996260914 0.01444176108843509
12.099809999711097 0.001224828810278522 0.003677288153902669
12.121019999710294 0.005047284452587064 0.014426564652381124
12.14222999970949 0.001260613534354471 0.0038110801851232168
12.162429999708726 0.005038640960697061 0.014404307042992226
12.183639999707923 0.0012634876159928199 0.003821723904096075
12.20484999970712 0.004982333664213967 0.014258958417845413
12.225049999706355 0.0012682571675406429 0.0038393876635844926
12.246259999705552 0.004979927669686246 0.014252751681143039
12.266459999704788 0.0012748834402719345 0.0038639279545948924
12.287669999703985 0.0049748190283390725 0.01423956897105283
12.308879999703182 0.0013117495553404135 0.003997760415364038
12.329079999702417 0.004967060673096713 0.0142195469106432
12.350289999701614 0.001314188275924777 0.0040065622629925635
12.371499999700811 0.004910921188915229 0.0140746317807805
12.391699999700046 0.0013185103864846726 0.0040221623576974785
12.412909999699243 0.004909163695592023 0.014070098806340248
12.433109999698479 0.0013246779563228506 0.004044423786675466
12.454319999697676 0.004904789429618028 0.01405881151221866
12.475529999696873 0.001362471254331754 0.004178132497667519
12.495729999696108 0.00489784885864708 0.014040900159517644
12.516939999695305 0.0013644789358242537 0.004185204607609627
12.53713999969454 0.004888395106647181 0.014016501863467479
12.558349999693737 0.0013683551664472882 0.00419885975132539
12.579559999692934 0.0048407836493158385 0.013893599196379558
12.59975999969217 0.0013740628784146836 0.00421896733795446
12.620969999691367 0.004837100089605584 0.013884094607197195
12.642179999690564 0.0014126418300198784 0.0043523992054539384
12.662379999689799 0.004830931171075026 0.013868174893438834
12.683589999688996 0.0014142247177988398 0.00435784832736319
12.703789999688231 0.0048223275849827996 0.013845970892090165
12.724999999687428 0.0014176587960093023 0.004369671670367836
12.746209999686625 0.004774711152480848 0.013723055711178933
12.76640999968586 0.0014229078974078435 0.004387744701150886
12.787619999685058 0.004771676706354255 0.013715226474164677
12.807819999684293 0.0014299339843754089 0.004411936445469777
12.82902999968349 0.004766235451441503 0.013701184861836246
12.850239999682687 0.0014632994450062276 0.004524684891471509
12.870439999681922 0.004758435747311829 0.013681055693948174
12.89164999968112 0.0014662970176219092 0.004534784253751312
12.912859999680316 0.00471097335266768 0.013558277161251908
12.933059999679552 0.0014710908980239967 0.004550936521285909
12.954269999678749 0.004708561117798493 0.013552021056362218
12.974469999677984 0.0014776439901543759 0.004573016694631171
12.995679999677181 0.004703830506909701 0.013539749309099403
13.016889999676378 0.0015115717826782449 0.004685900014556044
13.037089999675613 0.004696827403197323 0.01352158097075451
13.05829999967481 0.0015141401911858976 0.004694378112302111
13.079509999674007 0.00464961921169138 0.013399078145481802
13.099709999673243 0.0015184841464869203 0.004708718144308399
13.12091999967244 0.004647775789944353 0.013394297868052352
13.141119999671675 0.0015245675214853316 0.004728800838316172
13.162329999670872 0.004643687555433873 0.013383692826074434
13.183539999670069 0.0015589292859213846 0.004841673817979064
13.203739999669304 0.004637398261457926 0.013367376545558862
13.224949999668501 0.0015610773535577047 0.0048486284778936906
13.245149999667737 0.004628953931506974 0.01334546844171669
13.266359999666934 0.0015649783604880785 0.004861259755162273
13.28756999966613 0.004589035806271902 0.013241881835712732
13.307769999665366 0.0015705971703751098 0.004879453868733563
13.328979999664563 0.00458555206428668 0.013232845204469434
13.35018999966376 0.0016054060829193695 0.004992180980933902
13.370389999662995 0.004579936591033951 0.013218277224102959
13.391599999662192 0.0016071124597043518 0.004997705349818471
13.411799999661428 0.00457223330888612 0.013198291859106703
13.433009999660625 0.0016105162493424974 0.005008726521271711
13.454219999659822 0.004532275724275392 0.013094603155616724
13.474419999659057 0.001615643629323871 0.005025135974678907
13.495629999658254 0.004529360386176351 0.013087041297332735
13.516839999657451 0.0016510079482593418 0.005137590898474098
13.537039999656686 0.004524380596568123 0.013074122664802346
13.558249999655883 0.001652323841662362 0.005141773640682246
13.578449999655119 0.004517378263797167 0.013055955996454927
13.599659999654316 0.0016553135417023412 0.005151278722825836
13.620869999653513 0.004477432074164178 0.012952297140700342
13.641069999652748 0.001659944504949995 0.005166002665202285
13.662279999651945 0.00447505077067456 0.012946120879131495
13.68247999965118 0.0016661824940275018 0.005185836602406013
13.703689999650377 0.004470670302441304 0.012934757247362594
13.724899999649574 0.0016964179366910637 0.005280993316947313
13.74509999964881 0.004464330647245385 0.012918309974052633
13.766309999648007 0.0016990032359012197 0.005289071890257624
13.787519999647204 0.004424544319739487 0.012814804081839881
13.807719999646439 0.001703205739702729 0.005302204896429075
13.828929999645636 0.004422674945351646 0.012809928512369506
13.849129999644871 0.0017089922063330265 0.005320288443233512
13.870339999644068 0.004418880690470139 0.012800029944703972
13.891549999643265 0.0017394608175403947 0.005415519531470903
13.9117499996425 0.004413199467571016 0.01278520730776389
13.932959999641698 0.0017416169790642755 0.005422256927700708
13.954169999640895 0.0043736399628643285 0.012681969106576041
13.97436999964013 0.0017453392907043062 0.005433889189287999
13.995579999639327 0.004372238096698955 0.012678313413116982
14.015779999638562 0.0017505964493085282 0.0054503171911024495
14.03698999963776 0.004368972464264265 0.012669794199005047
14.058199999636956 0.0017815509074344813 0.005545502759429777
14.078399999636192 0.004363879215416588 0.012656505794095274
14.099609999635389 0.001783332769278445 0.00555098024237477
14.119809999634624 0.004356996388053869 0.012638547455068316
14.141019999633821 0.0017866561614903187 0.00556119775173558
14.162229999633018 0.004323499279948684 0.012551129324955834
14.182429999632253 0.0017914903322407971 0.005576060731227184
14.20363999963145 0.004320730974561204 0.01254390780297543
14.224849999630647 0.0018223936684650388 0.005671088931225032
14.245049999629883 0.004316192654036266 0.01253206740094992
14.26625999962908 0.0018237909302825095 0.00567538387004074
14.286459999628315 0.004309920617244556 0.012515702838378218
14.307669999627512 0.001826680862765939 0.0056842685960400985
14.328879999626709 0.004276404134174849 0.012428234395767124
14.349079999625944 0.0018310464754884848 0.005697652931091479
14.370289999625141 0.00427410334615963 0.01242223278009602
14.391499999624338 0.0018623430973652155 0.0057924195571157355
14.411699999623574 0.00427008844085186 0.012411758150632224
14.43290999962277 0.0018633958279089535 0.005795605589398178
14.453109999622006 0.0042643940504415445 0.01239690087725398
14.474319999621203 0.0018659162590713987 0.005803235644885607
14.4955299996204 0.004230899938055699 0.012309491048323462
14.515729999619635 0.0018698759933644116 0.00581522374101251
14.536939999618832 0.004229038280221253 0.012304635265747432
14.557139999618068 0.001875245145456228 0.005831479390250305
14.578349999617265 0.004225516745938518 0.012295448011168109
14.599559999616462 0.001901763888414121 0.005911779043032972
14.619759999615697 0.004220368369805105 0.012282015486209108
14.640969999614894 0.001903894508410331 0.005918228850276819
14.662179999614091 0.00418693556462213 0.012194765868311919
14.682379999613326 0.0019074190562011761 0.005928899306228974
14.703589999612523 0.004185486011936024 0.012190985400029053
14.723789999611759 0.0019123090136196064 0.005943704062483235
14.744999999610956 0.00418242921149492 0.012183010794875049
14.766209999610153 0.001939150851468896 0.006024033852769506
14.786409999609388 0.004177801037677731 0.012170924258914084
14.807619999608585 0.0019409409659729702 0.006029374297855661
14.828829999607782 0.004144668359818304 0.012083929484896228
14.849029999607017 0.0019441007661494814 0.006038802063257354
14.870239999606214 0.004143611653411372 0.012081157214827165
14.89043999960545 0.0019486026451882577 0.006052234769249321
14.911649999604647 0.0041410082157496975 0.012074324050914687
14.932859999603844 0.001975497245292779 0.0061324957303265926
14.953059999603079 0.004136887901109221 0.012063508371074061
14.974269999602276 0.0019769382077520214 0.006136794313660321
14.994469999601511 0.004131282133352787 0.012048792675167785
15.015679999600708 0.0019797055021748555 0.0061450508435534346
15.036889999599905 0.004103188738663666 0.011975028526778342
15.05708999959914 0.0019837727960742013 0.0061571867421283955
15.078299999598338 0.00410099424710586 0.011969268963207824
15.099509999597535 0.002010613458746646 0.006237286583898882
15.11970999959677 0.004097330715850389 0.01195965247947628
15.140919999595967 0.0020117268033833513 0.006240607564678147
15.161119999595202 0.004092228130336384 0.011946257798278737
15.1823299995944 0.0020141491414535917 0.006247760964273041
15.203539999593596 0.004064129773999947 0.011872480830377174
15.223739999592832 0.0020178565625452727 0.006258671848491382
15.244949999592029 0.004062319616967902 0.011867730253634079
15.265149999591264 0.0020228137972357896 0.006273261413369813
15.286359999590461 0.004059086842053583 0.01185924463572574
15.307569999589658 0.002045802256766871 0.006340929162129694
15.327769999588893 0.004054460055694542 0.011847099078943213
15.34897999958809 0.0020478803376424715 0.006347044328713913
15.370189999587287 0.004026390985153894 0.011773399199621615
15.390389999586523 0.002051194816647839 0.006356798686013576
15.41159999958572 0.004024941727693632 0.011769596084609812
15.431799999584955 0.0020557201406604664 0.0063701170232577375
15.453009999584152 0.004022114896846007 0.011762176191343343
15.47421999958335 0.0020787378676698776 0.006437870758169151
15.494419999582584 0.004017937777485936 0.011751211152943863
15.515629999581781 0.0020804842014282565 0.0064430095172096635
15.536839999580978 0.003989929922235569 0.011677672184717824
15.557039999580214 0.002083427930239967 0.00645167266530855
15.57824999957941 0.003988819256017351 0.011674757964230675
15.598449999578646 0.0020875446716500656 0.006463788436672502
15.619659999577843 0.0039863747209867295 0.011668341710358021
15.64086999957704 0.002110561931362054 0.006531540642029654
15.661069999576275 0.003982622335745534 0.011658491731725285
15.682279999575472 0.002111996523743054 0.006535761876858004
15.702479999574708 0.003977589467531462 0.011645279877259274
15.723689999573905 0.0021145932431461123 0.006543396096470033
15.744899999573102 0.00395391211804208 0.011583110653679007
15.765099999572337 0.0021183724436706353 0.006554374839096155
15.786309999571534 0.003951827345381909 0.011577638881243857
15.807519999570731 0.0021416618358832684 0.0066220438351694
15.827719999569966 0.003948475910593996 0.011568841522135997
15.848929999569163 0.002142818682810077 0.0066254036108381875
15.869129999568399 0.003943883931707304 0.011556787145827752
15.890339999567596 0.0021451130242902128 0.006632068274659009
15.911549999566793 0.003920294491747245 0.01149455208017125
15.931749999566028 0.0021485223851103186 0.006641972528975693
15.952959999565225 0.003918559414432421 0.01148996843408634
15.974169999564422 0.0021717569850939755 0.006709482179734216
15.994369999563657 0.003915605646971687 0.011482164144704932
16.015579999562856 0.00217263568227688 0.006712033863998101
16.03577999956209 0.003911457947582742 0.011471204638491272
16.05698999956129 0.0021746157759993112 0.006717785556398237
16.078199999560486 0.0038879151267932066 0.011408983244010074
16.09839999955972 0.0021776758348037717 0.006726674991575088
16.119609999558918 0.00388649582976941 0.011405234053574187
16.139809999558153 0.0021817933129290035 0.00673863666581509
16.16101999955735 0.0038838963772280795 0.011398366055703768
16.182229999556547 0.002201449276552525 0.006795748807231217
16.202429999555783 0.003880140387298448 0.011388441664073046
16.22363999955498 0.00220313367969982 0.006800641443049926
16.244849999554177 0.0038566307529537265 0.011326308137715735
16.265049999553412 0.002205864026772697 0.0068085729754807645
16.28625999955261 0.003855507899152899 0.011323342303226624
16.306459999551844 0.0022096188017239893 0.006819480892994445
16.32766999955104 0.003853242280338676 0.01131735647367238
16.34887999955024 0.0022293576616473354 0.0068766417210097686
16.369079999549474 0.0038498564218429903 0.011308410174615258
16.39028999954867 0.002230781412895899 0.006880726658431424
16.411499999547868 0.003826406140916117 0.011246433661415978
16.431699999547103 0.0022332305815156994 0.006887754566875515
16.4529099995463 0.003825561324346971 0.01124420254298153
16.473109999545535 0.0022366843853043328 0.006897665802951813
16.494319999544732 0.003823610020125767 0.011239047299949068
16.51552999954393 0.0022565914991617975 0.006954803071546056
16.535729999543165 0.003820573706778685 0.011231024691671365
16.55693999954236 0.0022577508505911004 0.006958129220380194
16.577139999541597 0.0038164749833170535 0.011220194438676945
16.598349999540794 0.0022599031866864516 0.006964305257717296
16.61955999953999 0.003796622836563457 0.011167726854310889
16.639759999539226 0.0022630286828373425 0.006973274287380704
16.660969999538423 0.003794967249765358 0.01116335305375582
16.68217999953762 0.002282904150975984 0.007030320595957651
16.702379999536856 0.0037922608454967754 0.011156202246265234
16.723589999536053 0.0022838153279297613 0.007032934522643863
16.743789999535288 0.003788525189884262 0.011146331423483868
16.764999999534485 0.0022856880200665675 0.007038308018370021
16.786209999533682 0.003768660167861815 0.011093829963415569
16.806409999532917 0.0022885033206243577 0.007046386821762951
16.827619999532114 0.0037672825838743758 0.011090190791496202
16.84882999953131 0.0023083252602214 0.007103279370357374
16.869029999530547 0.0037648873633021607 0.011083862300775849
16.890239999529744 0.002309003706035706 0.007105225395609427
16.91043999952898 0.0037614950822220106 0.01107489886597035
16.931649999528176 0.0023106131347343517 0.007109843360753043
16.952859999527373 0.003741642023253333 0.01102242916521945
16.97305999952661 0.002313135518893006 0.007117081528684732
16.994269999525805 0.0037405255728543145 0.011019480044738295
17.01446999952504 0.002316551887659668 0.0071268854538231174
17.035679999524238 0.0037384236832456175 0.011013926693570486
17.056889999523435 0.0023333439799745337 0.00717508218782692
17.07708999952267 0.003735355981643429 0.011005820978760017
17.098299999521867 0.0023347057515591407 0.007178989412104375
17.119509999521064 0.0037155380540774274 0.0109534442600423
17.1397099995203 0.002336951700313006 0.007185434244216804
17.160919999519496 0.0037146666771884496 0.010951142749870968
17.18111999951873 0.002340063723036745 0.007194364728368985
17.20232999951793 0.0037128458598968406 0.010946319569304919
17.223539999517126 0.0023570464150418635 0.007242582829070088
17.24373999951636 0.003710104104735046 0.010939024182832213
17.264949999515558 0.0023581885349658327 0.007245821973922428
17.286159999514755 0.003690480924093409 0.010886797474463084
17.30635999951399 0.0023601968601881795 0.007251518574535876
17.327569999513187 0.003689843828264427 0.010885103182234346
17.347769999512423 0.002363053918260194 0.007259623061772746
17.36897999951162 0.003688289298697023 0.010880967320558987
17.390189999510817 0.002380035335995734 0.0073078028981043985
17.410389999510052 0.0036858350572663845 0.010874437050423236
17.43159999950925 0.002380956276486268 0.007310414587968772
17.451799999508484 0.003682499756515134 0.010865562010420327
17.47300999950768 0.0023827160080109877 0.007315405957319943
17.49421999950688 0.003665864773223615 0.010821287890905307
17.514419999506114 0.0023852978644297584 0.007322729725500743
17.53562999950531 0.0036645531833148226 0.010817798521411959
17.556839999504508 0.002402246234583405 0.0073708156865692764
17.577039999503743 0.0036623702519033015 0.010811990246129
17.59824999950294 0.0024029596278750676 0.0073728385951321584
17.618449999502175 0.0036593337777914843 0.010803910431977926
17.639659999501372 0.0024044852128307648 0.007377165720046097
17.66086999950057 0.0036426947362379054 0.010759625635270442
17.681069999499805 0.0024068070959680776 0.007383751971479224
17.702279999499 0.0036416114743735854 0.010756743874584807
17.722479999498237 0.0024099085638943363 0.007392549934481796
17.743689999497434 0.0036396844019693786 0.010751616476700754
17.76489999949663 0.00242422298220879 0.007433163203185433
17.785099999495866 0.0036369304996074496 0.01074428863054866
17.806309999495063 0.0024255281873478696 0.00743686513878794
17.82751999949426 0.0036203077566845376 0.010700047328426887
17.847719999493496 0.002427604624477109 0.00744275508685055
17.868929999492693 0.0036194389095800528 0.010697736150722115
17.889129999491928 0.002430436342221509 0.00745078779369468
17.910339999491125 0.003617752966248999 0.010693250429971712
17.931549999490322 0.002444770000104235 0.007491455536901004
17.951749999489557 0.003615266123089489 0.010686633269241241
17.972959999488754 0.0024458679405914285 0.0074945694897632364
17.99416999948795 0.0035986786589552455 0.010642485969092341
18.014369999487187 0.0024477127867275073 0.007499802440291692
18.035579999486384 0.003598010981940347 0.010640710127218789
18.05577999948562 0.0024502893176895357 0.007507111207294415
18.076989999484816 0.003596552128713459 0.010636828723864511
18.098199999484013 0.0024646236295071677 0.007547780700722928
18.11839999948325 0.0035943175440846797 0.010630882861140112
18.139609999482445 0.0024655267963563654 0.007550342108308961
18.15980999948168 0.003591323472510677 0.010622915769409325
18.181019999480878 0.002467161111021521 0.007554955540578501
18.202229999480075 0.0035773039197987133 0.010585602542312333
18.22242999947931 0.00246952194840655 0.007561579803694318
18.243639999478507 0.0035760587793003396 0.010582289856420068
18.264849999477704 0.002483996407685707 0.007602201835965605
18.28504999947694 0.0035740623344442386 0.010576977718912417
18.306259999476136 0.0024847245935198936 0.007604244438530472
18.32645999947537 0.0035713300884445682 0.010569707387342309
18.34766999947457 0.0024861608462386497 0.0076082740813609995
18.368879999473766 0.00355729466551924 0.010532352032111003
18.389079999473 0.0024882911644954486 0.007614251473520017
18.410289999472198 0.0035562504942024957 0.01052957415045297
18.431499999471395 0.0025027323996873463 0.007654780169663589
18.45169999947063 0.0035544787241781335 0.010524859905258754
18.472909999469827 0.002503287147113009 0.007656336086814264
18.493109999469063 0.0035519941481283453 0.010518248663748953
18.51431999946826 0.002504527493560116 0.007659815991789554
18.535529999467457 0.0035379608563769205 0.010480899083631368
18.555729999466692 0.0025064400877873316 0.0076651824186591
18.57693999946589 0.0035371055175492656 0.010478623707366186
18.597139999465124 0.0025090108851717474 0.007672395954916311
18.61834999946432 0.003535545583755906 0.010474473188537559
18.63955999946352 0.0025212250815018766 0.007706674870999741
18.659759999462754 0.0035332951666248173 0.01046848508071685
18.68096999946195 0.0025222810837259857 0.007709637483721554
18.702179999461148 0.003519280804957225 0.010431185978798663
18.722379999460383 0.002523988158843471 0.0077144271948492715
18.74358999945958 0.0035186027431244327 0.010429382357368677
18.763789999458815 0.002526332903544093 0.007721006392213958
18.784999999458012 0.003517242407139243 0.010425762995691645
18.80620999945721 0.0025385583803743117 0.007755316871949081
18.826409999456445 0.0035152132559685963 0.01042036371055044
18.84761999945564 0.0025394410522174837 0.007757793099560928
18.86882999945484 0.0035012334805120116 0.010383156749504963
18.889029999454074 0.0025409542476945157 0.007762038758296619
18.91023999945327 0.003500721696355291 0.010381795611857925
18.930439999452506 0.0025430851781282904 0.007768017960707585
18.951649999451703 0.003499550212861968 0.01037867636848322
18.9728599994509 0.002555306424827708 0.007802316480931548
18.993059999450136 0.0034977436317982225 0.010373833171728464
19.014269999449333 0.0025560262551895807 0.007804335756733671
19.034469999448568 0.003495307506857337 0.010367301954783414
19.055679999447765 0.0025573566686646343 0.007808068504577825
19.076889999446962 0.003483563739880124 0.01033581061642419
19.097089999446197 0.0025592854656858455 0.007813480490193037
19.118299999445394 0.0034825756044831735 0.0103331619173197
19.13950999944459 0.002571488010980949 0.007847726443144243
19.159709999443827 0.003480964782265894 0.010328843585372116
19.180919999443024 0.00257205498625368 0.007849316791674887
19.20111999944226 0.0034787440624078902 0.010322889911607014
19.222329999441456 0.0025732131961382354 0.007852566314303644
19.243539999440653 0.0034669918842227254 0.010291376107596228
19.26373999943989 0.0025749510058489244 0.00785744236146968
19.284949999439085 0.0034661687424457632 0.010289169781940721
19.306159999438282 0.0025871213655257463 0.007891597909448489
19.326359999437518 0.003464742573728641 0.010285346538463358
19.347569999436715 0.0025875449907916126 0.007892786003482755
19.36776999943595 0.0034627255802495154 0.010279939094415269
19.388979999435147 0.002588541078388573 0.007895580590733253
19.410189999434344 0.0034509797389347123 0.010248442365912158
19.43038999943358 0.0025900985344472494 0.007899950540191103
19.451599999432776 0.003450311585583288 0.010246651588308175
19.47179999943201 0.0025922056851857 0.007905863092216858
19.49300999943121 0.003449059482549144 0.010243295045120338
19.514219999430406 0.0026025134819379625 0.00793479169803879
19.53441999942964 0.003447235069404364 0.01023840394528408
19.555629999428838 0.002603357052059052 0.007937158303084058
19.576839999428035 0.003435509322200714 0.010206961176895124
19.59703999942727 0.002604750056737992 0.007941050616488976
19.618249999426467 0.003434986631852488 0.010205560406828518
19.638449999425703 0.0026066896455447797 0.007946437376682436
19.6596599994249 0.003433898502287591 0.010202643504320097
19.680869999424097 0.0026171091079887354 0.007975380726155112
19.701069999423332 0.003432256033968351 0.010198240232517364
19.72227999942253 0.002617816536621076 0.007977345022325277
19.743489999421726 0.003420563196855131 0.010166885785134472
19.76368999942096 0.002619055901282308 0.007980786841232934
19.78489999942016 0.003420176903487282 0.010165850715038172
19.805099999419394 0.002620816463950293 0.007985676357680216
19.82630999941859 0.0034192431300362753 0.010163347666836131
19.847519999417788 0.002631228328252244 0.008014598527195105
19.867719999417023 0.003417772460287183 0.010159405018117518
19.88892999941622 0.0026317997108580293 0.008016184961823214
19.909129999415455 0.003415776033419804 0.010154052636934807
19.930339999414652 0.0026328861961574246 0.008019202162623529
19.95154999941385 0.003405865932420538 0.010127478356181108
19.971749999413085 0.002634477541567537 0.008023621678943105
19.99295999941228 0.003405077352454211 0.01012536459502611
20.01416999941148 0.002644869744968692 0.008052489165644161
20.034369999410714 0.0034037688041183016 0.010121856623312997
20.05557999940991 0.0026453134608489526 0.008053721012857284
20.075779999409146 0.003401950916764762 0.010116982940910901
20.096989999408343 0.0026462559464419666 0.008056338258388696
20.11819999940754 0.0033920377463177998 0.010090400503237618
20.138399999406776 0.0026476874339073087 0.008060313771518501
20.159609999405973 0.003391385632754096 0.01008865262994707
20.18081999940517 0.002658048741612684 0.008089095371488497
20.201019999404405 0.003390229977942249 0.01008555459269811
20.222229999403602 0.0026583727656022127 0.00808999478154604
20.242429999402837 0.0033885809227243158 0.010081133582073853
20.263639999402034 0.0026591797130769423 0.008092235574830298
20.28484999940123 0.0033786768548499384 0.010054575622331363
20.305049999400467 0.0026604602709477954 0.008095791883722114
20.326259999399664 0.0033781528976722934 0.010053171355528523
20.3464599993989 0.0026622046361852725 0.008100636479391188
20.367669999398096 0.003377141339093726 0.01005045966553375
20.388879999397293 0.002670992154104157 0.008125046625440113
20.40907999939653 0.0033756518519004746 0.010046466486657302
20.430289999395725 0.002671671624504768 0.00812693335591197
20.451499999394922 0.0033657682360145325 0.010019963433638424
20.471699999394158 0.00267280976819928 0.008130094112146491
20.492909999393355 0.003365364524363534 0.010018881562978699
20.51310999939259 0.0026743972309607456 0.008134502911949504
20.534319999391787 0.0033644886774218956 0.010016533738477218
20.555529999390984 0.0026831857177748164 0.008158915684541856
20.57572999939022 0.003363149919042741 0.010012944691961678
20.596939999389416 0.002683745388759484 0.008160469677809257
20.61713999938865 0.0033613579502751456 0.010008140434425439
20.63834999938785 0.002684749238000106 0.008163257434246063
20.659559999387046 0.0033530063288848 0.009985745219887043
20.67975999938628 0.0026861883414280863 0.008167254166657756
20.700969999385478 0.003352258203829561 0.009983739838748118
20.722179999384675 0.0026949671230194205 0.008191639919574722
20.74237999938391 0.0033510617424415967 0.00998053231648921
20.763589999383107 0.002695414305094679 0.008192881480151293
20.783789999382343 0.0033494262030525634 0.009976147476808972
20.80499999938154 0.00269629160031315 0.008195317736048313
20.826209999380737 0.0033410645531796175 0.00995372543594053
20.846409999379972 0.00269759049707774 0.008198925046098982
20.86761999937917 0.0033404365388830515 0.009952042091099234
20.888829999378366 0.002706349622583648 0.008223256141592916
20.9090299993776 0.003339374332862688 0.009949194531289063
20.9302399993768 0.002706691274666606 0.008224204598072937
20.950439999376034 0.0033378867692683833 0.009945206443406907
20.97164999937523 0.00270744939324874 0.008226309844849844
20.992859999374428 0.0033295258538262873 0.009922786433036457
21.013059999373663 0.0027086158617659617 0.008229549337102071
21.03426999937286 0.003329010701419777 0.009921405688462226
21.054469999372095 0.002710182142605433 0.008233899361587138
21.075679999371292 0.0033280750831987667 0.009918897532845694
21.09688999937049 0.002717588811782634 0.008254473792490558
21.117089999369725 0.0033267274266278735 0.009915284562567184
21.138299999368922 0.0027182347831075093 0.00825626755411868
21.15950999936812 0.0033183772901859143 0.009892893513374634
21.179709999367354 0.0027192762432415307 0.008259159838208685
21.20091999936655 0.003317968097790391 0.00989179686379238
21.221119999365786 0.002720705044259364 0.008263128012742094
21.242329999364983 0.0033171517580325993 0.009889608514557224
21.26353999936418 0.0027281190547079337 0.008283722779689473
21.283739999363416 0.0033159363087917892 0.009886350017462853
21.304949999362613 0.002728659574915082 0.00828522365537987
21.32615999936181 0.0033076063131868283 0.009864013029659002
21.346359999361045 0.002729583102740407 0.00828778838484201
21.367569999360242 0.0033072965112012076 0.009863182859559672
21.387769999359477 0.0027308818638915877 0.008291395374349086
21.408979999358674 0.0033065924839797973 0.009861295639213008
21.43018999935787 0.0027382937759369286 0.008311984259001814
21.450389999357107 0.0033055018959630145 0.009858371918536335
21.471599999356304 0.002738735222143407 0.008313209961285928
21.49179999935554 0.0033040328107509787 0.009854433317668665
21.513009999354736 0.002739547564444167 0.008315465875641248
21.534219999353933 0.0032969840914796045 0.009835531902169237
21.55441999935317 0.002740723386558952 0.00831873140365591
21.575629999352365 0.003296385739619767 0.00983392801507943
21.596839999351563 0.002748124392255913 0.00833928994280475
21.617039999350798 0.0032954197696740684 0.00983132028281597
21.638249999349995 0.0027484728360452904 0.008340257335515133
21.65844999934923 0.0032940910323564503 0.009827729338751645
21.679659999348427 0.0027491804240361573 0.008342222297996749
21.700869999347624 0.003287093017127596 0.00980881317197424
21.72106999934686 0.0027502400831750373 0.0083451651839761
21.742279999346056 0.0032865980012126705 0.00980747566556861
21.763489999345254 0.00275763910661575 0.008365670581733653
21.78368999934449 0.0032857433128004043 0.009805166005483201
21.804899999343686 0.0027579028644867387 0.008366395716830066
21.82509999934292 0.0032845362353584044 0.00980190387701585
21.846309999342118 0.0027585177399790384 0.008368086750931703
21.867519999341315 0.0032775415568709887 0.009782996778995301
21.88771999934055 0.0027594769232858196 0.00837072495081248
21.908929999339747 0.0032771391289293517 0.009781909510964137
21.929129999338983 0.0027607732490336767 0.008374290606338874
21.95033999933818 0.0032763884058139014 0.009779880840332655
21.971549999337377 0.0027670846936426186 0.00839165414696641
21.991749999336612 0.0032752963352337128 0.00977692954614584
22.01295999933581 0.0027676058825089056 0.00839308747166978
22.034169999335006 0.0032683132151622996 0.00975805373726324
22.05436999933424 0.002768460528224548 0.008395438112318576
22.07557999933344 0.0032679976887891593 0.009757201338222998
22.095779999332674 0.0027696417928669836 0.008398687258470705
22.11698999933187 0.0032673449064856137 0.00975543737489204
22.138199999331068 0.002775956887429376 0.008416060792981739
22.158399999330303 0.003266361494425607 0.009752779756433405
22.1796099993295 0.0027763900059362134 0.008417251857872898
22.200819999328697 0.003259397592473401 0.009733955938473482
22.221019999327932 0.002777146051119117 0.008419331270770325
22.24222999932713 0.0032591635554395375 0.009733323780491965
22.262429999326365 0.002778218498973195 0.008422281085063155
22.283639999325562 0.003258602973088887 0.00973180900759596
22.30484999932476 0.0027845293765093038 0.008439642973712136
22.325049999323994 0.003257722163167332 0.009729428695548492
22.34625999932319 0.002784879772795512 0.008440606490256464
22.366459999322426 0.0032565277745687515 0.009726200814963448
22.387669999321623 0.002785542877532965 0.008442430244948174
22.40887999932082 0.0032506269076504335 0.009710250290340117
22.429079999320056 0.002786512467910396 0.008445097119691436
22.450289999319253 0.003250153055640026 0.009708969924349109
22.47149999931845 0.0027928117909744588 0.008462427178945742
22.491699999317685 0.0032493690714566763 0.009706851306501285
22.512909999316882 0.0027930845564745344 0.008463177153450463
22.533109999316117 0.003248281299807698 0.009703911584779679
22.554319999315315 0.0027936601160390984 0.008464760092163903
22.57552999931451 0.003242378219831865 0.009687955121917557
22.595729999313747 0.002794532535117633 0.008467159669911517
22.616939999312944 0.0032419858884051855 0.009686895082583469
22.63814999931214 0.002800813469213792 0.008484439100620023
22.658349999311376 0.0032412932216415724 0.009685023271177595
22.679559999310573 0.002801013449750034 0.008484988862889065
22.69975999930981 0.0032403062727154315 0.00968235604765777
22.720969999309006 0.0028015066052785587 0.008486345127267647
22.742179999308203 0.003234408253598331 0.00966641330504281
22.762379999307438 0.0028022872776082286 0.00848849233014981
22.783589999306635 0.003234092481964157 0.009665560184479727
22.80378999930587 0.002803349511012354 0.008491414087652416
22.824999999305067 0.003233485881357967 0.00966392098639135
22.846209999304264 0.0028086752723203157 0.008506065879776425
22.8664099993035 0.0032325942254554096 0.009661511315450788
22.887619999302697 0.0028090909217458604 0.00850720894419732
22.908829999301894 0.0032267080501074963 0.009645600625485251
22.92902999930113 0.0028097850209960473 0.008509118003530158
22.950239999300326 0.003226464115773653 0.009644941659336936
22.97043999929956 0.0028107518869405768 0.008511777425102007
22.991649999298758 0.003225938576179921 0.00964352154674275
23.012859999297955 0.0028160785783245545 0.008526431737276852
23.03305999929719 0.003225136937199613 0.009641355168699128
23.054269999296388 0.0028164213866649357 0.00852737443446383
23.074469999295623 0.0032240649891656092 0.009638458174543452
23.09567999929482 0.0028170338460121735 0.008529058921635801
23.116889999294017 0.003219092330468909 0.00962501664387716
23.137089999293252 0.0028179105346329836 0.008531470284411924
23.15829999929245 0.00321864308249431 0.009623802725766684
23.179509999291646 0.0028232316635691257 0.008546109256724055
23.19970999929088 0.0032179264273040076 0.009621866035902649
23.22091999929008 0.002823506072743842 0.00854686380475922
23.241119999289314 0.003216947891241606 0.009619221511103504
23.26232999928851 0.002824041595256732 0.008548336656399869
23.283539999287708 0.0032119689210360347 0.009605762958575514
23.303739999286943 0.002824833059728582 0.008550513585892094
23.32494999928614 0.003211591421129034 0.009604742954705259
23.346159999285337 0.0028301425732630836 0.008565120568404527
23.366359999284573 0.003210954949657951 0.00960302297967619
23.38756999928377 0.0028303528116643273 0.008565698598883564
23.407769999283005 0.0032100647796741155 0.009600617285809854
23.428979999282202 0.0028308158795689042 0.008566972144896656
23.4501899992814 0.0032050859293605294 0.009587159093515929
23.470389999280634 0.002831526845715082 0.008568927641205981
23.49159999927983 0.00320477585031842 0.009586321309107415
23.511799999279066 0.0028324805231968453 0.008571550819480578
23.533009999278264 0.0032042149855751045 0.009584805678808372
23.55421999927746 0.0028369691999297064 0.008583899715852716
23.574419999276696 0.0032034083656331536 0.009582625799386957
23.595629999275893 0.0028373640842449532 0.008584985705306636
23.61683999927509 0.003198435637822073 0.009569184190261204
23.637039999274325 0.002837999060003704 0.008586732168625044
23.658249999273522 0.0031981888594935226 0.009568517488722783
23.678449999272758 0.0028388691770706576 0.008589125489355531
23.699659999271955 0.0031976992384782355 0.00956719441081999
23.72086999927115 0.002843362606030575 0.008601487425652365
23.741069999270387 0.0031969715725771453 0.009565227923824526
23.762279999269584 0.0028436933754677485 0.00860239705053889
23.78348999926878 0.0031920105624348993 0.009551818019581937
23.803689999268016 0.002844256660022748 0.008603946307395027
23.824899999267213 0.0031918231629753935 0.009551311801025975
23.84509999926645 0.0028450477365090654 0.008606122203824729
23.866309999265646 0.0031914006272620865 0.009550170035932393
23.887519999264843 0.0028495401762684835 0.008618481386069021
23.907719999264078 0.0031907475304829847 0.00954840508972099
23.928929999263275 0.002849810705498501 0.00861922530533965
23.94912999926251 0.003189868685595787 0.009546029971418957
23.970339999261707 0.0028503063979390397 0.008620588631991222
23.991549999260904 0.0031856716930228623 0.009534685142875698
24.01174999926014 0.0028510227479211503 0.00862255897170483
24.032959999259337 0.0031853122807575796 0.009533713982801117
24.054169999258534 0.002855508841050569 0.00863490066388417
24.07436999925777 0.00318472957056537 0.00953213927308294
24.095579999256966 0.0028557228192687134 0.008635489025732301
24.1157799992562 0.0031839281556222954 0.0095299734285903
24.1369899992554 0.0028561548271351933 0.008636677170925644
24.158199999254595 0.0031797275951424013 0.00951861898756956
24.17839999925383 0.002856800567327289 0.008638453278353442
24.199609999253028 0.0031794275321103127 0.009517808231129798
24.220819999252225 0.0028612753211725295 0.008650763746542722
24.24101999925146 0.0031789112197443403 0.00951641297686212
24.262229999250657 0.002861436259993244 0.008651206210796847
24.282429999249892 0.00317818304060713 0.009514445070180066
24.30363999924909 0.0028618083071015876 0.008652229418293356
24.324849999248286 0.0031739842210838365 0.00950309536531524
24.34504999924752 0.002862387364977459 0.00865382209768173
24.36625999924672 0.0031737399130512545 0.009502435298669454
24.386459999245954 0.0028631691223065525 0.008655972388604827
24.40766999924515 0.0031732861955084957 0.009501209221396412
24.428879999244348 0.0028669573740914833 0.008666394320444581
24.449079999243583 0.003172627248941851 0.009499428432679924
24.47028999924278 0.002867273008459459 0.008667262350015026
24.491499999241977 0.0031684351233480785 0.009488096849519234
24.511699999241213 0.0028677891301918113 0.00866868190561032
24.53290999924041 0.003168243148500172 0.009487578223588145
24.553109999239645 0.002868501625109654 0.008670641670138757
24.574319999238842 0.0031678484008411667 0.009486511525680363
24.59552999923804 0.002872292317553038 0.008681070287785975
24.615729999237274 0.0031672548671755063 0.009484907531376319
24.63693999923647 0.002872554918800785 0.008681792436437963
24.65814999923567 0.0031630740501235044 0.009473606541765545
24.678349999234904 0.00287301167690146 0.00868304869656722
24.6995599992341 0.0031629311515578577 0.009473220554467865
24.719759999233336 0.002873658666543877 0.0086848282696117
24.740969999232533 0.0031625919191135 0.00947230389836129
24.76217999923173 0.002877447060637417 0.008695250537527066
24.782379999230965 0.0031620601542152738 0.009470866848648729
24.803589999230162 0.0028776598469910653 0.008695835658412143
24.823789999229398 0.003161339857450818 0.0094689202181919
24.844999999228595 0.0028780606473760573 0.008696937991459208
24.86620999922779 0.003157798017633273 0.009459346331108787
24.886409999227027 0.002878645717363182 0.00869854723691832
24.907619999226224 0.0031575110091018876 0.009458570821840873
24.92882999922542 0.0028824273929323185 0.008708950997182718
24.949029999224656 0.003157037537217078 0.009457291322778616
24.970239999223853 0.002882593428418345 0.008709407518125989
24.99043999922309 0.003156381419634924 0.009455518152612363
25.011649999222286 0.002882941517475257 0.0087103648548581
25.032859999221483 0.003152838019968352 0.00944594007532551
25.053059999220718 0.002883468089177721 0.008711813184048012
25.074269999219915 0.003152600100416736 0.00944529723926335
25.095479999219112 0.0028872389287323275 0.008722187110077328
25.115679999218347 0.0031521816071856668 0.009444166332694959
25.136889999217544 0.0028873611294449875 0.008722523052695497
25.15708999921678 0.00315158618241318 0.009442557199368373
25.178299999215977 0.002887659600819714 0.008723343902805603
25.199509999215174 0.003148045604694283 0.00943298677460458
25.21970999921441 0.0028881309383266274 0.008724640295032504
25.240919999213606 0.0031478537889489955 0.00943246854337998
25.26111999921284 0.002888771558382741 0.008726402371472819
25.28232999921204 0.0031474871145116268 0.009431477688692791
25.303539999211235 0.0028919682525110346 0.008735196848941307
25.32373999921047 0.003146949055379933 0.009430023600165427
25.344949999209668 0.002892220053714256 0.008735889320610202
25.366159999208865 0.0031434153857528013 0.009420471871712799
25.3863599992081 0.0028926392699802905 0.008737042339557188
25.407569999207297 0.0031432668318787105 0.009420070565124838
25.427769999206532 0.0028932224819593344 0.008738646499006908
25.44897999920573 0.0031429489644443365 0.009419211622463397
25.470189999204926 0.002896419940385475 0.008747443055656667
25.49038999920416 0.0031424650964176908 0.009417903998643062
25.51159999920336 0.0028966278784270383 0.008748014871085008
25.531799999202594 0.0031418187117121525 0.009416157109942702
25.55300999920179 0.0028969979420079284 0.008749032682020541
25.574219999200988 0.0031388341437528218 0.009408089558138322
25.594419999200223 0.0028975268688422595 0.008750487514430638
25.61562999919942 0.003138562213437446 0.009407354770885057
25.636839999198617 0.0029007211804795707 0.00875927539174537
25.657039999197853 0.003138129508054033 0.009406185425997471
25.67824999919705 0.0029008879284622147 0.008759733903629385
25.698449999196285 0.0031375393526841266 0.009404590510775357
25.719659999195482 0.002901211669265491 0.008760624291304087
25.74086999919468 0.0031345507917714954 0.009396512189197015
25.761069999193914 0.0029016892913770187 0.008761937995416247
25.78227999919311 0.0031343220645801972 0.009395894167441021
25.80348999919231 0.0029048768097654776 0.008770707163696656
25.823689999191544 0.003133937633499339 0.009394855295663529
25.84489999919074 0.0029050049122346655 0.008771059371681655
25.865099999189976 0.003133400671436082 0.00939340414872758
25.886309999189173 0.0029052850274925435 0.008771829755593874
25.90751999918837 0.003130411991710158 0.009385325527078159
25.927719999187605 0.0029057141882692372 0.00877301015285159
25.948929999186802 0.0031302238636299324 0.00938481723290474
25.969129999186038 0.002906289273659879 0.00877459197842212
25.990339999185235 0.003129884952861595 0.009383901390014326
26.01154999918443 0.0029089833967447243 0.008782003838325725
26.031749999183667 0.0031293982863008774 0.009382586179551566
26.052959999182864 0.0029092224564135627 0.008782661288331273
26.07416999918206 0.0031264131037085363 0.009374517031768281
26.094369999181296 0.0029096058683195647 0.008783715840710027
26.115579999180493 0.0031262630954583814 0.009374111764182125
26.13577999917973 0.002910130654007914 0.008785159302149292
26.156989999178926 0.003125967079644743 0.009373311854543598
26.178199999178123 0.0029128278116683504 0.008792579489802499
26.198399999177358 0.0031255279431919854 0.009372125105744367
26.219609999176555 0.002913028264047046 0.008793130740669675
26.240819999175752 0.0031225496283949776 0.009364074540851863
26.261019999174987 0.0029133685139958176 0.00879406656407733
26.282229999174184 0.0031224353798058324 0.0093637659211665
26.30242999917342 0.0029138457195678757 0.008795379142978454
26.323639999172617 0.0031221797567198006 0.009363075181534342
26.344849999171814 0.0029165424534161044 0.00880279814495788
26.36504999917105 0.003121785512022579 0.009362009763336232
26.386259999170246 0.0029167066301917233 0.0088032496104673
26.40645999916948 0.0031212555416514354 0.009360577493200406
26.42766999916868 0.0029170061847741957 0.008804073490409348
26.448879999167875 0.003118736467855099 0.009353768218989256
26.46907999916711 0.002917438406029871 0.008805262326938568
26.490289999166308 0.003118518853432506 0.00935318020637288
26.511499999165505 0.0029201314888273044 0.008812671266977823
26.53169999916474 0.003118166983890336 0.009352229317460825
26.552909999163937 0.002920261610089625 0.008813029054599575
26.573109999163172 0.0031176836228502536 0.009350923021045343
26.59431999916237 0.002920522820506921 0.008813747458824572
26.615529999161566 0.0031151622387958207 0.009344107521558342
26.6357299991608 0.002920912534307596 0.008814819366809168
26.65693999916 0.0031149803619483496 0.009343616097612362
26.678149999159196 0.0029236125606643126 0.008822209970293926
26.69834999915843 0.0031146684674077108 0.009342773250031744
26.719559999157628 0.0029237116361866544 0.008822479892911517
26.739759999156863 0.003114229192080153 0.009341586106192956
26.76096999915606 0.0029239387981221387 0.008823098985333289
26.782179999155257 0.0031117086956591322 0.009334773023816911
26.802379999154493 0.002924291558319192 0.008824060464829309
26.82358999915369 0.0031115603935936154 0.009334372342095776
26.843789999152925 0.002924767299091968 0.008825357196495798
26.864999999152122 0.0031112861857358625 0.009333631351760019
26.88620999915132 0.0029270618193215636 0.008831612621540419
26.906409999150554 0.00311088858749331 0.009332556850449869
26.92761999914975 0.0029272547028915685 0.008832138275349788
26.94882999914895 0.0031083719623891115 0.00932575424944515
26.969029999148184 0.0029275692272914267 0.008832995528051946
26.99023999914738 0.0031082551758341292 0.009325438745044767
27.010439999146616 0.002928002894342918 0.008834177570016255
27.031649999145813 0.00310801647336445 0.009324793715748125
27.05285999914501 0.0029302990446022914 0.008840437421497871
27.073059999144245 0.0031076582539351087 0.009323825645424222
27.094269999143442 0.0029304597021061474 0.008840875231042045
27.11547999914264 0.0031051482801668358 0.009317041039147433
27.135679999141875 0.0029307381599208426 0.008841634170164703
27.15688999914107 0.0031050610492965314 0.009316805415116036
27.177089999140307 0.002931132034559747 0.008842707741907319
27.198299999139504 0.0031048557735008364 0.009316250728674813
27.2195099991387 0.0029334269341856345 0.008848964167162965
27.239709999137936 0.0031045347401350565 0.009315383162400437
27.260919999137133 0.00293355731996503 0.0088493194597139
27.28111999913637 0.0031041003562952696 0.00931420922158921
27.302329999135566 0.0029338017792663873 0.008849985722259035
27.323539999134763 0.0031019867273840425 0.009308462756829616
27.343739999133998 0.0029341580386645916 0.008850956758177375
27.364949999133195 0.003101814375696232 0.009307993060647668
27.386159999132392 0.002936449000659591 0.008857202433854017
27.406359999131627 0.003101530867520408 0.009307220346455036
27.427569999130824 0.0029365509752187213 0.008857480281443397
27.44776999913006 0.0031011384803252278 0.009306150822374626
27.468979999129257 0.0029367634074992655 0.008858059242033978
27.490189999128454 0.003099029580388435 0.009300401466616481
27.51038999912769 0.0029370841290767835 0.008858933405331282
27.531599999126886 0.003098886537196477 0.009300011661317331
27.552809999126083 0.002939368650153318 0.008865161507121133
27.57300999912532 0.0030986358481707166 0.009299328408274299
27.594219999124515 0.0029394439844840914 0.00886536673679883
27.61441999912375 0.0030982796861501742 0.009298357630693754
27.635629999122948 0.0029396262681532503 0.008865863515639116
27.656839999122145 0.0030961723370152017 0.009292612517097787
27.67703999912138 0.0029399134338049526 0.008866646208338658
27.698249999120577 0.0030960568212009543 0.009292297748053624
27.718449999119812 0.002940303305577152 0.008867708883819603
27.73965999911901 0.003095837066070084 0.009291698817814886
27.760869999118206 0.0029422395643654564 0.008872987595076598
27.78106999911744 0.003095515144260652 0.00929082137592907
27.80227999911664 0.0029423934891862347 0.008873407071174899
27.823489999115836 0.003093411786689093 0.009285087157906435
27.84368999911507 0.0029426489891718477 0.008874103446765425
27.864899999114268 0.0030933221026726576 0.009284842802925741
27.885099999113503 0.0029430039880213865 0.008875071061187345
27.9063099991127 0.003093131484630529 0.009284323296943064
27.927519999111897 0.0029449408350122885 0.008880351361595373
27.947719999111133 0.003092841909116406 0.009283534027770823
27.96892999911033 0.002945068105695836 0.008880698181834568
27.990139999109527 0.0030907448162904583 0.009277816901565039
28.010339999108762 0.002945293742456334 0.008881313153263903
28.03154999910796 0.0030906793503110435 0.009277638561500101
28.051749999107194 0.0029456157645552095 0.008882190875747487
28.07295999910639 0.003090516157090995 0.009277193812273765
28.09416999910559 0.00294755082229059 0.008887466285201207
28.114369999104824 0.0030902571211729457 0.009276487791087806
28.13557999910402 0.002947653062028155 0.008887744874463976
28.155779999103256 0.0030899042260997818 0.009275525905128035
28.176989999102453 0.0029478505539919375 0.008888283126284868
28.19819999910165 0.0030881256236499066 0.009270677008976769
28.218399999100885 0.0029481414088732283 0.008889075890361475
28.239609999100082 0.003087988224007132 0.00927030257016348
28.26081999909928 0.0029500724605033835 0.008894340365783737
28.281019999098515 0.0030877580044554875 0.009269675099399244
28.30222999909771 0.002950151214511698 0.008894554936300647
28.322429999096947 0.003087436857826309 0.00926879975685635
28.343639999096144 0.0029503221995109685 0.008895020932819797
28.36484999909534 0.0030856580709472943 0.009263950370508311
28.385049999094576 0.002950583613800628 0.008895733444636011
28.406259999093773 0.0030855449113692535 0.009263642006940298
28.42645999909301 0.002950933562410274 0.008896687305370854
28.447669999092206 0.00308534186519338 0.009263088607636139
28.468879999091403 0.0029525653340510827 0.008901135919181513
28.489079999090638 0.0030850507382004233 0.009262295096068573
28.510289999089835 0.00295271137265829 0.008901533915317561
28.531499999089032 0.0030832739265210796 0.009257451106858827
28.551699999088267 0.0029529449933127783 0.008902170664149
28.572909999087464 0.00308318352758874 0.009257204785506623
28.5931099990867 0.002953264387575927 0.008903041236196785
28.614319999085897 0.003083006088410834 0.009256721188277695
28.635529999085094 0.0029548981080056436 0.008907495150434208
28.65572999908433 0.00308274333132541 0.00925600501019419
28.676939999083526 0.002955020686986165 0.008907829198068207
28.698149999082723 0.0030809705082627263 0.009251171905944044
28.71834999908196 0.0029552280848527124 0.008908394466466962
28.739559999081155 0.003080901461886776 0.009250983788855471
28.75975999908039 0.002955518575987859 0.008909186251282453
28.780969999079588 0.0030807481368330114 0.009250565924123766
28.802179999078785 0.002957152142971653 0.008913639735308454
28.82237999907802 0.0030805121756019016 0.009249922788967524
28.843589999077217 0.0029572526781398434 0.008913913694652553
28.863789999076452 0.003080195305806832 0.009249059093185963
28.88499999907565 0.0029574353508831086 0.008914411564642233
28.906209999074846 0.003078696181529006 0.009244972113053862
28.92640999907408 0.002957698514974072 0.00891512885836665
28.94761999907328 0.00307856554821051 0.009244616103010195
28.968829999072476 0.0029593299667209916 0.008919576564625498
28.98902999907171 0.003078354881418721 0.009244041917910728
29.010239999070908 0.0029594098062648566 0.008919794110107127
29.030439999070143 0.003078065829867804 0.00924325405206039
29.05164999906934 0.0029595691816108882 0.008920228474273983
29.072859999068537 0.003076565230046624 0.009239163061025568
29.093059999067773 0.002959806522691899 0.00892087537737174
29.11426999906697 0.0030764559335146875 0.009238865212835012
29.135479999066167 0.0029614340306837184 0.008925312321805823
29.155679999065402 0.003076269129265508 0.009238356074670051
29.1768899990646 0.0029614944577915914 0.008925476951560096
29.197089999063834 0.003076006390456687 0.00923763993483373
29.21829999906303 0.002961631896409078 0.008925851518493122
29.23950999906223 0.003074506225101859 0.00923355013843219
29.259709999061464 0.002961844849359463 0.008926431941280732
29.28091999906066 0.0030744169748331274 0.009233306933520424
29.301119999059896 0.00296213174158777 0.008927213926912536
29.322329999059093 0.003074252667907174 0.009232859120689163
29.34353999905829 0.0029635089476174326 0.008930968528220173
29.363739999057525 0.0030740148049573923 0.009232210789866802
29.384949999056722 0.0029636257459929594 0.008931286831925789
29.40615999905592 0.0030725168561175353 0.009228127046390089
29.426359999055155 0.002963815679536075 0.008931804506329133
29.447569999054352 0.00307244642356641 0.00922793513581377
29.467769999053587 0.0029640772451596797 0.008932517453319466
29.488979999052784 0.00307230331253483 0.009227545100576329
29.51018999905198 0.0029654555209451816 0.008936274960569257
29.530389999051216 0.0030720889542651397 0.009226960841757226
29.551599999050413 0.0029655529139582804 0.008936540368065238
29.57280999904961 0.0030705948826209584 0.009222887677495795
29.593009999048846 0.002965721133393995 0.008936998852160372
29.614219999048043 0.003070542098393636 0.009222743874059969
29.634419999047278 0.0029659587450349134 0.008937646502982233
29.655629999046475 0.003070418943027287 0.009222408235609603
29.676839999045672 0.0029673363553385235 0.008941402186202208
29.697039999044907 0.003070226781328733 0.009221884482846221
29.718249999044104 0.002967415519097072 0.008941617903490684
29.73844999904334 0.0030699670492579934 0.009221176529250474
29.759659999042537 0.0029675632688228593 0.008942020588653676
29.780869999041734 0.003068701883336078 0.009217727379373652
