0.001020000000000002 0.11903712645685172 0.29746343521989127
0.04142000000000201 0.08813278432882521 0.21673425081324416
0.08384000000000019 0.11330695087026044 0.28915779569455013
0.12423999999998453 0.085125839463708 0.2046553270543927
0.1656500000000249 0.10968372191835374 0.28089264448150075
0.2070600000000663 0.08138238216206195 0.195361293776386
0.2474600000001067 0.1063585085632528 0.271642741557232
0.2888700000001481 0.07816404457306336 0.18855216518379736
0.33028000000018953 0.1028325526619801 0.2616020733077873
0.37169000000023095 0.0746145432651436 0.18040521185562763
0.41209000000027135 0.09970902978176022 0.25372035892102796
0.45350000000031276 0.07185945342530653 0.17335467112308267
0.4949100000003542 0.09626997436659401 0.24544397976730137
0.536320000000194 0.06871371327098563 0.16523083153879847
0.5767200000000101 0.093399726083634 0.23841259483569077
0.6181299999998217 0.06615986371009042 0.15887458127863407
0.6595399999996332 0.09028146478903576 0.23060059435729974
0.7009499999994447 0.06318473967873262 0.15157308320095098
0.7413499999992609 0.0876921631407368 0.224065436977805
0.7827599999990724 0.060828971861115466 0.1457718623193327
0.824169999998884 0.08481351788575331 0.2168394730540868
0.8655799999986955 0.058072124318560236 0.13892670014675756
0.9059799999985116 0.08243597382202428 0.2109108389318215
0.9473899999983232 0.05591275027433684 0.13355467972621105
0.9887999999981347 0.07976108349312994 0.20424244926269264
1.029199999998275 0.053739689904838794 0.12815652215526496
1.0706099999985463 0.07758468069220525 0.19880406784343885
1.1120199999988176 0.05135139618913253 0.12222838118014501
1.153429999999089 0.0751011266655136 0.19259351726294005
1.1938299999993536 0.049346897171847925 0.11725764273032846
1.2352399999996249 0.07310435621755584 0.1876023934533455
1.2766499999998961 0.04711357438885 0.11171252660434616
1.3180600000001674 0.07079022858686546 0.18182023988081442
1.358460000000432 0.045265120567364536 0.10712386706770438
1.3998700000007034 0.06895578129606483 0.17723670175830986
1.4412800000009747 0.04317400278287109 0.10192853188285556
1.482690000001246 0.0667958983713468 0.17184041211439904
1.5230900000015106 0.04146779316003113 0.09769305915569015
1.564500000001782 0.06510878685713994 0.1676245121846165
1.6059100000020532 0.03950707620036542 0.09282186414965032
1.6463100000023179 0.0634144019736812 0.16339115169807794
1.6877200000025891 0.03793157282974147 0.08891033274743831
1.7291300000028604 0.061536535055426334 0.15869965994841362
1.7705400000031317 0.036091547656462275 0.08433793724168526
1.8109400000033964 0.059975626900262154 0.15479898557201333
1.8523500000036677 0.034636245908789 0.08072421812419517
1.893760000003939 0.058217068841461606 0.15040435460386137
1.9351700000042102 0.03290803233464579 0.07642906421446716
1.975570000004475 0.056777803720218234 0.14680780887509348
2.016980000004746 0.03156335408172173 0.07308966637425973
2.0583900000050175 0.055128588563085 0.14268690534158246
2.098790000005282 0.03020829165624561 0.06972382602401517
2.1402000000055534 0.05380074372093513 0.13936914133183542
2.1816100000058247 0.028696392193016562 0.06596581994944284
2.223020000006096 0.05225284372515149 0.13550165020290716
2.2634200000063607 0.02744315780467388 0.06285256254915383
2.304830000006632 0.05102798237625472 0.13243983588873132
2.3462400000069032 0.02602042623091638 0.059315759789779765
2.3876500000071745 0.04957479641125895 0.12880758546861548
2.428050000007439 0.024861219074929438 0.05643580248535507
2.4694600000077105 0.04844396671266937 0.1259810835033126
2.5108700000079818 0.023521857404910085 0.05310587912972231
2.5512700000082464 0.047305816193070505 0.12313662040419615
2.5926800000085177 0.02244955851072261 0.05044159327799447
2.634090000008789 0.04603398973470263 0.11995792991358334
2.6755000000090603 0.021188305509872496 0.04730553473359933
2.715900000009325 0.044982314021290826 0.11732926244537589
2.7573100000095963 0.02019639401559603 0.04484076058569597
2.7987200000098675 0.0437864936642085 0.11433877826528827
2.839120000010132 0.019196880139475958 0.04235672919725708
2.8805300000104035 0.04281486556751135 0.11190925308290911
2.9219400000106748 0.018090881670131842 0.03960641875245807
2.963350000010946 0.041689363895015985 0.10909492514604713
3.0037500000112107 0.01716566627282834 0.037306829534755614
3.045160000011482 0.040791213589552844 0.10684932587973206
3.0865700000117533 0.016123044907498385 0.03471384565066904
3.1279800000120246 0.03973163376789768 0.1042001034487039
3.1683800000122893 0.015266658193694771 0.03258515849845489
3.2097900000125605 0.03890201306847263 0.10212446218997862
3.251200000012832 0.014283679864495857 0.030140285452251447
3.2916000000130965 0.03806678180457079 0.10003477630675661
3.333010000013368 0.013491054700279448 0.028169954343160164
3.374420000013639 0.03713835037052193 0.09771163907306146
3.4158300000139104 0.012564230713086655 0.02586456457842612
3.456230000014175 0.03636570460295041 0.09577866252166167
3.4976400000144463 0.011830678994632637 0.02404096654157195
3.5390500000147176 0.03549080092448775 0.09358963410610599
3.580460000014989 0.010956758171368763 0.021867011571274908
3.6208600000152535 0.034776385105367624 0.09180168307897363
3.662270000015525 0.010277941692987569 0.02017938719800494
3.703680000015796 0.03395268598461654 0.0897388203185745
3.744080000016061 0.009593528701788423 0.018477667448268953
3.785490000016332 0.03329225253274648 0.08808511061337843
3.8269000000166034 0.008825784271619286 0.016567708343140364
3.8683100000168746 0.03251592157298966 0.08614100990199658
3.9087100000171393 0.008192056765362277 0.01499192778787739
3.9501200000174106 0.031905082969420295 0.08461157097866545
3.991530000017682 0.007467645792471167 0.013189654853829058
4.031930000016528 0.03129002850176721 0.08307146925888853
4.07334000001496 0.006880918040116479 0.01173067022250951
4.114750000013393 0.030609347369622068 0.08136490903175586
4.156160000011825 0.006197419204327481 0.010030085847811954
4.196560000010296 0.030040701146859417 0.0799395755898713
4.237970000008728 0.005654276010280568 0.008679426456681405
4.27938000000716 0.02939870112681264 0.07833008072960501
4.3207900000055925 0.005009412363319532 0.007074891476510636
4.361190000004063 0.02887244193413541 0.0770110410438174
4.402600000002495 0.004506686042558661 0.005824700372059066
4.444010000000928 0.02826691752797961 0.07549305798704165
4.484409999999398 0.003999869353086272 0.004564239280890892
4.525819999997831 0.027780421292076363 0.0742724645219961
4.567229999996263 0.0034330615402689006 0.003153877905304192
4.608639999994695 0.02721010547906633 0.07284078581730746
4.649039999993166 0.0029636927453099426 0.0019865274943131617
4.690449999991598 0.02676010797318096 0.07171138094338447
4.73185999999003 0.0024286520088542263 0.0006551699106904785
4.772259999988501 0.0263068694502635 0.0705738858456928
4.813669999986933 0.002022447483751799 0.00042578897431200247
4.8550799999853655 0.02580586235128934 0.06931619027823466
4.896489999983798 0.0018173663418027395 0.0016824409500459936
4.936889999982268 0.025386207690144103 0.06826299512552314
4.978299999980701 0.0018112807920003249 0.0026832463621229152
5.019709999979133 0.02491402954807886 0.06707608954620303
5.061119999977565 0.0019112988111174012 0.0038692557062347532
5.101519999976036 0.02452613433079187 0.06610104347244405
5.142929999974468 0.0020446577649262387 0.004795699688797672
5.1843399999729005 0.024080670096870982 0.06498101044051241
5.224739999971371 0.002216298177400655 0.005729651699071248
5.266149999969803 0.023721595996057054 0.06407841483901944
5.307559999968236 0.002443101701075534 0.006772369752361396
5.348969999966668 0.023301253866230054 0.06302156198374487
5.3893699999651385 0.0026526577660743733 0.007637390096659757
5.430779999963571 0.022968901394299635 0.06218613515023286
5.472189999962003 0.0029106430895540214 0.008621886663773282
5.5135999999604355 0.02257276921263518 0.06118897903666376
5.553999999958906 0.0031325577958403183 0.009422931146485514
5.595409999957338 0.022265755676865062 0.060415824009962815
5.636819999955771 0.003401013058590752 0.010352330075158456
5.677219999954241 0.021956284830515593 0.059636497949966394
5.7186299999526735 0.0036231757473549346 0.011094003441092237
5.760039999951106 0.02160819252216739 0.05875965101584946
5.801449999949538 0.0038927682185125874 0.011971266226751265
5.841849999948009 0.02132162262691273 0.058037987462178364
5.883259999946441 0.004109498428724878 0.012657847290109547
5.924669999944873 0.020993043446104975 0.057210296089449386
5.965069999943344 0.004331922273952515 0.013349921939087572
6.006479999941776 0.020727716683715314 0.056542118465330304
6.0478899999402085 0.00458385694437391 0.014121246973963775
6.089299999938641 0.020418075214297726 0.05576091313640452
6.129699999937111 0.004796326636732018 0.014762248307609305
6.171109999935544 0.020172962975929187 0.05514234365942006
6.212519999933976 0.005040606294362759 0.015490560607578363
6.253929999932408 0.019880904464381732 0.05440509586694953
6.294329999930879 0.005242165996820591 0.01608415519849249
6.335739999929311 0.019654028150563496 0.053832532200071004
6.3771499999277435 0.005477945037032472 0.016771748036570333
6.417549999926214 0.019425333386329235 0.053255386566464225
6.458959999924646 0.005668074793192646 0.017321345297693913
6.500369999923079 0.019168471184554114 0.052606944248234644
6.541779999921511 0.005893874482221895 0.01797039645143883
6.5821799999199815 0.018956670228601258 0.052072415888038126
6.623589999918414 0.006073032186964644 0.018479165982110413
6.664999999916846 0.01871438154190108 0.051460212585108245
6.705399999915317 0.006254009856574871 0.018991961206593633
6.746809999913749 0.018518715089175353 0.05096522777950918
6.788219999912181 0.006456942985063718 0.019562630904468303
6.829629999910614 0.018290338520851157 0.05038731682612818
6.870029999909084 0.006626642295779139 0.020037580050080717
6.9114399999075165 0.018109182328015394 0.049929022099948206
6.952849999905949 0.006820215442586375 0.020576440435171595
6.994259999904381 0.017893631355210604 0.049383558758131496
7.034659999902852 0.006978814448582726 0.02101625971741017
7.076069999901284 0.017725937419709292 0.04895930461540354
7.117479999899716 0.007163317980533378 0.02152500143812741
7.157879999898187 0.017556905509903298 0.0485316706584471
7.199289999896619 0.00731114314583281 0.021932216278874872
7.240699999895051 0.017367315772302105 0.04805186625675972
7.282109999893484 0.007486796072472712 0.022412445729669273
7.322509999891954 0.017210907197900638 0.04765578344421151
7.363919999890387 0.007624869907216892 0.022789404018874748
7.405329999888819 0.017032376719232634 0.047202764012754805
7.4457299998872895 0.007764328270427389 0.023169314346815906
7.487139999885722 0.01688778245785938 0.04683596584097449
7.528549999884154 0.007920134900834652 0.02359153170189421
7.569959999882586 0.016719247252731884 0.046408303378797644
7.610359999881057 0.008050098583264775 0.023943396597425615
7.651769999879489 0.01658537219808298 0.04606868352629023
7.693179999877922 0.008197514993444566 0.024342077776506876
7.734589999876354 0.016426297555741654 0.04566502215960222
7.774989999874824 0.008318814985184497 0.02466791006706659
7.816399999873257 0.0163023692622265 0.04535062309449778
7.857809999871689 0.008458812257174708 0.02504430458313278
7.89820999987016 0.01617746109996321 0.0450337437402637
7.939619999868592 0.008571122991886782 0.025345975991908354
7.981029999867024 0.016037548074455676 0.04467867793572777
8.022439999865457 0.008703849719385981 0.025701271651124014
8.062839999863927 0.015922045024672205 0.04438517857020541
8.10424999986236 0.008808582128930875 0.025980522517699
8.145659999860792 0.015790332358562087 0.044049935124690354
8.186059999859262 0.008914120362213285 0.026261939159799574
8.227469999857695 0.01568351498777687 0.043778138426753266
8.268879999856127 0.009031162461570208 0.026574296480086357
8.31028999985456 0.015559177235230481 0.04346166323531131
8.35068999985303 0.009128969864470315 0.026834933237462888
8.392099999851462 0.015460279778009234 0.043210009679395256
8.433509999849894 0.00924024730045947 0.027129874457154646
8.474919999848327 0.015342923090644112 0.04291130098400542
8.515319999846797 0.009331387475013608 0.027371223362104846
8.55672999984523 0.015251375130578282 0.042678340643909074
8.598139999843662 0.009436444792185528 0.027649673143737008
8.638539999842132 0.015159110813457334 0.042443563150318386
8.679949999840565 0.00952082886393335 0.02787312162967348
8.721359999838997 0.015055896584249774 0.04218083157270236
8.76276999983743 0.009619997375770573 0.028135959083674944
8.8031699998359 0.014970444747332555 0.04196338230659791
8.844579999834332 0.009698464863562184 0.028342797167035805
8.885989999832764 0.014873152665544119 0.041715325301439066
8.926389999831235 0.009777676920946998 0.02855122524936249
8.967799999829667 0.01479427955134427 0.0415139611367743
9.0092099998281 0.009865417105209051 0.02878228479691325
9.050619999826532 0.01470258821637682 0.04127979849004593
9.091019999825003 0.009938781837614874 0.028975319619828355
9.132429999823435 0.0146295649268644 0.04109336341416858
9.173839999821867 0.010021629872922988 0.029193493184154207
9.2152499998203 0.014543023896994136 0.04087235341927453
9.25564999981877 0.01008956706556885 0.02937224051539067
9.297059999817202 0.014475429018176333 0.04069977252826318
9.338469999815635 0.010167782608260567 0.02957821248803505
9.378869999814105 0.014407310611003088 0.040525860288365134
9.420279999812537 0.010230930027759544 0.029743700519269112
9.46168999981097 0.014331203924098479 0.04033148421389576
9.503099999809402 0.01030519898600124 0.029938121575068255
9.543499999807873 0.014268116789229346 0.04017041309006819
9.584909999806305 0.01036377008197309 0.030091306245594307
9.626319999804737 0.014196263134730658 0.03998689971942415
9.666719999803208 0.010422783357353804 0.030245658821348442
9.70812999980164 0.01413784598420309 0.03983774804175999
9.749539999800072 0.010488071970517598 0.03041656475585297
9.790949999798505 0.014070019012084822 0.03966451939286797
9.831349999796975 0.010542728200309548 0.030559516527495223
9.872759999795408 0.014015935889191367 0.03952643006535084
9.91416999979384 0.010604375506139574 0.03072088959642505
9.955579999792272 0.013952103330919008 0.039362936654974146
9.995979999790743 0.010654987621747547 0.0308532598090272
10.037389999789175 0.013902219774848843 0.03923511272387881
10.078799999787607 0.010713186992410417 0.03100560647856243
10.119199999786078 0.013851953536226258 0.03910631267536324
10.16060999978451 0.010760089087773372 0.03112815685806236
10.202019999782943 0.013795861958074696 0.038962532862552024
10.243429999781375 0.010815327274270037 0.03127195862592247
10.283829999779845 0.01374930948278985 0.0388432463386823
10.325239999778278 0.010858942067833 0.03138539733218426
10.36664999977671 0.013696353696871388 0.03870750556623781
10.40704999977518 0.01090288334592493 0.03149969415682241
10.448459999773613 0.013653248171909159 0.0385970493164578
10.489869999772045 0.010951439784941064 0.03162609711893083
10.531279999770478 0.013603261160354596 0.03846891942161923
10.571679999768948 0.010992136461058344 0.03173195128799433
10.61308999976738 0.013563354490218947 0.0383666580934916
10.654499999765813 0.011037984229534725 0.03185130280992654
10.695909999764245 0.013516177487066794 0.038245732048614034
10.736309999762716 0.011075669410432698 0.031949321125279706
10.777719999761148 0.013479239008305612 0.03815107490493519
10.81912999975958 0.011118952417246142 0.03206199592241665
10.85952999975805 0.013442019567741048 0.0380557014585281
10.900939999756483 0.011153842845055828 0.03215274255840006
10.942349999754915 0.013400536426190214 0.037949363768263744
10.983759999753348 0.01119469790785621 0.032259096863473946
11.024159999751818 0.013366067428062676 0.037861036698971784
11.06556999975025 0.011226995085262259 0.03234309630208987
11.106979999748683 0.013326904111255923 0.037760646739937176
11.148389999747115 0.01126555223515413 0.032443468657517016
11.188789999745586 0.013294987860453467 0.03767885969494511
11.230199999744018 0.011295443474655276 0.032521208422919834
11.27160999974245 0.013258020721454211 0.037584100398524445
11.312009999740921 0.01132558105407 0.032599587017345666
11.353419999739353 0.013228473401977858 0.037508382556861175
11.394829999737786 0.011359661778495012 0.03268785367045446
11.436239999736218 0.013193608556564373 0.037418952537071615
11.476639999734688 0.01138770789107435 0.03276043020106201
11.51804999973312 0.013166365896358556 0.03734886616661992
11.559459999731553 0.011419881847198221 0.0328437585952579
11.599859999730024 0.013138917666889238 0.03727825372203952
11.641269999728456 0.011445847980532498 0.0329109508452996
11.682679999726888 0.013108362106686644 0.037199617224825676
11.72408999972532 0.0114762169167969 0.03298960449286126
11.764489999723791 0.013082942533638175 0.037134222608825596
11.805899999722223 0.011500253064381738 0.03305180084487436
11.847309999720656 0.013054096063164433 0.03705998547850475
11.888719999719088 0.011528913678825026 0.033126030171160004
11.929119999717559 0.013030559278442322 0.03699943356799684
11.97052999971599 0.01155115926686534 0.03318359163324569
12.011939999714423 0.013003330750779418 0.03692936110777367
12.052339999712894 0.011573584485031319 0.03324162280513576
12.093749999711326 0.012981541133405328 0.03687330312124315
12.135159999709758 0.011598788042739172 0.03330689664083897
12.17656999970819 0.012955843917342946 0.03680717226194341
12.216969999706661 0.011619553745982558 0.0333606319667612
12.258379999705094 0.01293567538818896 0.03675528395016281
12.299789999703526 0.011643347072081367 0.033422253618353714
12.340189999701996 0.012915355760881209 0.036703009016869625
12.381599999700429 0.011662572735819055 0.03347200244079307
12.423009999698861 0.012892762538505464 0.036644862709200865
12.464419999697293 0.011685031099101573 0.03353016681177934
12.504819999695764 0.012873944822486494 0.03659645085116736
12.546229999694196 0.011702827792117843 0.03357621669953792
12.587639999692628 0.012852615482111474 0.03654155795955738
12.62904999969106 0.011724022722874983 0.03363110901134503
12.669449999689531 0.012835191654765434 0.03649673135480702
12.710859999687964 0.011740493686647091 0.033673727258731745
12.752269999686396 0.01281505876540445 0.036444918226374856
12.792669999684867 0.011757096715489745 0.03371669086547069
12.834079999683299 0.012798928396602127 0.03640341857643614
12.875489999681731 0.011775734329183996 0.03376495850535566
12.916899999680163 0.012779927871172436 0.03635452017518581
12.957299999678634 0.011791108719286902 0.033804741645782066
12.998709999677066 0.012764997600950179 0.03631610736244406
13.040119999675499 0.011808703429997514 0.03385030841441816
13.08051999967397 0.012749956228655712 0.03627741027713016
13.121929999672401 0.011822937643079401 0.033887140118737946
13.163339999670834 0.012733251603465388 0.03623441773228375
13.204749999669266 0.011839545121864137 0.03393015016073253
13.245149999667737 0.012719322032042735 0.036198580308621775
13.286559999666169 0.011852721393086463 0.03396424333467207
13.327969999664601 0.012703551925885015 0.036157993341023875
13.369379999663034 0.011868394545215377 0.03400483363293905
13.409779999661504 0.01269065417595472 0.036124809873006036
13.451189999659936 0.011880589313851608 0.03403638617321958
13.492599999658369 0.012675768716442716 0.036086500041943026
13.53299999965684 0.011892881183684367 0.03406819264075711
13.574409999655272 0.01266382843240843 0.03605577928762482
13.615819999653704 0.011906709188825637 0.03410388269352582
13.657229999652136 0.012649780223411233 0.036019624533478733
13.697629999650607 0.011918144742573022 0.03413333458957002
13.739039999649039 0.012638728286482714 0.03599118871756568
13.780449999647471 0.011931216214004725 0.03416702740514088
13.820849999645942 0.012627594634974424 0.035962543811729475
13.862259999644374 0.011941803730073253 0.03419429428680454
13.903669999642807 0.012615244465817523 0.035930756966695565
13.945079999641239 0.011954141741435609 0.03422609646261954
13.98547999963971 0.012604933757357495 0.03590422872167265
14.026889999638142 0.011963942386150395 0.03425133594915364
14.068299999636574 0.012593274500285911 0.03587422034708743
14.109709999635006 0.011975586246766645 0.034281348786757704
14.150109999633477 0.012583727528132862 0.035849656482667136
14.19151999963191 0.01198465687532524 0.03430470738712277
14.232929999630342 0.012572722306468774 0.03582133160593415
14.273329999628812 0.011993799237876579 0.034328252688120564
14.314739999627244 0.012563884028535699 0.035798590552660325
14.356149999625677 0.012004037381592614 0.034354640996592245
14.397559999624109 0.012553497797036408 0.03577185892201795
14.43795999962258 0.01201250325369485 0.03437644323294187
14.479369999621012 0.01254531704842776 0.0357508090837122
14.520779999619444 0.0120221684741878 0.034401354710422716
14.561179999617915 0.012537076189687024 0.035729605425804944
14.602589999616347 0.012030006565336815 0.03442153940326209
14.64399999961478 0.012527945739460478 0.03570610402674479
14.685409999613212 0.012039129450270858 0.03444505287405475
14.725809999611682 0.012520313972721575 0.03568646696138211
14.767219999610115 0.012046385041289187 0.03446373670844549
14.808629999608547 0.012511694288153796 0.03566428029192492
14.85003999960698 0.01205499465799209 0.03448592708187315
14.89043999960545 0.012504627789586609 0.03564609710492439
14.931849999603882 0.012061709836742596 0.034503218513770584
14.973259999602314 0.012496507791992406 0.03562515495399987
15.013659999600785 0.012068477761998375 0.03452064722182513
15.055069999599217 0.012489993696629287 0.035608320862678955
15.09647999959765 0.012076047682209046 0.03454015678384659
15.137889999596082 0.012482348010977806 0.03558855650993564
15.178289999594552 0.012082314840306974 0.034556295174636986
15.219699999592985 0.012476318498054527 0.03557297411427296
15.261109999591417 0.012089461151782666 0.03457471277338309
15.301509999589888 0.012470244959009835 0.03555727854881452
15.34291999958832 0.012095263599542383 0.03458965376524903
