0.001020000000000002 0.023164674334155477 0.05834471277301745
0.020209999999999347 0.019847195595500744 0.04766537960280148
0.03839000000000108 0.02291237761620446 0.05859524239830716
0.05758000000000696 0.020098293637733744 0.04627842884554756
0.07677000000000293 0.021985509904284828 0.05713787102717971
0.09494999999999588 0.019875721345620212 0.0467027112041718
0.11312999999998884 0.022701206720868172 0.05737633502680417
0.13231999999999156 0.01977331115379366 0.04642904571501294
0.15151000000001075 0.021985092890206004 0.05651935212569459
0.16969000000002893 0.01972411078418923 0.045740437021879465
0.18888000000004812 0.021933704013760047 0.056145932901563445
0.2080700000000673 0.01897972568214301 0.04457104135106027
0.2262500000000855 0.021854376980915857 0.05570703869116622
0.24544000000010469 0.018970503448023868 0.044230504662057246
0.2646300000001239 0.021069880223530957 0.05421886884054983
0.28281000000014206 0.018892306440857043 0.04399561254424533
0.30200000000016125 0.02107895176688479 0.05391891368481394
0.32018000000017943 0.018740302993396907 0.043890566085680316
0.3393700000001986 0.02100488974578163 0.05379057469920845
0.3585600000002178 0.01810222548392426 0.0420677868133712
0.376740000000236 0.02089392464489981 0.053640354947559477
0.3959300000002552 0.0180490754067415 0.04204210426929089
0.41411000000027337 0.0208061874176384 0.05321790841084084
0.43330000000029256 0.01797848905264643 0.041912373631536326
0.45249000000031175 0.020140560048145795 0.051713520963359016
0.47067000000032994 0.0179060249589732 0.041617745627708924
0.4898600000003491 0.020096191320064016 0.05159489776426218
0.5080400000003227 0.01777013267542349 0.04141990578279131
0.5272300000002353 0.020034094490847254 0.05137851050286413
0.546420000000148 0.017170875233063154 0.03989077051657075
0.5646000000000653 0.019925144797053873 0.051193995060572206
0.5837899999999779 0.017129454643825648 0.03976617818060024
0.6019699999998952 0.0198157429350152 0.05084654407333522
0.6211599999998079 0.017051233432944235 0.03962855355147399
0.6403499999997205 0.01923358058489877 0.049435142050147096
0.6585299999996378 0.016964466508718967 0.03936353829666617
0.6777199999995505 0.019177601039293557 0.049323867806527755
0.6958999999994677 0.01683982221038338 0.03909849606922311
0.7150899999993804 0.019106874234941285 0.049112032606390965
0.734279999999293 0.01629523889649276 0.037760100906680805
0.7524599999992103 0.019002738883856285 0.04888367437259067
0.771649999999123 0.01624691226642805 0.03762061370990999
0.7908399999990356 0.018397287726460432 0.04738610379229069
0.8090199999989529 0.01616814874123418 0.03745064785638519
0.8282099999988656 0.018365360765817074 0.047292771352314134
0.8463899999987828 0.016071733883387673 0.03720090470182846
0.8655799999986955 0.018305868382181734 0.04715925683725919
0.8847699999986082 0.015498075835122305 0.035795216600997826
0.9029499999985254 0.018227304581417636 0.0469527111616963
0.9221399999984381 0.015462122449608429 0.035717997664341805
0.9403199999983554 0.018123798424598547 0.046702365698936266
0.959509999998268 0.015405922026867414 0.035572890821977676
0.9786999999981807 0.017578055987739316 0.04536008676149228
0.996879999998098 0.015325203901179753 0.035381553165980684
1.016069999998189 0.017538847370218047 0.04525606559544482
1.0342499999983081 0.015223740692182908 0.035132012755378916
1.0534399999984339 0.017475918596077777 0.04510406602308281
1.0726299999985596 0.014708480550396641 0.03386694407928603
1.0908099999986787 0.017392271530284553 0.04489471106084997
1.1099999999988044 0.014667152629128878 0.033770103373054194
1.1281799999989235 0.017287228759315765 0.044634807877796945
1.1473699999990492 0.014604937625974255 0.03361661108831626
1.166559999999175 0.016797489787837572 0.043430387056064834
1.184739999999294 0.01452119924184214 0.033412706020463645
1.2039299999994197 0.01675208011673235 0.04331566185842295
1.2231199999995455 0.013980140388378803 0.03208694560422609
1.2412999999996646 0.016685385588562918 0.0431508499914135
1.2604899999997903 0.013954938483366817 0.03202484979664133
1.2786699999999094 0.01659835349494354 0.04293540083776248
1.297860000000035 0.013908450229599856 0.031912478329820804
1.3170500000001608 0.016084210799574117 0.041667859630667436
1.33523000000028 0.013841602282554932 0.03174928143039324
1.3544200000004056 0.016053867249490872 0.04159256418702073
1.3726000000005247 0.013754810287257226 0.0315369156438261
1.3917900000006505 0.016003358131749357 0.04146682530619117
1.4109800000007762 0.013267174417976979 0.030341617261642195
1.4291600000008953 0.01593303338955898 0.04129243359165535
1.448350000001021 0.01323576572250129 0.030265190239930906
1.46653000000114 0.01584335835807249 0.04107079312415385
1.4857200000012658 0.01318449711608738 0.030140230194719564
1.5049100000013915 0.015380552343109312 0.03993022071931973
1.5230900000015106 0.013113860628999663 0.029967842489520002
1.5422800000016363 0.015344850110162955 0.03984134546143325
1.5604600000017554 0.013024427014792004 0.029748946711893876
1.5796500000018812 0.01528997700557677 0.039705289466529514
1.5988400000020069 0.01258610652113723 0.028674248735038876
1.617020000002126 0.015216427947028599 0.0395230902891508
1.6362100000022517 0.012549298356525296 0.028584686038335416
1.6554000000023774 0.014731398278383656 0.038327691671291575
1.6735800000024965 0.012493770614137258 0.028449074044556433
1.6927700000026222 0.01470945291393666 0.03827267833501624
1.7109500000027413 0.012419951546319585 0.028268689401422797
1.730140000002867 0.014668977060046884 0.03817199687857764
1.7493300000029928 0.011958969726086788 0.02713810142368489
1.7675100000031119 0.014610391152403035 0.038026779282307466
1.7867000000032376 0.011935552929346893 0.027081300006215336
1.8048800000033567 0.01453417030291504 0.037838018174618515
1.8240700000034824 0.01189400496876214 0.026980014068755942
1.8432600000036081 0.014096703474455241 0.03675922749585281
1.8614400000037272 0.011834770014338636 0.02683523124065168
1.880630000003853 0.014069488442141953 0.036691370558683545
1.898810000003972 0.01175827486003378 0.026648121086159104
1.9180000000040978 0.014024758774573433 0.036580324100121686
1.9371900000042235 0.01134274770831567 0.025629031670326707
1.9553700000043426 0.013962921064469946 0.03642716769501897
1.9745600000044683 0.011314176657276631 0.025559482454973192
1.9927400000045874 0.013884419688176775 0.03623292481259588
2.011930000004713 0.011268469830526984 0.02544788217837546
2.031120000004839 0.013490673584792945 0.0352619617056904
2.049300000004958 0.011206048709696437 0.02529521475806984
2.0684900000050837 0.013458772877484761 0.0351826451686299
2.0866700000052028 0.011127335468368527 0.025102555901523882
2.1058600000053285 0.013410312514000267 0.03506251089654411
2.125050000005454 0.010753843550000752 0.024186556407446158
2.1432300000055733 0.013345746110132839 0.03490257120344342
2.162420000005699 0.01072069834507794 0.024105709242638884
2.1816100000058247 0.012932524680762114 0.03388251939419051
2.199790000005944 0.010671360575860045 0.023985110414748156
2.2189800000060695 0.012912524648432842 0.03383253919804208
2.2371600000061886 0.010606230803688721 0.023825729964987996
2.2563500000063144 0.01287651210807972 0.0337430665254157
2.27554000000644 0.010212593096657785 0.02286020854540549
2.293720000006559 0.012824863046325352 0.033615018202814984
2.312910000006685 0.010191081476934594 0.022807870646712747
2.331090000006804 0.012757965623056422 0.03344935750004829
2.3502800000069297 0.010153898459785093 0.022717049681963974
2.3694700000070554 0.012385082492494592 0.03252890242380069
2.3876500000071745 0.0101014136711991 0.022588658900191128
2.4068400000073003 0.012360556714336446 0.032467829287397
2.4250200000074194 0.010034011869915038 0.022423641135316252
2.444210000007545 0.012320890490563063 0.032369408706300895
2.463400000007671 0.009679254430217998 0.02155348306462912
2.48158000000779 0.01226644584385972 0.0322345314819672
2.5007700000079156 0.009653343132782988 0.021490285424585753
2.5189500000080347 0.012197597743818345 0.03206412297720451
2.5381400000081604 0.009612615258716928 0.021390707874735515
2.557330000008286 0.01186233463604125 0.031235830073572668
2.5755100000084052 0.009557428334709739 0.021255629040417556
2.594700000008531 0.011833820260656935 0.031164889323176403
2.6138900000086567 0.009184848803182377 0.020341672931167842
2.632070000008776 0.011791009697992627 0.03105863588158675
2.6512600000089015 0.009169374644817485 0.020304052742192713
2.6694400000090206 0.011734251572936949 0.030917931030638446
2.6886300000091463 0.009139561683390474 0.020231227439271304
2.707820000009272 0.01138149826831858 0.030046106551218088
2.726000000009391 0.009095742143573116 0.020124012745903475
2.745190000009517 0.011363266115141823 0.030000616162295657
2.763370000009636 0.009038261281435145 0.01998325609118279
2.7825600000097617 0.01133119506443181 0.029920941494843145
2.8017500000098874 0.00870166970138564 0.019157579383077827
2.8199300000100065 0.011285609175275657 0.029807883019394854
2.839120000010132 0.008681974179923557 0.01910955303766615
2.8573000000102513 0.01122684492075221 0.02966227218627049
2.876490000010377 0.008648718545457013 0.019028234138473987
2.8956800000105027 0.010908723888049199 0.028875749187118327
2.913860000010622 0.008602223766161932 0.018914410861869957
2.9330500000107476 0.010886642353177267 0.02882071721885815
2.9512300000108667 0.008542822916908999 0.018768900886212414
2.9704200000109924 0.010851492490951964 0.028733356169008406
2.989610000011118 0.008239569204293362 0.018025005538868655
3.007790000011237 0.010803586908633034 0.028614439356233756
3.026980000011363 0.008216115804161817 0.017967716662181665
3.045160000011482 0.010743249842864122 0.028464769047664706
3.0643500000116077 0.008179840259970206 0.01787894774865073
3.0835400000117335 0.010457380876957467 0.02775722959114102
3.1017200000118526 0.008131052545048534 0.01775945996412842
3.1209100000119783 0.010431856124828331 0.027693719269727968
3.140100000012104 0.007812058553517298 0.016976892388020914
3.158280000012223 0.010393974222310254 0.027599638552833206
3.177470000012349 0.007797685752315542 0.016941865336939088
3.195650000012468 0.010344037097307024 0.02747573438923734
3.2148400000125936 0.007770902083445997 0.016876368596652203
3.2340300000127193 0.010042621570001242 0.02672974132522654
3.2522100000128384 0.007731995641514389 0.01678110948568623
3.271400000012964 0.01002604258584694 0.0266883328850831
3.2895800000130833 0.007681265728911258 0.016656822901672808
3.308770000013209 0.009997520907308988 0.026617326717015555
3.3279600000133347 0.0073931740606906216 0.01595006851888847
3.346140000013454 0.009957335827392222 0.026517417382965203
3.3653300000135795 0.007375192726423063 0.01590615408421092
3.3835100000136986 0.009905778368718976 0.026389326123277268
3.4027000000138243 0.007345473018090076 0.01583342149721334
3.42189000001395 0.009634398067513983 0.02571654884971908
3.440070000014069 0.007304293359486569 0.015732554347325234
3.459260000014195 0.009614501528738884 0.0256669478333027
3.477440000014314 0.007251942677643619 0.015604262002488767
3.4966300000144397 0.009583308710181537 0.025589352873978122
3.5158200000145654 0.006992488334332969 0.01496776551856982
3.5340000000146845 0.009541090448199618 0.025484435208777967
3.5531900000148102 0.006971296555911999 0.014915944682569737
3.5713700000149293 0.009488127651194667 0.025352891034646774
3.590560000015055 0.006939004008843508 0.014836871491019643
3.6097500000151808 0.00924410099500661 0.02474793318767432
3.6279300000153 0.006895879699905127 0.014731206392648577
3.6471200000154256 0.00922125847239974 0.024691059006642924
3.6663100000155513 0.006622558303935766 0.01406064639101201
3.6844900000156704 0.009187784852018988 0.024607711774748964
3.703680000015796 0.006609269841763132 0.0140282062065622
3.721860000015915 0.00914392199818359 0.02449853998479634
3.741050000016041 0.006585235045227011 0.013969384146150787
3.7602400000161667 0.008886712556334553 0.023859702193917975
3.7784200000162858 0.006550704005673481 0.013884794214291674
3.7976100000164115 0.008871639818329391 0.023822038274001756
3.8157900000165306 0.006505936543974799 0.013775074298216783
3.8349800000166563 0.008846243075422477 0.023758740348445162
3.854170000016782 0.006259188863902754 0.013169713460570165
3.872350000016901 0.008810765233196793 0.0236704115955666
3.891540000017027 0.006242814816337928 0.013129678902046305
3.909720000017146 0.008765458514400692 0.02355767832843414
3.9289100000172716 0.0062162758917198024 0.013064690258524081
3.9481000000173974 0.008533586855548059 0.022981778682673593
3.9662800000175165 0.0061798138620234875 0.01297534109909737
3.985470000017642 0.0085156750933848 0.022937087414642843
4.003650000017599 0.0061336795966808735 0.012862247324463283
4.022840000016872 0.008488017336022446 0.022868149782595548
4.042030000016146 0.0059115634066782 0.012317321159416306
4.0602100000154575 0.008450889407337958 0.022775548850395566
4.079400000014731 0.005892446068966328 0.012270534915126419
4.0985900000140045 0.008207499157431908 0.02216975484314876
4.116770000013316 0.0058637153331565495 0.012200148716989823
4.13596000001259 0.008196545299409719 0.022142302673588965
4.1541400000119015 0.005825604845027033 0.012106736175576671
4.173330000011175 0.008176158614415119 0.022091378399813344
4.1925200000104486 0.005591293393749863 0.0115318571211942
4.21070000000976 0.00814655689309618 0.02201752400931012
4.229890000009034 0.005579056471862742 0.011501946284331321
4.248070000008346 0.008107966535584321 0.02192130291404082
4.267260000007619 0.005557511881453259 0.011449186253620347
4.286450000006893 0.007888042240068893 0.0213739204300345
4.304630000006204 0.0055268769070943025 0.011374110468465037
4.323820000005478 0.007874362484812991 0.021339702777822822
4.34200000000479 0.005487377262301307 0.011277273056831127
4.361190000004063 0.007851807053216975 0.02128327923691664
4.380380000003337 0.005275941046440025 0.010758522207332533
4.398560000002648 0.007820564845485656 0.021205174000071825
4.417750000001922 0.005261065257175068 0.010722119662509577
4.435930000001234 0.0077808484568973055 0.021105931290221758
4.455120000000507 0.005237384973184045 0.010664103378710266
4.474309999999781 0.007583158326168404 0.020612711282197438
4.492489999999092 0.0052051102878432065 0.010584989132877975
4.511679999998366 0.007567089833130036 0.020572470093060957
4.529859999997678 0.005164459174148761 0.010485312042918249
4.549049999996951 0.007542600584887537 0.020511224405050932
4.568239999996225 0.00497422885064791 0.010018593820249055
4.586419999995536 0.007509893731450833 0.02042948099667541
4.60560999999481 0.004957008768630589 0.00997642430842216
4.624799999994083 0.007301684510716444 0.019909976874854518
4.642979999993395 0.004931461531144987 0.009913813050455023
4.662169999992669 0.0072916497131239036 0.019884733940123134
4.68034999999198 0.0048977901996563045 0.009831258554493516
4.699539999991254 0.007273484038970546 0.01983915507105527
4.7187299999905274 0.004696848481973603 0.009338234536371282
4.736909999989839 0.007247375871570871 0.019773711471415822
4.756099999989113 0.004685619382467476 0.009310760990433042
4.7742799999884244 0.007213521009771462 0.019688892892699705
4.793469999987698 0.004666327024943628 0.009263493670130796
4.8126599999869715 0.007025955377184533 0.019219691599559052
4.830839999986283 0.004639160301276091 0.009196896295693424
4.850029999985557 0.00701359619083941 0.019188647796497538
4.8682099999848685 0.0046043154012241905 0.009111450499366125
4.887399999984142 0.006993544647036609 0.01913836468161456
4.9065899999834155 0.004423080066539242 0.0086667815051511
4.924769999982727 0.006965982959141304 0.019069298029705806
4.943959999982001 0.004409593967238945 0.008633757761100647
4.9621399999813125 0.006931100273073865 0.01898192095343143
4.981329999980586 0.004388480302588871 0.008582009940305557
5.0005199999798595 0.0067622746339045525 0.01855936696224525
5.018699999979171 0.004359921731367455 0.00851198645622775
5.037889999978445 0.006747890004986545 0.018523162747363653
5.057079999977718 0.004169247011442945 0.008044136233931187
5.07525999997703 0.006726250632011155 0.01846875983974039
5.0944499999763035 0.004161141537399438 0.008024312056331695
5.112629999975615 0.006697532166848319 0.018396598906222916
5.131819999974889 0.004145652082736984 0.007986361866929581
5.151009999974162 0.0065199088486984635 0.017950961211243843
5.169189999973474 0.0041229484510810765 0.00793070251960959
5.188379999972748 0.006510723464148049 0.017927809719320287
5.206559999972059 0.004093207201825155 0.007857767450780706
5.225749999971333 0.006494513622985587 0.01788703706359085
5.244939999970606 0.003920841683467513 0.0074348452296479905
5.263119999969918 0.006471442685787254 0.017829053078732837
5.282309999969192 0.003910569389016794 0.0074096941911627745
5.300489999968503 0.006441680411675699 0.01775428364845233
5.319679999967777 0.0038933108201196776 0.007367393545487655
5.33886999996705 0.006281472165955537 0.017351993312308966
5.357049999966362 0.0038692302559096836 0.007308346580148228
5.376239999965636 0.0062703371871525295 0.01732386992164825
5.394419999964947 0.0038384982919530404 0.007232972088289102
5.413609999964221 0.006252578164017697 0.017279075487686146
5.432799999963494 0.0036831186043585484 0.006851730680212942
5.450979999962806 0.006228352600197051 0.017218006441610534
5.47016999996208 0.003670915890364501 0.006821833975478864
5.488349999961391 0.006197823960517379 0.0171410742174527
5.507539999960665 0.003652104333693451 0.006775714277706957
5.526729999959938 0.006053966884958406 0.016778981843768026
5.54490999995925 0.003626842800374952 0.006713761584209443
5.564099999958524 0.006041072716579388 0.016746439319792472
5.583289999957797 0.003463179481685397 0.006312178579248595
5.601469999957109 0.006021912813530261 0.016698127438741217
5.620659999956382 0.0034556632664023423 0.006293779729771298
5.638839999955694 0.0059966394623279795 0.01663442950281535
5.658029999954968 0.0034417486365208028 0.006259674513242608
5.677219999954241 0.005844911179123891 0.01625208113315013
5.695399999953553 0.0034215833117737793 0.006210225564495797
5.7145899999528265 0.005836558151719351 0.01623090065624444
5.732769999952138 0.0033953208586392503 0.006145809868518537
5.751959999951412 0.005822159358751189 0.016194449867013017
5.771149999950685 0.00324744583206793 0.005782970018830547
5.789329999949997 0.0058018559572132755 0.01614308532786879
5.8085199999492705 0.003238074878324282 0.005760012674738135
5.826699999948582 0.005775794602633222 0.016077177489459693
5.845889999947856 0.0032226501180643297 0.005722194976698347
5.865079999947129 0.00563922394194849 0.01573220009558618
5.883259999946441 0.0032013144683680217 0.005669867766844305
5.9024499999457145 0.005629181612904488 0.015706759611722187
5.920629999945026 0.0031742163119968803 0.005603395303821479
5.9398199999443 0.005613419555908772 0.01566687224611174
5.959009999943573 0.003040987997543154 0.005276497346240472
5.977189999942885 0.0055920743122795935 0.015612882902060754
5.9963799999421585 0.003029966017310759 0.00524948220566035
6.015569999941432 0.00544864060872563 0.015250064319050072
6.033749999940744 0.003013217297902049 0.005208409652357471
6.052939999940017 0.005442658412954882 0.015234826852317251
6.071119999939329 0.0029908800484488296 0.005153618970055174
6.090309999938603 0.005431160553958092 0.01520560337325838
6.109499999937876 0.0028503868353293438 0.004808881985174374
6.127679999937188 0.00541427346813661 0.015162714512306774
6.146869999936461 0.002843447012397804 0.00479188279649545
6.165049999935773 0.005392128659800988 0.015106493749728056
6.184239999935047 0.002830962287343919 0.004761272608988509
6.20342999993432 0.005262749351701679 0.014778407628746049
6.221609999933632 0.0028130612003062216 0.004717366969475556
6.240799999932905 0.0052551503426441215 0.014759076006232164
6.258979999932217 0.002789877350059866 0.004660493840624724
6.278169999931491 0.005242332238078018 0.014726510318774366
6.297359999930764 0.0026630029756243845 0.004349177106521829
6.315539999930076 0.005224417393741465 0.014681020849804938
6.334729999929349 0.0026544755916170226 0.004328276929677077
6.352909999928661 0.005201532903216455 0.01462292989673486
6.372099999927935 0.002640701983653959 0.004294498986534556
6.391289999927208 0.005085089642900442 0.01432707315270898
6.40946999992652 0.0026218065110924504 0.004248148559049536
6.428659999925793 0.0050760875680088136 0.014304092456762785
6.446839999925105 0.002597918262054022 0.0041895425352822535
6.466029999924379 0.005062168838770198 0.014268591482813342
6.485219999923652 0.0024836772281001673 0.003909227712239893
6.503399999922964 0.005043451305980162 0.014220870362768867
6.522589999922237 0.002473737861777181 0.0038848580057648796
6.541779999921511 0.004921130222706904 0.013909364989694861
6.559959999920823 0.0024588357600597854 0.0038483064705219228
6.579149999920096 0.004915615205796087 0.013895268692809548
6.597329999919408 0.002439091183545572 0.0037998683234508057
6.6165199999186814 0.0049053400079759335 0.013869050510251224
6.635709999917955 0.002318481687802465 0.003503916383662542
6.653889999917267 0.0048904142077924595 0.01383098950847872
6.67307999991654 0.0023120981725068823 0.0034882718725315343
6.691259999915852 0.004870951749222141 0.013781375870536294
6.7104499999151255 0.002300909083910896 0.0034608313517536793
6.729639999914399 0.004760614920086725 0.01349983383407416
6.747819999913711 0.002285026292304204 0.003421869441500025
6.767009999912984 0.004753751662162409 0.013482228405647945
6.785189999912296 0.00226456604434222 0.003371671504126539
6.8043799999115695 0.004742404951886048 0.013453152999276519
6.823569999910843 0.0021557067293336285 0.0031045547520203165
6.841749999910155 0.004726680340618072 0.013412877667806633
6.860939999909428 0.002147964389212609 0.003085571931704667
6.87911999990874 0.004706687441785484 0.013361682854806656
6.8983099999080135 0.0021356753952689322 0.0030554287106077105
6.917499999907287 0.004607506206310119 0.01310794273702287
6.935679999906599 0.0021189479764339714 0.0030143907680302284
6.954869999905872 0.004599419959034345 0.013087212256235325
6.973049999905184 0.002097894451972393 0.0029627338240412193
6.9922399999044575 0.004587092170242335 0.013055630642699878
7.011429999903731 0.0019999341023116957 0.0027223633805584235
7.029609999903043 0.004570624934355005 0.013013459104960212
7.048799999902316 0.0019909842935351696 0.002700414108181004
7.06798999990159 0.004466279909114079 0.012745999495589189
7.086169999900902 0.001977733592345654 0.0026679077363866988
7.105359999900175 0.004461241414668526 0.0127330058078301
7.123539999899487 0.0019602866575326727 0.002625101180531164
7.14272999989876 0.0044521164730672025 0.012709505431751644
7.161919999898034 0.0018567457223844783 0.0023710286837341776
7.180099999897346 0.004438999559882584 0.012675741292134113
7.199289999896619 0.0018508933477310308 0.00235668017051216
7.217469999895931 0.004421988890680462 0.012631965930498534
7.236659999895204 0.0018408759416149723 0.00233210807313311
7.255849999894478 0.00432802047342018 0.012390360567404723
7.27402999989379 0.0018267908802090949 0.0022975514289869103
7.293219999893063 0.004321811235308393 0.012374359820910286
7.311399999892375 0.0018087393253881645 0.0022532585674861494
7.330589999891648 0.004311735414249673 0.01234841765396233
7.349779999890922 0.0017153380107963745 0.002024069309869425
7.367959999890234 0.004297884429620535 0.012312769134048551
7.387149999889507 0.0017083226835309384 0.002006864134718178
7.405329999888819 0.004280353196388864 0.012267658314513152
7.424519999888092 0.001697366815966661 0.0019799864556024893
7.443709999887366 0.00419589042211721 0.012050039997080209
7.461889999886678 0.0016825646104842162 0.001943667516790537
7.481079999885951 0.004188678133043022 0.012031363668985051
7.500269999885225 0.0015842493315318953 0.001702413057624863
7.518449999884536 0.004177827621498653 0.012003282526273917
7.53763999988381 0.0015800166032440277 0.0016920362446937176
7.555819999883122 0.004163426833524553 0.011966023925291669
7.575009999882395 0.0015719688329522974 0.0016722949981451407
7.594199999881669 0.004074590813967216 0.011736381729288148
7.6123799998809805 0.0015601936085448687 0.0016434043260349362
7.631569999880254 0.004069984075563471 0.01172444327125488
7.649749999879566 0.0015447820203944307 0.0016055878333753881
7.668939999878839 0.004061854343959559 0.011703397830375994
7.688129999878113 0.0014558960997177461 0.001387473895519964
7.7063099998774245 0.00405028342508118 0.01167345689049304
7.725499999876698 0.0014505464712998295 0.001374353884009416
7.74367999987601 0.00403535634206742 0.011634840252738865
7.762869999875283 0.0014415868497175133 0.0013523727849906741
7.782059999874557 0.0039552597054276495 0.011427509992212315
7.8002399998738685 0.0014291020029688628 0.0013217386840458367
7.819429999873142 0.003949687631282339 0.011412995306336882
7.837609999872454 0.0014131799735759287 0.0012826677031396727
7.856799999871727 0.003940801475738831 0.011389863829613933
7.875989999871001 0.0013330449144900447 0.0010860291899561503
7.8941699998703125 0.003928679936013424 0.011358320193199933
7.913359999869586 0.0013267000920756944 0.0010704649143544742
7.931539999868898 0.003913404698609124 0.011318576800256608
7.950729999868171 0.0013169399390955405 0.0010465173992613153
7.969919999867445 0.003841623610689182 0.011131944866837884
7.988099999866757 0.00130384645600079 0.0010143879354496121
8.00728999986603 0.003835169940230032 0.011115140018602698
8.026479999865304 0.0012194054351645223 0.0008071773416884476
8.044659999864615 0.003825581166560843 0.011090183716921942
8.063849999863889 0.001215484778004594 0.0007975620909483894
8.0820299998632 0.0038129334008505378 0.011057273868575468
8.101219999862474 0.001208257306467786 0.0007798299773154049
8.120409999861748 0.003737121651980591 0.010860107126098306
8.13858999986106 0.0011977992779331759 0.0007541681942946354
8.157779999860333 0.00373295004863905 0.010849170464299895
8.175959999859645 0.0011841899792308652 0.0007207713699663998
8.195149999858918 0.003725761268807748 0.01083033989442983
8.214339999858192 0.0011078884646433806 0.0005335361093150581
8.232519999857503 0.0037156256834818264 0.01080379954192523
8.251709999856777 0.001103011316657354 0.0005215719005691177
8.269889999856089 0.003702616412679882 0.010769740724236865
8.289079999855362 0.0010950051730683752 0.0005019273253581424
8.308269999854636 0.003634615107747541 0.010591830920281264
8.326449999853947 0.001083943831338141 0.00047478353741858825
8.345639999853221 0.003629599457016353 0.010578687631312977
8.363819999852533 0.0010699039205624983 0.00044032863979470704
8.383009999851806 0.003621729122339712 0.010558075554534252
8.40219999985108 0.001001155330800807 0.00027162915866574266
8.420379999850391 0.0036110721892974595 0.010530172835943041
8.439569999849665 0.0009954266666236666 0.00025757380298641053
8.458759999848938 0.0035395264099008505 0.010342988849065815
8.47693999984825 0.0009867378181959152 0.0002362524634258456
8.496129999847524 0.0035365248573183683 0.010335116651805087
8.514309999846835 0.0009751601687327804 0.00020784036699472708
8.533499999846109 0.0035307595713771627 0.010320013600861877
8.552689999845382 0.0009026392522387682 2.987921596808718e-05
8.570869999844694 0.0035223239161894515 0.010297845322948529
8.590059999843968 0.0008990224765890176 2.1006719219673897e-05
8.60823999984328 0.00351129736460265 0.010268784097688943
8.627429999842553 0.0008925393551815207 5.098581756790566e-06
8.646619999841826 0.0034470272963529336 0.010099508425043258
8.664799999841138 0.0008836099282616416 1.768221284947913e-05
8.683989999840412 0.003443240148446436 0.010089516283828814
8.702169999839724 0.0008724802586149716 4.7166247674201855e-05
8.721359999838997 0.003436855125541261 0.010072681635120428
8.74054999983827 0.0008204240207171365 0.00020788328177756554
8.758729999837582 0.003427933089120039 0.010049164790648657
8.777919999836856 0.0008174510710340366 0.0002187669319031471
8.796099999836168 0.003416537262268204 0.010019132283822785
8.815289999835441 0.0008126607351900406 0.00023630767258531193
8.834479999834715 0.0033585775553982566 0.009866478013409452
8.852659999834026 0.0008064383443525669 0.0002603477895934958
8.8718499998333 0.003354072498936489 0.009854596241898328
8.890029999832612 0.0007989059085266037 0.0002907235570059896
8.909219999831885 0.0033471095563285536 0.009836240668936735
8.928409999831159 0.0007686958375955344 0.0004354412585505507
8.94658999983047 0.0033377476080399537 0.009811566388562287
8.965779999829744 0.0007665163772874184 0.00044811370347730417
8.984969999829017 0.0032770661834112817 0.009650785853121402
9.003149999828329 0.0007633242894306004 0.00046708386950422565
9.022339999827603 0.0032743234318911574 0.009643495499112031
9.040519999826914 0.0007592868475293502 0.0004921992136863729
9.059709999826188 0.0032692178958564355 0.00962993712425586
9.078899999825461 0.0007397166044726955 0.000645029087087412
9.097079999824773 0.0032618039376804964 0.009610254949443675
9.116269999824047 0.0007388700019637096 0.0006531862425496193
9.134449999823358 0.0032521380888773654 0.009584598951395407
9.153639999822632 0.0007374665257982027 0.0006674419264385278
9.172829999821905 0.003197356331147816 0.009439278463230227
9.191009999821217 0.0007356829207638693 0.0006876542268496877
9.21019999982049 0.0031939284125016565 0.009430171528057585
9.228379999819802 0.0007334430725163266 0.0007136756700054647
9.247569999819076 0.003188264683156472 0.00941513340249056
9.26675999981835 0.0007254184517238027 0.0008516186601026376
9.284939999817661 0.003180417756967646 0.009394303669396642
9.304129999816935 0.0007250442158091008 0.0008614975284038096
9.322309999816246 0.0031704422752817374 0.009367827290107655
9.34149999981552 0.0007245900030526942 0.0008771466106893833
9.360689999814793 0.0031211896369605086 0.009236854021543728
9.378869999814105 0.0007239725349283965 0.0008984285946089798
9.398059999813379 0.0031171821304927234 0.00922612927291011
9.417249999812652 0.0007229956985553843 0.0010435109884743277
9.435429999811964 0.003111075473016589 0.0092097931243873
9.454619999811237 0.000723068883025646 0.0010493335838357432
9.47279999981055 0.003102920173967072 0.009187980603964085
9.491989999809823 0.0007232127125151866 0.0010607423743369537
9.511179999809096 0.003051259771736259 0.009049888255674432
9.529359999808408 0.0007234255697978753 0.001077609705857352
9.548549999807681 0.0030487480768579545 0.009043162935595817
9.566729999806993 0.0007239466118575955 0.0010998027785036335
9.585919999806267 0.0030442038138528416 0.009031004190507286
9.60510999980554 0.0007288427087285276 0.0012310396034220794
9.623289999804852 0.003037673960035958 0.00901353760697221
9.642479999804126 0.0007292304491043344 0.0012385147695970211
9.660659999803437 0.003029207354146801 0.008990893746629869
9.67984999980271 0.0007298925770155007 0.0012512762157079749
9.699039999801984 0.002982539755498337 0.008866148328923185
9.717219999801296 0.0007308250996956867 0.001269200375719759
9.73640999980057 0.0029794455672139675 0.00885786668277655
9.754589999799881 0.0007323049485966626 0.0012921588732228706
9.773779999799155 0.002974428104828175 0.008844443770017474
9.792969999798428 0.000740910276850637 0.0014105435724109938
9.81114999979774 0.0029675328305478477 0.008826001126105432
9.830339999797014 0.0007417049485358707 0.0014194924640831275
9.848519999796325 0.0029588069465237288 0.008802664938389881
9.867709999795599 0.000742943820309705 0.0014334428810824917
9.886899999794872 0.0029170819571334716 0.00869030404652138
9.905079999794184 0.0007446162723222516 0.0014522752715295795
9.924269999793458 0.002913498690009564 0.008680637608859954
9.943459999792731 0.0007571159537045347 0.0015769144110278077
9.961639999792043 0.002908110688017107 0.008666107276411594
9.980829999791316 0.0007577230789755918 0.001582329228688728
9.999009999790628 0.00290096156921682 0.008646830608871614
10.018199999789902 0.00075887314762213 0.001592586418552866
10.037389999789175 0.0028569547148523666 0.008528234015470204
10.055569999788487 0.0007605536936946544 0.001607574817952262
10.07475999978776 0.0028546638526045776 0.008522051357140459
10.092939999787072 0.0007627517523304261 0.001627178812957375
10.112129999786346 0.002850625374240856 0.008511158733104374
10.13131999978562 0.0007769344637641452 0.001739863080107984
10.149499999784931 0.0028448798549459697 0.008495665503172045
10.168689999784204 0.0007778525832314864 0.001746693458437587
10.186869999783516 0.0028374694664454747 0.008475685329190075
10.20605999978279 0.0007793865825848068 0.0017581060726024056
10.225249999782063 0.002797738078775147 0.008368611585707342
10.243429999781375 0.000781521998867829 0.0017739933285132459
10.262619999780648 0.002794952355812619 0.008361095832809529
10.28079999977996 0.0007842783968969868 0.0017942434728190904
10.299989999779234 0.0027905130470635697 0.008349123530415614
10.319179999778507 0.0007992591090395518 0.0018958321880480078
10.337359999777819 0.0027844594154989855 0.008332800501442694
10.356549999777092 0.0008005188415772801 0.0019039238357332344
10.374729999776404 0.0027768744731633266 0.008312236590446442
10.393919999775678 0.0008024534279708062 0.001916350737474204
10.413109999774951 0.0027414191231662777 0.008215853315951538
10.431289999774263 0.0008050466636593256 0.0019330088045665939
10.450479999773536 0.0027382212696420716 0.008207152497641257
10.46966999977281 0.0008225486795390148 0.0020400759281447023
10.487849999772122 0.002733472626414546 0.008194235713554487
10.507039999771395 0.000823380523981565 0.002045088549318397
10.525219999770707 0.0027272108406130036 0.00817720531599564
10.54440999976998 0.0008249748354565155 0.0020542987746674513
10.563599999769254 0.0026897468345036257 0.008075360900461348
10.581779999768566 0.0008273165934398197 0.00206760980131504
10.60096999976784 0.0026876650428113713 0.008069694692192098
10.619149999767151 0.000830362028626186 0.0020849209779183475
10.638339999766425 0.002684081435770702 0.008059945652094669
10.657529999765698 0.0008477665086853436 0.0021816657288509234
10.67570999976501 0.0026790310404118944 0.008046209010126315
10.694899999764283 0.0008489224378298575 0.0021878907260575176
10.713079999763595 0.002672550252376671 0.00802858371588
10.732269999762869 0.0008508158018504243 0.0021980876881544376
10.751459999762142 0.002638745518310781 0.007936687428633515
10.769639999761454 0.0008534292058397508 0.0022121629289162392
10.788829999760727 0.0026362436191625926 0.007929879567669662
10.807009999760039 0.0008567445871865421 0.0022300191658164437
10.826199999759313 0.002632320761253748 0.007919208689421975
10.845389999758586 0.0008736562895380606 0.0023171848889669278
10.863569999757898 0.002627010835789312 0.00790476693594
10.882759999757171 0.0008750819822642697 0.002324489152349951
10.901949999756445 0.0025916920952633316 0.007808063567316115
10.920129999755757 0.0008772410274503483 0.0023355511575173793
10.93931999975503 0.0025902064872792563 0.007803981800003079
10.957499999754342 0.0008801776367232117 0.0023502802781849574
10.976689999753615 0.0025873578209780757 0.007796160023909593
10.995879999752889 0.0008989732167479226 0.0024422440601190587
11.0140599997522 0.0025831773174705974 0.007784683908507173
11.033249999751474 0.000899918153290935 0.002446865818073185
11.051429999750786 0.0025776974522778717 0.007769642565480517
11.07061999975006 0.0009016367564560479 0.0024551262657102058
11.089809999749333 0.0025458242285539834 0.007682192274272026
11.107989999748645 0.0009041583986735269 0.002466941104328768
11.127179999747918 0.002543938801763179 0.007677013838636171
11.14535999974723 0.000907419893982686 0.0024822227082332837
11.164549999746503 0.0025407635057618227 0.00766829621151599
11.183739999745777 0.0009251478903673505 0.002565273756127695
11.201919999745089 0.0025363285612753916 0.007656122317711844
11.221109999744362 0.0009264055772785217 0.002570933717804813
11.239289999743674 0.002530665361651585 0.007640578299283884
11.258479999742947 0.0009284282031915003 0.002580036648647255
11.277669999742221 0.002501922279627533 0.007561716599369106
11.295849999741533 0.0009311976433713509 0.002592500973086498
11.315039999740806 0.002499680474261079 0.007555560659078253
11.333219999740118 0.0009346950820084965 0.0026082420045092647
11.352409999739391 0.0024962182904733066 0.007546056197715867
11.371599999738665 0.0009513192273876703 0.0026830233614938415
11.389779999737977 0.0024915649664007944 0.007533283443483807
11.40896999973725 0.0009528381288758104 0.002689606689665336
11.428159999736524 0.002461379091835747 0.007450210858561679
11.446339999735835 0.0009551084315595481 0.002699447175502634
11.465529999735109 0.0024600160499745893 0.007446429760304962
11.48370999973442 0.000958111932211958 0.002712465913556894
11.502899999733694 0.002457482953117096 0.007439406538656268
11.522089999732968 0.0009763312284490899 0.002791448986638745
11.54026999973228 0.0024538067250776674 0.007429215799870104
11.559459999731553 0.0009773110059233536 0.002795695326274217
11.577639999730865 0.002449015363961027 0.0074159351284297514
11.596829999730138 0.0009790184307011396 0.002803095855041793
11.616019999729412 0.0024219170894128617 0.00734085215160496
11.634199999728724 0.0009815224462026428 0.0028135771653614583
11.653389999727997 0.0024202148451937244 0.0073361314304576375
11.671569999727309 0.0009847453071115675 0.0028270629706894645
11.690759999726582 0.0024174054128611733 0.007328342783530228
11.709949999725856 0.0010017796765030562 0.002898350549740414
11.728129999725168 0.0024135148510574522 0.007317558419772663
11.747319999724441 0.001003007009641288 0.0029034858031740107
11.765499999723753 0.0024085702225047356 0.00730385333154171
11.784689999723026 0.0010049475285686116 0.0029116054771960442
11.8038799997223 0.0023841478928217086 0.00723618513894797
11.822059999721612 0.0010075842584282846 0.0029226385406921906
11.841249999720885 0.0023821435676023572 0.007230627633791897
11.860439999720159 0.0010260461312978642 0.0029976238371198782
11.87861999971947 0.0023790917425300373 0.007222167592702
11.897809999718744 0.0010267961463943376 0.0030006596459797308
11.915989999718056 0.0023750176266613687 0.007210874870933193
11.93517999971733 0.001028259838383172 0.0030065847424376457
11.954369999716603 0.002349264365699155 0.0071395184984557325
11.972549999715914 0.0010304208951915639 0.003015333089306793
11.991739999715188 0.0023480065748248125 0.007136029818699541
12.0099199997145 0.001033262347276409 0.0030268359873075745
12.029109999713773 0.002345734498103935 0.007129730633415043
12.048299999713047 0.0010502702928627539 0.0030946634587136757
12.066479999712358 0.002342471582388983 0.007120685914407954
12.085669999711632 0.001051261418059668 0.003098552631186635
12.103849999710944 0.0023382422034338157 0.00710896320754717
12.123039999710217 0.0010529492399787843 0.003105175996720444
12.14222999970949 0.002315195502482492 0.007044505414555147
12.160409999708802 0.0010553174698656465 0.003114469631215755
12.179599999708076 0.002313663135531163 0.007040211816544684
12.197779999707388 0.0010583491849364135 0.0031263671216308353
12.216969999706661 0.0023111809707556663 0.007033258820032806
12.236159999705935 0.0010739385149509673 0.003187550218231028
12.254339999705246 0.002307771464120978 0.007023709303199954
12.27352999970452 0.0010751235382756574 0.003192200357904351
12.291709999703832 0.0023034579306768777 0.00701162854966908
12.310899999703105 0.0010769702307896756 0.0031994374311783425
12.330089999702379 0.0022827219621512906 0.006953572065360181
12.34826999970169 0.001079531685268642 0.003209199588793954
12.367459999700964 0.0022809337469547053 0.006948562295561178
12.386649999700238 0.0010964339182492067 0.0032736216326267886
12.40482999969955 0.0022782469715173503 0.006941036589958038
12.424019999698823 0.00109717418351174 0.00327644262335669
12.442199999698135 0.0022746833576512415 0.00693105577069808
12.461389999697408 0.001098571604667753 0.0032817682616315125
12.480579999696682 0.00225279388851396 0.006869769295347883
12.498759999695993 0.0011006110920694923 0.003289541036111121
12.517949999695267 0.0022516492664665932 0.0068665617442342786
12.536129999694579 0.0011032769522993924 0.003299701134384936
12.555319999693852 0.002249634514527754 0.006860917858753091
12.574509999693126 0.001118683356761574 0.0033579422599849806
12.592689999692437 0.0022467698395325364 0.0068528942193779585
12.61187999969171 0.0011196414582259617 0.00336149429863708
12.630059999691023 0.002243076243261144 0.006842549631724815
12.649249999690296 0.0011212387949857128 0.0033674164489516656
12.66843999968957 0.0022233141202405715 0.006787219597836902
12.686619999688881 0.0011234603535549281 0.0033756530460116174
12.705809999688155 0.002221923223158062 0.006783322652026413
12.723989999687467 0.0011262905403029988 0.0033861462727102776
12.74317999968674 0.002219709010264914 0.006777120448731022
12.762369999686014 0.0011404510470378604 0.0034386506971628705
12.780549999685325 0.0022166910352621194 0.006768667739920353
12.799739999684599 0.0011415848111402394 0.0034428540600872637
12.81791999968391 0.0022129010946617678 0.006758021357622379
12.837109999683184 0.0011433233594475567 0.0034492997997626063
12.856299999682458 0.0021953084952820445 0.006708217578399456
12.87447999968177 0.0011456521673416376 0.003457934063100243
12.893669999681043 0.0021937163394660786 0.006703707818744853
12.912859999680316 0.0011607647459673798 0.003513275283506534
12.931039999679628 0.002191353881766056 0.006697017244072789
12.950229999678902 0.0011614872162771794 0.0035158850361649563
12.968409999678213 0.002188239826823035 0.006688198810933521
12.987599999677487 0.0011628106919223669 0.0035206659916853233
13.00678999967676 0.0021696482477781 0.006635566611967736
13.024969999676072 0.0011647213090606456 0.0035275680655533215
13.044159999675346 0.0021686105758510488 0.006632626799241148
13.062339999674657 0.001167204652943843 0.003536539182680265
13.081529999673931 0.0021668269218890757 0.006627575020934362
13.100719999673204 0.001181045992887375 0.0035865431822657
13.118899999672516 0.0021643146891643372 0.006620460550132989
13.13808999967179 0.0011819417870944093 0.0035897791021199943
13.156269999671101 0.0021610919607711887 0.006611334584250006
13.175459999670375 0.0011834062827108527 0.0035950695228548213
13.194649999669648 0.002144316951578684 0.0065638452548921755
13.21282999966896 0.0011854260620585144 0.003602365971944188
13.232019999668234 0.002143070717558815 0.006560315103532055
13.250199999667545 0.0011879871925304375 0.0036116181163392547
13.269389999666819 0.002141118663188668 0.0065547866891280115
13.288579999666092 0.0012005900461653507 0.003656669216056674
13.306759999665404 0.0021384776275764628 0.006547307687621018
13.325949999664678 0.0012016661733407208 0.003660462515664431
13.345139999663951 0.0021208232977518726 0.006497328719223816
13.363319999663263 0.0012032936872055089 0.0036661995164832817
13.382509999662537 0.0021200751953188712 0.006495208957180143
13.400689999661848 0.001205459286177324 0.0036738333289543235
13.419879999661122 0.002118643743246995 0.006491154548349254
13.439069999660395 0.0012189440573799892 0.0037213687551052033
13.457249999659707 0.0021165445981404796 0.006485209819606652
13.47643999965898 0.001219626331107504 0.0037237736887907325
13.494619999658292 0.0021137940456986692 0.006477420879369422
13.513809999657566 0.0012208425279828239 0.0037280607623868534
13.53299999965684 0.002097888867714448 0.00643222574305824
13.551179999656151 0.0012225802748843106 0.003734186358961278
13.570369999655425 0.0020969514569948444 0.006429538921404188
13.588549999654736 0.0012248267104578714 0.003742105141379959
13.60773999965401 0.0020953749306655833 0.006425021330602743
13.626929999653283 0.0012370041264412324 0.003785031993819299
13.645109999652595 0.0020931742671003173 0.006418715878486747
13.664299999651869 0.0012378385187679086 0.0037879731739742795
13.68247999965118 0.0020903650256908213 0.006410667136358406
13.701669999650454 0.0012391849048756232 0.003792695261617407
13.720859999649727 0.00207613684350616 0.006369912321735338
13.739039999649039 0.0012410606409239966 0.0037991560485450826
13.758229999648313 0.0020750229602084502 0.006366720083461619
13.776409999647624 0.001243428439177352 0.0038073117167192194
13.795599999646898 0.002073304392787856 0.006361795706399942
13.814789999646171 0.0012546497117960076 0.0038459624945530457
13.832969999645483 0.0020709956327266132 0.00635518070304375
13.852159999644757 0.00125564207829576 0.003849380571774308
13.87134999964403 0.0020560062371496324 0.006312245221051782
13.889529999643342 0.0012571235795808544 0.0038544834471743172
13.908719999642615 0.0020553212623030115 0.006310281696975117
13.926899999641927 0.0012590823627793846 0.0038612302943441534
13.9460899996412 0.0020540508133705115 0.006306641060538354
13.965279999640474 0.0012709352110450434 0.0039020565124281426
13.983459999639786 0.002052208366685182 0.006301361915772574
14.00264999963906 0.0012715764230000204 0.0039042650649689925
14.020829999638371 0.0020498079360445898 0.006294484407609602
14.040019999637645 0.0012726913110937543 0.003908105169214693
14.059209999636918 0.0020362606233004232 0.006255679768851774
14.07738999963623 0.001274268847956006 0.003913538842059694
14.096579999635503 0.0020354060211104086 0.006253230423924894
14.114759999634815 0.001276297574111629 0.003920526612077868
14.133949999634089 0.0020339974023122487 0.0062491940773790056
14.153139999633362 0.001287036732296798 0.003957373533314268
14.171319999632674 0.002032047810184734 0.006243608093370323
14.190509999631947 0.0012878283498907184 0.003960041247785817
14.20868999963126 0.002029570790341828 0.006236511274915202
14.227879999630533 0.0012890780574175142 0.003964252701160742
14.247069999629806 0.002017361812215679 0.006201540288353069
14.265249999629118 0.0012907749486337217 0.003969971139217154
14.284439999628392 0.002016356155347898 0.0061986583186457445
14.303629999627665 0.0013022772112317726 0.0040087325782312
14.321809999626977 0.0020148263490360474 0.006194274903059682
14.34099999962625 0.0013027463930601613 0.004010313706714896
14.359179999625562 0.0020127850113176304 0.006188426187869744
14.378369999624836 0.0013036590663252356 0.00401338937814355
14.397559999624109 0.0019999093583452643 0.006151545357935273
14.41573999962342 0.0013050050914366063 0.004017925421295754
14.434929999622694 0.0019992773557896415 0.006149733808402669
14.453109999622006 0.0013067739201808592 0.004023886289794554
14.47229999962128 0.0019981408792631994 0.006146468409040651
14.491489999620553 0.0013171778262570655 0.004058946357521354
14.509669999619865 0.0019965257256714386 0.006141782780422211
14.528859999619138 0.0013177778245874183 0.004060968334806958
14.54703999961845 0.001994432950973679 0.006135711873200833
14.566229999617724 0.0013187975085238168 0.004064404630788054
14.585419999616997 0.001982946254243112 0.0061023979435526066
14.603599999616309 0.0013202270629159019 0.004069222167302211
14.622789999615582 0.001982178532748735 0.0061001702478469255
14.640969999614894 0.0013220562905824629 0.004075386580992824
14.660159999614168 0.001980936499649366 0.0060965668709389575
14.679349999613441 0.0013314406321812688 0.004107010801035482
14.697529999612753 0.0019792313726418875 0.006091620348858129
14.716719999612026 0.0013321572751912036 0.004109425868592531
14.734899999611338 0.0019770747983344217 0.006085364462038445
14.754089999610612 0.001333271000414249 0.004113179081766116
14.773279999609885 0.001966729276520529 0.006055360315138092
14.791459999609197 0.001334772311270438 0.0041182384371563074
14.81064999960847 0.001965833881836909 0.006052762378161436
14.829839999607744 0.0013448606317941758 0.004151539585006692
14.848019999607056 0.001964489763213506 0.006048862973861979
14.86720999960633 0.0013453054336451942 0.004153007972940159
14.885389999605641 0.001962707771535066 0.006043693574409037
14.904579999604914 0.001346142716302956 0.004155771952207843
14.923769999604188 0.0019517856406010556 0.006012016939282994
14.9419499996035 0.0013473634648335509 0.004159801764236359
14.961139999602773 0.0019512117373070572 0.006010351504104339
14.979319999602085 0.0013489583037049613 0.004165066459616007
14.998509999601358 0.001950203304749043 0.0060074257699382905
15.017699999600632 0.0013580783642853644 0.004195171345300341
15.035879999599944 0.0019487704373277737 0.006003269015697477
15.055069999599217 0.0013586375773325665 0.004197017408646975
15.073249999598529 0.0019469236262869005 0.005997911670263534
15.092439999597802 0.0013595681893561196 0.004200089471850799
15.111629999597076 0.0019370633976748544 0.0059693149020989544
15.129809999596388 0.0013608614748110703 0.004204358731230151
15.148999999595661 0.0019363665966111165 0.005967293068753765
15.167179999594973 0.0013625083708985741 0.004209795269582983
15.186369999594246 0.0019352586451210074 0.005964078744191692
15.20555999959352 0.0013707297523226636 0.0042369336244574285
15.223739999592832 0.00193374931128254 0.005959700259905443
15.242929999592105 0.0013713908924123386 0.004239116152549016
15.261109999591417 0.0019318487340393986 0.0059541870240154005
15.28029999959069 0.0013724034152332587 0.004242458605663302
15.299489999589964 0.0019229737122863357 0.005928447676772919
15.317669999589276 0.0013737588792590572 0.004246933117901808
15.33685999958855 0.001922167671789099 0.00592610905580937
15.356049999587823 0.0013824251663779874 0.004275540153475532
15.374229999587135 0.0019209726762664527 0.0059226423187230814
15.393419999586408 0.0013828364553439831 0.004276897915733713
15.41159999958572 0.001919398173528819 0.00591807486864937
15.430789999584993 0.0013835879766189718 0.004279378795102318
15.449979999584267 0.0019100182527259648 0.0058908710310445755
15.468159999583579 0.0013846718791712398 0.004282956874501753
15.487349999582852 0.0019094922763049915 0.005889344747289638
15.505529999582164 0.0013860800002015727 0.004287605208697087
15.524719999581437 0.001908589622527046 0.005886725956416594
15.54390999958071 0.0013940298078140012 0.004313452239523841
15.562089999580023 0.0019073190820958486 0.005883040155973962
15.581279999579296 0.0013945491251083908 0.004315133504484425
15.599459999578608 0.0019056897887433921 0.005878313837737181
15.618649999577881 0.0013953967359540131 0.004317877517845403
15.637839999577155 0.0018972629061406732 0.005853769261454644
15.656019999576467 0.0013965648923643936 0.0043216591975148155
15.67520999957574 0.001896639936674216 0.005851937805656515
15.693389999575052 0.0013980455490277821 0.0043264524996367015
15.712579999574325 0.0018956652314642273 0.005849072662966748
15.731769999573599 0.0014052390023105987 0.004349738287234839
15.74994999957291 0.0018943471848483773 0.005845198503262594
15.769139999572184 0.0014058472687582535 0.0043517074953092205
15.788329999571458 0.0018855562570321283 0.005819364829273699
15.80650999957077 0.0014067661236724094 0.004354682136320509
15.825699999570043 0.0018851816032091626 0.00581826316540246
15.843879999569355 0.0014079880719524152 0.004358637947821098
15.863069999568628 0.0018844664095079011 0.005816160716443086
15.882259999567902 0.0014155788243184197 0.004383209908176422
15.900439999567213 0.0018834184809527477 0.005813080420824512
15.919629999566487 0.001415965129222263 0.004384460581607907
15.937809999565799 0.001882045935993615 0.005809046137794649
15.956999999565072 0.0014166521876842753 0.0043866848511209255
15.976189999564346 0.0018740967456757351 0.005785686135528767
15.994369999563657 0.0014176330276566285 0.0043898601464031906
16.013559999562933 0.0018736223319082421 0.005784291329691271
16.031739999562244 0.0014189004022694407 0.004393963008320068
16.050929999561518 0.0018728256638159688 0.00578194947717936
16.07011999956079 0.0014257549424517846 0.004416151746211572
16.088299999560103 0.0018717142963500244 0.005778682780899214
16.107489999559377 0.001426226832670574 0.004417679472645819
16.12566999955869 0.0018702960774477084 0.00577451430494591
16.144859999557962 0.001426983299907425 0.004420128428173076
16.164049999557236 0.0018631281782580666 0.005753450334966548
16.182229999556547 0.0014280175972164466 0.00442347677243049
16.20141999955582 0.001862564854227755 0.005751794271124933
16.219599999555133 0.0014293227207230474 0.004427701831588582
16.238789999554406 0.001861696637595056 0.005749242182695458
16.25797999955368 0.0014354941708697444 0.004447679311714303
16.27615999955299 0.0018605308377582785 0.0057458155520162535
16.295349999552265 0.0014360421684909142 0.004449453408916781
16.31453999955154 0.0018529787669275821 0.005723622502229464
16.33271999955085 0.0014368593852156497 0.004452099019114364
16.351909999550124 0.0018526317762852518 0.005722602233393381
16.370089999549435 0.0014379392950363279 0.004455595016106262
16.38927999954871 0.0018519895773188024 0.005720714400792026
16.408469999547982 0.0014444617973654594 0.0044766987360223
16.426649999547294 0.0018510589674877176 0.005717978980934735
16.445839999546568 0.0014448230226907777 0.004477846863581991
16.46401999954588 0.001849847015199857 0.0057144167474487695
16.483209999545153 0.0014454498180351827 0.004479838966386929
16.502399999544426 0.0018430217971152631 0.005694359748509292
16.520579999543738 0.0014463359987472169 0.0044826553891597065
16.53976999954301 0.0018425893427010953 0.0056930883457373405
16.557949999542323 0.0014474751379182083 0.0044862757069719095
16.577139999541597 0.0018418775421268352 0.005690995994989123
16.59632999954087 0.0014534684689645472 0.0045053216114809835
16.614509999540182 0.001840892974471875 0.0056881020315868724
16.633699999539456 0.0014539043445480626 0.004506706970974772
16.651879999538767 0.0018396424719256954 0.0056844265345246114
16.67106999953804 0.0014545914963681739 0.004508890880039473
16.690259999537314 0.0018334918089734087 0.005666351894018096
16.708439999536626 0.0014555239398826858 0.0045118543197220085
16.7276299995359 0.0018329832533843236 0.005664856870668533
16.746819999535173 0.0014618291502819236 0.004531891408432465
16.764999999534485 0.0018322104119758986 0.005662585159049716
16.78418999953376 0.0014620880759715904 0.004532714420624195
16.80236999953307 0.001831179649215864 0.0056595554634109035
16.821559999532344 0.0014625902717257944 0.004534310539117126
16.840749999531617 0.0018246925355183128 0.005640491993919028
16.85892999953093 0.0014633301736650672 0.004536662081611187
16.878119999530202 0.0018243724461267654 0.005639550864344756
16.896299999529514 0.001464301993825634 0.004539750654408703
16.915489999528788 0.0018237964476615076 0.005637857663998158
16.93467999952806 0.0014700048871962856 0.004557873627941689
16.952859999527373 0.0018229704598908825 0.005635429790329383
16.972049999526647 0.0014703354920611034 0.00455892443010919
16.99022999952596 0.001821900636775231 0.005632285328849296
17.00941999952523 0.0014708963082292748 0.004560706837974937
17.028609999524505 0.0018160411533868492 0.005615066317588013
17.046789999523817 0.0014716819499701606 0.0045632037355525235
17.06597999952309 0.0018156478605172446 0.005613910079771411
17.084159999522402 0.001472686821964997 0.004566397340721728
17.103349999521676 0.001815012418489248 0.005612042208891221
17.12253999952095 0.0014778306117905204 0.004582743528214195
17.14071999952026 0.0018141405561729051 0.0056094795416128385
17.159909999519535 0.0014782251260800905 0.004583997428297959
17.178089999518846 0.001813038221450958 0.005606239558242354
17.19727999951812 0.001478837452622006 0.0045859435299000495
17.216469999517393 0.0018077611214780684 0.005590732033255996
17.234649999516705 0.0014796623805068965 0.0045885652727784
17.25383999951598 0.0018073074876274742 0.005589384429127708
17.273029999515252 0.001485079342812945 0.004605779629252016
17.291209999514564 0.0018066294895882073 0.005587363584180771
17.310399999513837 0.0014853196926620793 0.004606543593943524
17.32857999951315 0.0018057310414578698 0.0055846857846986175
17.347769999512423 0.0014857709294499033 0.00460797775194699
17.366959999511696 0.0018002364424908322 0.005568312342985049
17.385139999511008 0.0014864282076206825 0.004610066704269222
17.40432999951028 0.0017999462730292626 0.005567447271215276
17.422509999509593 0.0014872864878342495 0.00461279443514373
17.441699999508867 0.0017994373338439116 0.005565930251727469
17.46088999950814 0.0014921833279181174 0.0046283558844617545
17.479069999507452 0.0017987147088571742 0.005563776435191237
17.498259999506725 0.0014924850863030636 0.00462931499927155
17.516439999506037 0.0017977836818284798 0.005561001568199497
17.53562999950531 0.0014929864036635765 0.004630908306813009
17.554819999504584 0.001792823519076947 0.00554622075080724
17.572999999503896 0.0014936825898964612 0.0046331209028971365
17.59218999950317 0.0017924715269630465 0.005545171461829312
17.61036999950248 0.0014945687738211477 0.004635937306063376
17.629559999501755 0.0017919125360655872 0.005543505303551299
17.648749999501028 0.0014989828804446992 0.00464996466805756
17.66692999950034 0.00179115146597808 0.005541236937167682
17.686119999499613 0.0014993393428912594 0.004651097626329204
17.704299999498925 0.0017901934229702656 0.005538381579506257
17.7234899994982 0.0014998846087375117 0.004652830596929558
17.742679999497472 0.0017857290920456625 0.0055250783440707885
17.760859999496784 0.0015006141406663787 0.00465514915963805
17.780049999496057 0.0017853221519437135 0.0055238653239197966
17.79923999949533 0.0015052852688016705 0.0046699368701386135
17.817419999494643 0.0017847193881977974 0.005522068736918406
17.836609999493916 0.0015055113241779772 0.004670642990378671
17.854789999493228 0.0017839255590363923 0.005519702763634449
17.8739799994925 0.001505923411217358 0.004671930086563858
17.893169999491775 0.0017792068139899087 0.005505641315139975
17.911349999491087 0.0015065172356906187 0.004673784747089016
17.93053999949036 0.0017789409243261778 0.005504848650894623
17.948719999489672 0.0015072883328453024 0.004676193028430031
17.967909999488946 0.0017784853913083154 0.00550349083705548
17.98709999948822 0.0015115666007708972 0.004689553437131622
18.00527999948753 0.0017778446422698215 0.005501581067923755
18.024469999486804 0.001511846183349208 0.004690426717024465
18.042649999486116 0.0017770232772778005 0.005499133052411231
18.06183999948539 0.001512301797925053 0.0046918497436543305
18.081029999484663 0.0017727659857305065 0.005486446738511841
18.099209999483975 0.0015129292885228685 0.004693809537503757
18.11839999948325 0.001772447161420887 0.005485496340840168
18.13657999948256 0.0015137243397591593 0.004696292621342302
18.155769999481834 0.0017719489045312507 0.005484011222756102
18.174959999481107 0.0015175784867681452 0.004708328530378392
18.19313999948042 0.0017712754988166157 0.005482004150159092
18.212329999479692 0.0015179057094677484 0.004709350584963801
18.231519999478966 0.0017667942575879667 0.005468650413109621
18.249699999478278 0.0015183994701760684 0.004710892736214944
18.26888999947755 0.0017666021524881392 0.005468077661974213
18.287069999476863 0.0015190557486683964 0.004712942429252465
18.306259999476136 0.0017662363253097002 0.00546698720755856
18.32544999947541 0.0015231230974158683 0.004725644195513468
18.34362999947472 0.0017657007590776708 0.0054653909195567785
18.362819999473995 0.001523331251063964 0.004726294392565222
18.380999999473307 0.0017649995967345955 0.005463301145014476
18.40018999947258 0.0015237006702475409 0.004727448220742669
18.419379999471854 0.0017609476103360722 0.0054512265906137
18.437559999471166 0.0015242276151982148 0.004729094000532896
18.45674999947044 0.0017607046561463058 0.00545050231937072
18.47492999946975 0.0015249081987834812 0.004731219592724045
18.494119999469024 0.0017602973084323015 0.005449288144776521
18.513309999468298 0.0015285809016591931 0.004742688906589354
18.53148999946761 0.0017597294226224802 0.005447595556473672
18.550679999466883 0.0015288348973655499 0.00474348226314758
18.568859999466195 0.001759005003545422 0.0054454364893041785
18.58804999946547 0.001529241484219068 0.004744752160767973
18.607239999464742 0.0017553514423769288 0.005434549244665021
18.625419999464054 0.001529797043325676 0.004746487297391244
18.644609999463327 0.0017550631722742516 0.005433689942124786
18.66278999946264 0.0015304978179151438 0.004748675940402514
18.681979999461912 0.0017546193660066267 0.005432367131297244
18.701169999461186 0.001533804355220547 0.004759001744536473
18.719349999460498 0.0017540237535508263 0.005430591928590189
18.73853999945977 0.0015340991132222206 0.004759922396369021
18.757729999459045 0.0017501740453411687 0.00541912011838841
18.775909999458356 0.001534538227124349 0.004761293870425565
18.79509999945763 0.0017499961740122805 0.005418589823780184
18.81327999945694 0.0015351181964048388 0.004763105234573128
18.832469999456215 0.0017496677059387622 0.005417610740587886
18.85165999945549 0.0015386114229728465 0.004774014093611445
18.8698399994548 0.0017491921100115662 0.005416193207063991
18.889029999454074 0.0015388024517256624 0.004774610795144074
18.907209999453386 0.0017485729933010008 0.0054143479726542765
18.92639999945266 0.0015391332758860619 0.004775644076915331
18.945589999451933 0.001745093954130028 0.005403980759433047
18.963769999451245 0.0015396006386552141 0.004777103767017454
18.982959999450518 0.001744872521782237 0.005403320661256927
19.00113999944983 0.0015402011558515172 0.004778979297059838
19.020329999449103 0.0017445085850672504 0.005402235890816787
19.039519999448377 0.0015433536224637168 0.00478882398556868
19.05769999944769 0.0017440055013111522 0.0054007364533315005
19.076889999446962 0.0015435839046000766 0.0047895432704225804
19.095069999446274 0.0017433667570216913 0.005398832738789938
19.114259999445547 0.0015439464575812687 0.0047906756358684355
19.13344999944482 0.0017402317133855536 0.005389490633778138
19.151629999444133 0.001544438130091419 0.004792211240411959
19.170819999443406 0.0017399714949120073 0.0053887149617071195
19.19000999944268 0.0015477549032039128 0.004802569080519792
19.20818999944199 0.0017395764551876303 0.005387537513179552
19.227379999441265 0.0015478919986542385 0.004802997339381498
19.245559999440577 0.0017390498421344658 0.005385967967619365
19.26474999943985 0.0015481571512081516 0.004803825519594795
19.283939999439124 0.0017357430186366594 0.0053761139177210815
19.302119999438435 0.0015485474310522605 0.004805044471190012
19.32130999943771 0.001735578978171448 0.005375624872738793
19.33948999943702 0.001549059790385554 0.004806644675947602
19.358679999436294 0.0017352843890517944 0.0053747467839482255
19.377869999435568 0.0015520595963958164 0.004816012648700685
19.39604999943488 0.0017348622722084264 0.005373488654114578
19.415239999434153 0.0015522343854550424 0.004816558619857858
19.433419999433465 0.0017343157681544152 0.00537185984272881
19.452609999432738 0.0015525303572491154 0.00481748304396179
19.47179999943201 0.0017313290144815863 0.005362959602273065
19.489979999431323 0.0015529446757064356 0.0048187770631868965
19.509169999430597 0.0017311276630626038 0.005362359377925063
19.52734999942991 0.0015534743944813911 0.004820431476648679
19.546539999429182 0.001730802782741514 0.0053613910290239986
19.565729999428456 0.0015561799777159546 0.004828880611440489
19.583909999427767 0.0017303572971621994 0.005360063268844417
19.60309999942704 0.0015563883722872207 0.004829531528338649
19.621279999426353 0.0017297942415129828 0.005358385142628652
19.640469999425626 0.001556711422417756 0.004830540513856008
19.6596599994249 0.0017271044800817312 0.005350369940682054
19.67783999942421 0.0015571463841499433 0.004831898997126327
19.697029999423485 0.0017268699378774066 0.0053496708143030425
19.71621999942276 0.0015599958811077785 0.004840797593597124
19.73439999942207 0.0017265185315106235 0.005348623425693866
19.753589999421344 0.001560123088853782 0.004841194960991668
19.771769999420655 0.0017260530888653092 0.00534723620139177
19.79095999941993 0.0015603613074010036 0.004841939013566776
19.810149999419203 0.001723212901807214 0.005338772694851723
19.828329999418514 0.0015607079850975538 0.004843021783029755
19.847519999417788 0.0017230621468876661 0.0053383232694548255
19.8656999994171 0.001561160468306233 0.0048444349823539845
19.884889999416373 0.0017227982234055972 0.005337536594218761
19.904079999415647 0.0015637362535111388 0.004852478794881154
19.92225999941496 0.0017224237621649154 0.005336420508772477
19.941449999414232 0.001563895753963207 0.004852977007163695
19.959629999413544 0.001721941497342283 0.005334983161864315
19.978819999412817 0.0015641603018402561 0.004853803282300895
19.99800999941209 0.001719408276299794 0.005327343238525906
20.016189999411402 0.0015645274274612708 0.004854949906207828
20.035379999410676 0.001719228239333459 0.005326798602334204
20.053559999409988 0.001564994565712241 0.004856408868769702
20.07274999940926 0.0017189426904570258 0.005325934862687731
20.091939999408535 0.0015673163177980511 0.00486365935283839
20.110119999407846 0.001718554138258499 0.005324759606595286
20.12930999940712 0.0015675045831650136 0.004864247394009702
20.14748999940643 0.001718065186322004 0.00532328070855792
20.166679999405705 0.0015677922339579766 0.00486514581501396
20.18586999940498 0.001715791558098534 0.005316404867539148
20.20404999940429 0.0015681768810376084 0.004866347154430795
20.223239999403564 0.001715583540170651 0.005315775614844753
20.242429999402837 0.0015706350306803343 0.004873991277665191
20.26060999940215 0.001715275706910324 0.005314844487147585
20.279799999401423 0.001570754516789452 0.004874358424911129
20.297979999400734 0.0017148704845213467 0.0053136188226443615
20.317169999400008 0.0015709718366531122 0.004875026106143654
20.33635999939928 0.0017124670696483377 0.005306350442635388
20.354539999398593 0.0015712847311356581 0.00487598738156958
20.373729999397867 0.0017123309747590911 0.005305938715827185
20.39190999939718 0.0015716908513896401 0.004877235035716243
20.411099999396452 0.0017120982141974883 0.005305234639851886
20.430289999395725 0.001573939094720034 0.004884141046490598
20.448469999395037 0.0017117710455015755 0.005304245042137001
20.46765999939431 0.0015740867020404004 0.0048845945748388075
20.485839999393622 0.0017113518141989024 0.00530297701626381
20.505029999392896 0.0015743268840723301 0.004885332481696647
20.52421999939217 0.0017091835345971476 0.005296419750644432
20.54239999939148 0.0015746574543887837 0.0048863480509586665
20.561589999390755 0.0017090204826382127 0.005295926503057213
20.579769999390066 0.0015750761428072746 0.004887634308903266
20.59895999938934 0.0017087659699733804 0.005295156647722177
20.618149999388613 0.001577101410460968 0.0048938553785515815
20.636329999387925 0.0017084221809178235 0.0052941167912656795
20.6555199993872 0.0015772740443117383 0.004894385781650801
20.674709999386472 0.0017061396525878127 0.0052872139805204554
20.692889999385784 0.0015775342598289832 0.004895185225362031
20.712079999385058 0.0017060412166323145 0.005286916159863431
20.73025999938437 0.0015778799419131628 0.004896247212704541
20.749449999383643 0.001705854230206194 0.005286350532662798
20.768639999382916 0.0015800174207936113 0.004902812999063588
20.786819999382228 0.0017055807243697707 0.005285523241616019
20.8060099993815 0.0015801274103584007 0.004903150962143332
20.824189999380813 0.0017052228115500554 0.005284440676067703
20.843379999380087 0.001580322209227325 0.00490374944963623
20.86256999937936 0.001703159014047828 0.005278199368308201
20.880749999378672 0.001580599849981712 0.004904602418087656
20.899939999377946 0.0017030346819283393 0.005277823234739465
20.918119999377257 0.0015809582876712416 0.004905703584812127
20.93730999937653 0.0017028265545729893 0.0052771936759898885
20.956499999375804 0.0015828882850269508 0.0049116320251507695
20.974679999375116 0.0017025365980215534 0.005276316638425094
20.99386999937439 0.0015830223582444791 0.004912043966243118
21.0120499993737 0.0017021668542831492 0.005275198297793882
21.031239999372975 0.0015832366786909802 0.004912702418158332
21.05042999937225 0.0017003060758581379 0.005269570975885429
21.06860999937156 0.0015835293425430221 0.004913601531986167
21.087799999370834 0.0017001586670830628 0.005269125055740176
21.105979999370145 0.0015838983734571823 0.004914735235694856
21.12516999936942 0.0016999319781128008 0.005268439365690991
21.144359999368692 0.0015856358648681512 0.004920072332426084
21.162539999368004 0.0016996279110027546 0.00526751965916894
21.181729999367278 0.0015857913514243371 0.004920550049913874
21.20091999936655 0.001697667068551012 0.005261589692973079
21.219099999365863 0.001586022754109129 0.0049212609725679535
21.238289999365136 0.0016975759538188084 0.005261314030413633
21.256469999364448 0.001586328231404588 0.004922199444001851
21.27565999936372 0.0016974080762816035 0.005260806211482283
21.294849999362995 0.0015881639795993774 0.004927838389057193
21.313029999362307 0.0016971652047320651 0.005260071585433401
21.33221999936158 0.0015882648926676126 0.004928148459326653
21.350399999360892 0.0016968491784636885 0.005259115715039453
21.369589999360166 0.0015884393238906336 0.004928684368721292
21.38877999935944 0.0016950772138600856 0.005253756967960044
21.40695999935875 0.0015886855599915872 0.004929440854428702
21.426149999358024 0.0016949639150001248 0.00525341421790948
21.444329999357336 0.0015890018205374499 0.004930412447112786
21.46351999935661 0.0016947779784289851 0.0052528517871963665
21.482709999355883 0.0015906584176865746 0.004935501071756665
21.500889999355195 0.0016945211160477312 0.005252074852923894
21.52007999935447 0.0015907799527598019 0.004935874487288494
21.53825999935378 0.0016941951056926863 0.005251088792346259
21.557449999353054 0.001590971048713752 0.004936461585436369
21.576639999352327 0.0016925984251525694 0.00524626015272478
21.59481999935164 0.0015912300476510488 0.004937257274484352
21.614009999350912 0.0016924653753016552 0.005245857674118781
21.633199999350186 0.0015929731237420699 0.004942611566338684
21.651379999349498 0.0016922636042554506 0.0052452473591424464
21.67056999934877 0.0015930456316687325 0.004942834372534399
21.688749999348083 0.0016919947681202085 0.0052444342169222224
21.707939999347357 0.001593185484852322 0.004943264055468077
21.72712999934663 0.0016903104553361858 0.005239340533169656
21.74530999934594 0.0015933911418833933 0.004943895880860083
21.764499999345215 0.0016902264481987173 0.005239086380881552
21.782679999344527 0.0015936609994057216 0.004944724922462118
21.8018699993438 0.0016900758972978602 0.005238630977399961
21.821059999343074 0.0015952374318565221 0.00494956731414975
21.839239999342386 0.0016898603430389736 0.0052379789820533595
21.85842999934166 0.0015953297436080982 0.004949850953206436
21.87660999934097 0.001689581386757455 0.005237135238145285
21.895799999340245 0.0015954857852344964 0.004950330362918365
21.914989999339518 0.0016880601683721965 0.005232534797594557
21.93316999933883 0.001595704064636827 0.004951000959696472
21.952359999338103 0.0016879571605215027 0.005232223184692408
21.970539999337415 0.0015959830318189594 0.004951857982060659
21.98972999933669 0.0016877911872434927 0.0052317211432728605
22.008919999335962 0.0015974047802025382 0.0049562252117163474
22.027099999335274 0.0016875637393157783 0.00523103318117446
22.046289999334547 0.0015975147467668371 0.004956563080882326
22.06446999933386 0.0016872763643587252 0.005230163980529667
22.083659999333133 0.0015976850103536222 0.004957086175483294
22.102849999332406 0.0016859064792413834 0.005226021212523246
22.121029999331718 0.0015979141273543274 0.004957790060511336
22.14021999933099 0.001685786570067238 0.005225658488050566
22.159409999330265 0.0015994116208236653 0.004962389982299253
22.177589999329577 0.0016856070927866451 0.0052251156097749
22.19677999932885 0.001599478873718807 0.004962596637092531
22.214959999328162 0.0016853694893879112 0.005224396938230402
22.234149999327435 0.0015996045071575704 0.004962982630019042
22.25333999932671 0.0016839228664115022 0.005220022077223607
22.27151999932602 0.00159978717874798 0.004963543837899209
22.290709999325294 0.0016838456817018788 0.005219788570043349
22.308889999324606 0.00160002549253313 0.004964275972352272
22.32807999932388 0.0016837108123139988 0.005219380604781776
22.347269999323153 0.001601379084019472 0.0049684338520927795
22.365449999322465 0.0016835195997576546 0.0052188022386823185
22.384639999321738 0.00160146330306854 0.0049686926221204075
22.40281999932105 0.0016832734381531098 0.00521805768814998
22.422009999320323 0.001601602766366117 0.004969121096387585
22.441199999319597 0.0016819676415971154 0.005214108725215549
22.45937999931891 0.0016017961746542797 0.004969715283498211
22.478569999318182 0.0016818741855688657 0.005213826011540856
22.496749999317494 0.0016020421785351013 0.004970471037968327
22.515939999316767 0.0016817261489766588 0.005213378227819643
22.53512999931604 0.0016032622155112142 0.004974218662434637
22.553309999315353 0.0016815248298182042 0.005212769299800524
22.572499999314626 0.0016033615461937822 0.0049745238513976275
22.5916899993139 0.0016801515051947382 0.005208616097651664
22.60986999931321 0.0016035131433317362 0.004974989596606694
22.629059999312485 0.001680096429866218 0.0052084494634896394
22.647239999311797 0.0016037157500288224 0.004975612037283472
22.66642999931107 0.0016799885139880957 0.005208123021693822
22.685619999310344 0.0016050021242505208 0.004979563452467417
22.703799999309656 0.0016798289644643916 0.005207640422466575
22.72298999930893 0.0016050642426270743 0.004979754326928099
22.74116999930824 0.001679619036767277 0.005207005462815051
22.760359999307514 0.00160517696982887 0.004980100666063247
22.779549999306788 0.0016783766994036275 0.005203248402807503
22.7977299993061 0.0016053391367700787 0.004980598878134845
22.816919999305373 0.0016783060030362007 0.005203034528322714
22.835099999304685 0.0016055495279913015 0.004981245229196407
22.85428999930396 0.0016781853019881554 0.005202669422899042
22.873479999303232 0.0016067116421829564 0.004984814939168469
22.891659999302544 0.0016780157644907812 0.00520215661995449
22.910849999301817 0.0016067882930951294 0.004985050453842899
22.92902999930113 0.001677798604351577 0.00520149979005291
22.948219999300402 0.0016069128321913875 0.004985433075166412
22.967409999299676 0.0016766778620703748 0.005198110467241612
22.985589999298988 0.0016070841280724222 0.004985959328185352
23.00477999929826 0.0016765932342227565 0.005197854462746232
23.022959999297573 0.0016073010060078106 0.004986625603708994
23.042149999296846 0.001676461294338294 0.005197455370953286
23.06133999929612 0.0016083478126592832 0.004989841109648285
23.07951999929543 0.0016762831728159846 0.00519691661006183
23.098709999294705 0.0016084373958699103 0.004990116348646545
23.11789999929398 0.0016751032813238087 0.005193348390275521
23.13607999929329 0.0016085722842485994 0.004990530759696465
23.155269999292564 0.0016750520918328293 0.005193193517682992
23.173449999291876 0.0016087513833483724 0.004991080981064933
23.19263999929115 0.0016749550955175165 0.005192900109751708
23.211829999290423 0.001609856282552058 0.004994474949349126
23.230009999289734 0.001674813343455539 0.005192471345516481
23.249199999289008 0.0016099134471220244 0.004994650599976502
23.26737999928832 0.0016746279287865873 0.005191910530755184
23.286569999287593 0.0016100144830093477 0.004994961017934507
23.305759999286867 0.0016735611502161074 0.005188684395784904
23.32393999928618 0.0016101583720911086 0.004995403076135663
23.343129999285452 0.0016734965768586685 0.005188489048713052
23.361309999284764 0.001610344056190871 0.004995973523358455
23.380499999284037 0.0016733886567183995 0.005188162605829216
23.39968999928331 0.0016113416593394048 0.004999037896691316
23.417869999282622 0.001673238407123745 0.005187708144582803
23.437059999281896 0.0016114112697387384 0.004999251777015878
23.455239999281208 0.0016730468847601097 0.005187128860872914
23.47442999928048 0.0016115223914747734 0.004999593174903616
23.493619999279755 0.0016720850929488051 0.005184220234288883
23.511799999279066 0.001611674039218358 0.00500005906426404
23.53098999927834 0.0016720085937556028 0.0051839888215776675
23.54916999927765 0.001611865190380257 0.005000646303721101
23.568359999276925 0.0016718910835160639 0.005183633378047503
23.5875499992762 0.001612763243137416 0.005003404876091633
23.60572999927551 0.0016717335464794258 0.005183156879873252
23.624919999274784 0.0016128439186411383 0.00500365274522796
23.644109999274058 0.0016707199496410752 0.005180091568957046
23.66228999927337 0.0016129638648902935 0.005004021249443991
23.681479999272643 0.001670672582263166 0.005179948263478451
23.699659999271955 0.0016131221288638864 0.0050045074609261775
23.718849999271228 0.0016705855058125605 0.0051796848643093085
23.7380399992705 0.0016140710495310406 0.005007422301406272
23.756219999269813 0.0016704596356504897 0.005179304139979468
23.775409999269087 0.0016141234831690277 0.005007583412697247
23.7935899992684 0.0016702959235148638 0.005178808968675508
23.812779999267672 0.001614213947241594 0.005007861349026754
23.831969999266946 0.0016693800015294968 0.005176039053744752
23.850149999266257 0.0016143415552432039 0.0050082533873951895
23.86933999926553 0.0016693211689761123 0.0051758610758234624
23.887519999264843 0.0016145053857724576 0.005008756696889272
23.906709999264116 0.001669224761351118 0.005175569458470974
23.92589999926339 0.0016153616613118202 0.005011386947995078
23.9440799992627 0.0016690916645460963 0.005175166880855286
23.963269999261975 0.0016154247517993214 0.005011580794300752
23.981449999261287 0.001668922798539807 0.00517465612545065
24.00063999926056 0.0016155238255354254 0.0050118851769753725
24.019829999259834 0.0016680975205216608 0.00517216034243706
24.038009999259145 0.001615658024644362 0.005012297460105231
24.05719999925842 0.0016680284810548507 0.005171951497773275
24.076389999257692 0.0016165590719888767 0.005015065252156337
24.094569999257004 0.0016679238925972897 0.005171635141265618
24.113759999256278 0.0016165967906625056 0.005015181157308479
24.13193999925559 0.0016677846122121751 0.005171213864596513
24.151129999254863 0.0016166693467329907 0.005015404078601016
24.170319999254136 0.001666913965768013 0.0051685808646451115
24.188499999253448 0.0016167759424857708 0.005015731566004877
24.20768999925272 0.0016668703056044176 0.005168448777814749
24.225869999252033 0.0016169157482053278 0.005016161070670044
24.245059999251307 0.001666792222658975 0.005168212585193732
24.26424999925058 0.001617730617690105 0.005018664139244677
24.282429999249892 0.0016666805140078678 0.0051678746968208955
24.301619999249166 0.001617778571001094 0.005018811482138119
24.319799999248477 0.0016665360084303635 0.005167437619557624
24.33898999924775 0.0016178594913675015 0.005019060096134176
24.358179999247024 0.00166574970327249 0.005165059690848128
24.376359999246336 0.0016179726065851385 0.005019407609019311
24.39554999924561 0.0016656962232790562 0.005164897907561361
24.41372999924492 0.0016181171146317788 0.005019851556709032
24.432919999244195 0.001665610171656895 0.005164637616883461
24.45210999924347 0.001618851991956438 0.005022108903274258
24.47028999924278 0.0016654923198829994 0.0051642811515595355
24.489479999242054 0.0016189090686823393 0.005022284270550514
24.507659999241366 0.0016653434688195248 0.005163830934151736
24.52684999924064 0.001618997336520045 0.005022555453526589
24.546039999239913 0.0016646354219117532 0.00516168967990005
24.564219999239224 0.0016191160485132803 0.005022920157549127
24.583409999238498 0.0016645732078377498 0.005161501483830211
24.60259999923777 0.0016198901402251222 0.005025297972094389
24.620779999237083 0.0016644801796702469 0.0051612200955286625
24.639969999236357 0.0016199251124402456 0.005025405435965524
24.65814999923567 0.0016643570835541688 0.005160847772200938
24.677339999234942 0.0016199902846036898 0.005025605670228028
24.696529999234215 0.0016636093086268566 0.005158586360642925
24.714709999233527 0.0016200849620372493 0.005025896541355213
24.7338999992328 0.0016635692041762074 0.005158465033683335
24.752079999232112 0.0016202084223680968 0.005026275830177784
24.771269999231386 0.0016634992597305276 0.005158253460368911
24.79045999923066 0.0016209080970046585 0.005028425048858587
24.80863999922997 0.0016634001694584288 0.005157953740153598
24.827829999229245 0.0016209518372728435 0.005028559445130476
24.846009999228556 0.0016632726548528876 0.005157568055447204
24.86519999922783 0.0016210241549772242 0.005028781628180212
24.884389999227103 0.0016625977056134997 0.005155526888644957
24.902569999226415 0.0016211243778331272 0.005029089532460063
24.92175999922569 0.0016625491921070659 0.005155380131061094
24.939939999225 0.0016212518075080506 0.005029481012597259
24.959129999224274 0.0016624724444360692 0.005155147983915143
24.978319999223547 0.0016218824170076696 0.005031418074907812
24.99649999922286 0.001662368134299208 0.005154832478493354
25.015689999222133 0.0016219339662947307 0.005031576458025544
25.034879999221406 0.0016616582241010258 0.005152685572007432
25.053059999220718 0.0016220125525966411 0.005031817895984059
25.07224999921999 0.0016616295724857233 0.005152598885393989
25.090429999219303 0.001622117525539535 0.005032140390426321
25.109619999218577 0.0016615735867051562 0.005152429531063429
25.12880999921785 0.0016227824785557399 0.005034182957597277
25.146989999217162 0.0016614908912510051 0.00515217939786039
25.166179999216435 0.0016228147704351326 0.005034282183480343
25.184359999215747 0.001661382135809908 0.005151850450635376
25.20354999921502 0.0016228732419787395 0.005034461829933612
25.222739999214294 0.001660739963867175 0.00514990840341234
25.240919999213606 0.001622957288212712 0.005034720038843421
25.26010999921288 0.0016607032388820109 0.005149797301950976
25.27828999921219 0.0016230662801591802 0.005035054878144152
25.297479999211465 0.0016606406467261081 0.00514960796941244
25.31666999921074 0.0016236669738401988 0.005036900051935689
25.33484999921005 0.0016605527919959506 0.005149342234489485
25.354039999209323 0.0016237067759635735 0.005037022347031961
25.372219999208635 0.0016604403027443704 0.005149001997040159
25.39140999920791 0.0016237713503586273 0.005037220739567694
25.410599999207182 0.0016598610111441259 0.0051472501172766805
25.428779999206494 0.0016238601114497708 0.005037493430959383
25.447969999205768 0.001659817086486104 0.005147117243275989
25.46614999920508 0.0016239724513966713 0.005037838553689777
25.485339999204353 0.0016597486876862577 0.005146910351228051
25.504529999203626 0.0016245135161746525 0.005039500558179366
25.522709999202938 0.0016596563996095217 0.005146631209762553
25.54189999920221 0.0016245600011880466 0.005039643380855274
25.561089999201485 0.001659046485256055 0.00514478671130858
25.579269999200797 0.0016246299220972205 0.005039858195854396
25.59845999920007 0.001659019864823419 0.005144706172566238
25.616639999199382 0.001624722712652571 0.005040143263856933
25.635829999198656 0.0016589695487869704 0.005144553970093391
25.65501999919793 0.0016252938524028428 0.0050418976596189324
25.67319999919724 0.0016588960809373887 0.005144331748863085
25.692389999196514 0.00162532356063283 0.005041988944676223
25.710569999195826 0.0016588000269724954 0.005144041219484752
25.7297599991951 0.0016253759632806064 0.005042149944334273
25.748949999194373 0.001658248607305901 0.0051423736250444385
25.767129999193685 0.001625450533498607 0.0050423790404874325
25.78631999919296 0.001658215069817448 0.005142272168268125
25.80449999919227 0.0016255467235997134 0.0050426745502152315
25.823689999191544 0.0016581591092998949 0.005142102896560363
25.842879999190817 0.0016260623768495908 0.005044258501163412
25.86105999919013 0.001658081252227106 0.005141867401947664
