0.001020000000000002 0.018682015088912984 0.04716129393425028
0.01818999999999943 0.016129178409995504 0.038445066001846495
0.035360000000000155 0.018044281602249135 0.046354908113055426
0.0515200000000051 0.01652431564458312 0.03791152697715239
0.06869000000000607 0.01837692852457684 0.0465321970183008
0.08585999999999941 0.0159089834104289 0.03748764174855701
0.10302999999999275 0.017746626341819782 0.04570135244805762
0.11918999999998649 0.016182045582505467 0.037362099207149946
0.1363599999999956 0.018063114506248867 0.04588474567178702
0.15353000000001277 0.015661736085811784 0.036611647756534804
0.17070000000002994 0.017466555536527206 0.04501257514651913
0.1868600000000461 0.015863400636433322 0.03672929895091048
0.20403000000006327 0.017756000253068893 0.04524483151800984
0.22120000000008044 0.015402972464279352 0.035819959613125896
0.23837000000009761 0.01719586263348294 0.044315260581428983
0.2545300000001138 0.01556172039704873 0.036060504693491424
0.27170000000013095 0.01745704082624544 0.044602673603277854
0.2888700000001481 0.015138083153512394 0.0350831604059465
0.3060400000001653 0.016930648659232772 0.04362394616139742
0.32220000000018145 0.015271324206515002 0.03537663352534137
0.3393700000001986 0.017166414445240585 0.04395686950295907
0.3565400000002158 0.014871243004856314 0.03438402699607046
0.37371000000023297 0.016669223151481893 0.042945641720215644
0.38987000000024913 0.014988933041736428 0.03469088439589374
0.4070400000002663 0.01688365305319206 0.04330938460836986
0.42421000000028347 0.014605117582076723 0.03371109807815964
0.44138000000030064 0.016410952128242617 0.042282584720421124
0.4575400000003168 0.014712653340570925 0.034010597486677785
0.474710000000334 0.016607786535879465 0.04266300792941102
0.49188000000035115 0.014341340797189628 0.03305718130246493
0.5090500000003181 0.01615573079608079 0.04163480314816059
0.5252100000002445 0.014441449896575033 0.03333957665075937
0.5423800000001664 0.016338076800021972 0.04202039819729553
0.5595500000000883 0.014080855653457845 0.032417942077156425
0.5767200000000101 0.015903753091092043 0.0410014056492769
0.5928799999999366 0.014174788269907479 0.032679561148662994
0.6100499999998584 0.016073910201478636 0.041383696192887065
0.6272199999997803 0.013824164208520284 0.031790872333425924
0.6443899999997021 0.015655210148145304 0.040381256487165285
0.6605499999996286 0.0139124100632233 0.032031152896627724
0.6777199999995505 0.015814930562093044 0.04075445805699074
0.6948899999994723 0.013571500116000279 0.031174580085857606
0.7120599999993942 0.015410156038736855 0.03977328490963883
0.7282199999993206 0.013654198170104825 0.03139437392204458
0.7453899999992425 0.015560757471942853 0.04013372485022204
0.7625599999991644 0.013322941698705735 0.030568322821367122
0.7797299999990862 0.015168703498359193 0.03917659830897646
0.7958899999990127 0.013400100047261554 0.030768984445517233
0.8130599999989345 0.015311042140332963 0.03952213524793802
0.8302299999988564 0.013078482682737036 0.029971714946630534
0.8473999999987782 0.014930921020391062 0.038590498481727575
0.8635599999987047 0.013150086743780043 0.03015465321872801
0.8807299999986266 0.015065600623313637 0.03892003695731283
0.8978999999985484 0.012838074389010523 0.029384552732436564
0.9150699999984703 0.014696838892675925 0.03801445652160673
0.9312299999983967 0.01290413289761172 0.029551040923192495
0.9483999999983186 0.014824296464866826 0.03832757933189823
0.9655699999982404 0.012601649604174203 0.028806714898599317
0.9827399999981623 0.01446645803058877 0.03744807531150807
0.9999099999980842 0.012188299796472402 0.027797464914203207
1.016069999998189 0.014587024442143328 0.03774478327965847
1.0332399999983015 0.01236913523420824 0.028238109708600412
1.050409999998414 0.014239932116988485 0.036891053216803193
1.0675799999985265 0.011967401433898961 0.027256144857901177
1.0837399999986324 0.014353772033715573 0.03717159061999986
1.1009099999987448 0.012140458424163558 0.02767864932164965
1.1180799999988573 0.014017081802258802 0.03634315420935064
1.1352499999989698 0.011750007128106588 0.02672354118098408
1.1514099999990757 0.014124527736487313 0.03660789713149093
1.1685799999991882 0.011915549082338495 0.02712823922601526
1.1857499999993006 0.013797832867361469 0.035804185466492555
1.2029199999994131 0.011536068881793038 0.02619950743889543
1.219079999999519 0.013899087418329348 0.03605357366042172
1.2362499999996315 0.011694340567841355 0.026586775431458598
1.253419999999744 0.013582137289281928 0.035273981623618056
1.2705899999998564 0.011325539476592872 0.0256838986299468
1.2867499999999623 0.013677389403355722 0.03550847898077247
1.3039200000000748 0.011476769537183351 0.026054145214715607
1.3210900000001873 0.013369944271980681 0.03475239427132015
1.3382600000002998 0.011118371697141582 0.025176574355867398
1.3544200000004056 0.013459374505142452 0.034972467253147066
1.3715900000005181 0.011262775480614828 0.025530229161385698
1.3887600000006306 0.013161201762492135 0.03423928526802289
1.405930000000743 0.010914518119176764 0.02467739958237347
1.422090000000849 0.013244985055779313 0.034445392095938665
1.4392600000009614 0.011052300205839471 0.025014903379916298
1.456430000001074 0.012955925498008279 0.033734522673645184
1.4736000000011864 0.010713931155169165 0.024186244318080696
1.4897600000012923 0.013034164397396686 0.033927108627129776
1.5069300000014048 0.010845287381349267 0.024508041427417915
1.5241000000015172 0.012754136737839874 0.0332379783943737
1.5412700000016297 0.010516563196115936 0.023702982909878934
1.5574300000017356 0.012827059771197136 0.0334174743621074
1.574600000001848 0.01064168217261885 0.024009515791667546
1.5917700000019606 0.012555638839232164 0.032749526894393366
1.608940000002073 0.010322366769895397 0.02322749330146978
1.625100000002179 0.012623421208220686 0.03291634950183253
1.6422700000022914 0.0104414309708456 0.023519198957089316
1.6594400000024039 0.012360380868101761 0.03226904454252111
1.6766100000025164 0.010131294682007685 0.02275965639541022
1.6927700000026222 0.012423182245327902 0.03242359692724461
1.7099400000027347 0.010244481200647026 0.02303696411729561
1.7271100000028472 0.012168312621659294 0.03179640931797456
1.7442800000029597 0.00994330012758482 0.02229935555999596
1.7604400000030656 0.012226289042825635 0.031939082072496294
1.777610000003178 0.010050781189151814 0.022562685637406155
1.7947800000032905 0.011979384646938263 0.03133150070067092
1.811950000003403 0.009758336773585286 0.021846476272691095
1.8281100000035089 0.012032688452343732 0.03146267277139847
1.8452800000036214 0.009860280080126738 0.022096239325897216
1.8624500000037338 0.011793548235534912 0.030874199655561707
1.8796200000038463 0.009576358815521102 0.021400905875601506
1.8967900000039588 0.011468458807554538 0.03007335144391554
1.9129500000040647 0.009672927779273754 0.02163750259301933
1.9301200000041772 0.011610959252679742 0.030424388647409817
1.9472900000042896 0.009397321012921234 0.020962533411716944
1.9644600000044021 0.01129485015145515 0.029645627604080182
1.980620000004508 0.009488674921416917 0.021186354526747664
1.9977900000046205 0.011431376659919223 0.02998195166822315
2.014960000004733 0.009221178710122957 0.0205312495201615
2.0321300000048454 0.011124020316949701 0.02922475182828288
2.0482900000049513 0.009307472850113796 0.020742675924501075
2.065460000005064 0.011254740286280929 0.029546774258959463
2.0826300000051763 0.009047887845597513 0.020106946368736445
2.0998000000052888 0.010955927592270376 0.028810621071984066
2.1159600000053946 0.00912927360539273 0.02030634929920394
2.133130000005507 0.011081004281908058 0.02911874352122812
2.1503000000056196 0.00887740495396283 0.019689517610377294
2.167470000005732 0.010790530809616228 0.028403133706211836
2.183630000005838 0.008954029915084538 0.01987725886876124
2.2008000000059504 0.010910123457115728 0.028697748124428824
2.217970000006063 0.008709687163575563 0.01927885835351084
2.2351400000061754 0.01062790970248162 0.028002189494535923
2.2513000000062813 0.008781695187862093 0.019455290538095138
2.2684700000063938 0.0107420532711483 0.02828367830344236
2.2856400000065062 0.008544692191796321 0.018874865141849106
2.3028100000066187 0.010468001605390742 0.02760768956934223
2.3189700000067246 0.008612223506515138 0.019040331878195094
2.336140000006837 0.010576939948855002 0.027876425853068376
2.3533100000069496 0.008382378338779084 0.018477435935004838
2.370480000007062 0.010310665686155018 0.02721953641359187
2.386640000007168 0.008445569621274074 0.01863227210494589
2.4038100000072804 0.01041458143205265 0.02747588411347035
2.420980000007393 0.008222704481576582 0.018086470098999108
2.4381500000075054 0.010155862988148967 0.026837633839527086
2.4543100000076112 0.008281688942494592 0.01823100205804451
2.4714800000077237 0.010254900080800544 0.02708194795946195
2.488650000007836 0.008065630067346286 0.017701868387276498
2.5058200000079487 0.01000355508399553 0.02646188697669194
2.5219800000080546 0.008120537532981698 0.017836414177241355
2.539150000008167 0.010097853921622879 0.026694513783598328
2.5563200000082795 0.007911115107475997 0.017323532930435537
2.573490000008392 0.009853704070699298 0.02609220225282538
2.589650000008498 0.007962072100145545 0.01744840248445456
2.6068200000086104 0.00994340158893292 0.026313479478479174
2.623990000008723 0.007759120171444089 0.016951367222717284
2.6411600000088353 0.009706428193387406 0.025728487382170595
2.657320000008941 0.007806249988059566 0.017066862560977114
2.6744900000090537 0.00979152522183091 0.025938744421749593
2.691660000009166 0.007609606381067668 0.016585276105496316
2.7088300000092786 0.009561604799938395 0.02537065135145289
2.7249900000093845 0.007653029169780945 0.01669169152775929
2.742160000009497 0.009642371060697319 0.025570209456982074
2.7593300000096095 0.007462535404316517 0.016225165756489357
2.776500000009722 0.009419124033079762 0.025018604404902778
2.792660000009828 0.007502368239274192 0.01632278802756737
2.8098300000099403 0.009495686356633115 0.025207776875835197
2.827000000010053 0.007317869449745774 0.015870943674045623
2.8441700000101653 0.009278950090621296 0.024672258031321892
2.8613400000102778 0.007066076295559776 0.015254305020617753
2.8775000000103836 0.009351432163404172 0.024851350399646144
2.894670000010496 0.007175571260372714 0.015522518663824147
2.9118400000106086 0.009141047667770907 0.024331524950615968
2.929010000010721 0.006930721575393317 0.014922884275825332
2.945170000010827 0.009209570105173981 0.024500835163565604
2.9623400000109394 0.007035604107836768 0.01517980082277326
2.979510000011052 0.009005384906266678 0.02399631910203759
2.9966800000111644 0.006797532982479538 0.014596766833285812
3.0128400000112703 0.009070062370050924 0.024156137697417535
3.0300100000113828 0.006897931786108424 0.01484270152535272
3.0471800000114952 0.008872156959623956 0.023666555628654162
3.0643500000116077 0.006666477936868698 0.014275872948066315
3.0805100000117136 0.008933002151449099 0.02381716590859062
3.097680000011826 0.006762518605605838 0.014511133409700339
3.1148500000119386 0.008741093723337756 0.023342150865102163
3.132020000012051 0.006537524298107834 0.013960123950296222
3.148180000012157 0.008798329791474324 0.023483829063652983
3.1653500000122694 0.006629329387226378 0.01418501036245523
3.182520000012382 0.00861216188746583 0.02302302232315423
3.1996900000124944 0.006410640360643316 0.013649442234608955
3.2158500000126002 0.008665897670297906 0.023156037772242843
3.2330200000127127 0.006498329456153584 0.01386424750366988
3.250190000012825 0.008485328611890108 0.022709088680605838
3.2673600000129377 0.006285794849761772 0.01334375124845133
3.2835200000130436 0.008535670222764469 0.022833703969860064
3.300690000013156 0.006369484636260969 0.013548761173420854
3.3178600000132685 0.008360561520984855 0.022400269766498226
3.335030000013381 0.006162956917160511 0.01304297548211375
3.351190000013487 0.008407612411640342 0.0225167408996918
3.3683600000135994 0.006242761243739348 0.013238468916343393
3.385530000013712 0.008237959544237228 0.022096486546452354
3.4027000000138243 0.006042096136291586 0.012747040459148984
3.41886000001393 0.008281733030008676 0.022205063095170896
3.4360300000140427 0.00611812608142892 0.012933289468053388
3.453200000014155 0.008117469741727557 0.0217976611122217
3.4703700000142677 0.0059231824983416725 0.012455872722993977
3.4865300000143735 0.008158157828374701 0.021898586366908557
3.503700000014486 0.005995546432741028 0.012633142739881809
3.5208700000145985 0.007998947806098777 0.021503716666704253
3.538040000014711 0.005806186407594782 0.01216939982884302
3.554200000014817 0.00803664613569166 0.021597227780001393
3.5713700000149293 0.0058749900560381985 0.01233794980480818
3.588540000015042 0.007882363226661582 0.021214577510775268
3.6057100000151543 0.00569107867700458 0.011887550330880181
3.62187000001526 0.007917165023864636 0.021300905642740453
3.6390400000153726 0.005756425178694569 0.012047632884137904
3.656210000015485 0.007767685929785384 0.0209301690300423
3.6733800000155976 0.005577830523886829 0.011610253773675083
3.6895400000157035 0.007799682058044045 0.021009539485727924
3.706710000015816 0.005639820491180059 0.011762115332547562
3.7238800000159284 0.0076549539610588635 0.02065041768257725
3.741050000016041 0.00546641356523303 0.011337440677938737
3.7582200000161534 0.007458166218107354 0.020161274425800624
3.7743800000162593 0.005525145141483501 0.011481321623085794
3.7915500000163718 0.007544250444911693 0.02037525098537163
3.8087200000164843 0.005356799813665325 0.011069042533673468
3.8258900000165967 0.0073528733468612995 0.019899556105384963
3.8420500000167026 0.0054123687292051414 0.011205177334450145
3.859220000016815 0.007435362496200026 0.020104597501380272
3.8763900000169276 0.0052489616725642785 0.01080499178531813
3.89356000001704 0.007249267924287817 0.019642032563871314
3.909720000017146 0.005301461300081134 0.010933609136842826
3.9268900000172584 0.007328261799944281 0.019838386826265264
3.944060000017371 0.005142871931852144 0.010545221824997952
3.9612300000174834 0.007147324436755698 0.01938864035898602
3.9773900000175892 0.005192393339901291 0.010666544777571119
3.9945600000177017 0.007222920451457782 0.0195765495767386
4.011730000017293 0.0050385037636823116 0.01028966697824707
4.028900000016643 0.007047252238685409 0.019139316923744154
4.045060000016031 0.005085135769481441 0.010403913068190995
4.062230000015381 0.0071193658063049 0.01931901737624031
4.079400000014731 0.004935830717848422 0.010038262496014916
4.096570000014081 0.006948803492122124 0.018894000554536827
4.112730000013469 0.004979659938380454 0.010145643869896581
4.129900000012819 0.007017715054138951 0.019065722843314425
4.147070000012169 0.004834826717483143 0.00979094454179874
4.164240000011519 0.006851938273720103 0.018652630403981352
4.180400000010907 0.004875937620023696 0.009891668081107863
4.197570000010257 0.00691773816045127 0.0188165995792966
4.214740000009607 0.004735466054723858 0.00954765018199577
4.231910000008957 0.006756632512139538 0.018415146470096566
4.248070000008346 0.0047739410057554554 0.009641917621650009
4.2652400000076955 0.006819408875312405 0.018571582154980337
4.2824100000070455 0.004637723386383463 0.009308317376210962
4.2995800000063955 0.006662862470962039 0.018181489585755717
4.315740000005784 0.004673642699705716 0.009396325423605134
4.332910000005134 0.006722701332771641 0.018330606098471147
4.350080000004484 0.0045415737293589276 0.009072884963878813
4.367250000003834 0.0065708129483254 0.017951601412213858
4.383410000003222 0.004575015712974695 0.00915482541355983
4.400580000002572 0.006627641484822533 0.018093607883817864
4.417750000001922 0.00444699245662461 0.00884129265675826
4.434920000001272 0.006480295490220334 0.017725424425352188
4.45108000000066 0.004478033458582109 0.008917352502058051
4.46825000000001 0.006534360018412455 0.017860524917334697
4.48541999999936 0.00435395529290572 0.008613481027208714
4.50258999999871 0.006391240457841786 0.017502901908295065
4.518749999998098 0.004382669746356704 0.008683842571588496
4.535919999997448 0.006442620672540199 0.017631295525899482
4.553089999996798 0.004262438310364991 0.008389391497332088
4.570259999996148 0.006303625479142649 0.01728397794318326
4.586419999995536 0.004288898777037753 0.008454232460031186
4.603589999994886 0.006352399135739262 0.017405858946639707
4.620759999994236 0.004172417924079741 0.00816896632924724
4.637929999993586 0.0062174284969549465 0.01706859739873945
4.655099999992936 0.004014060264651342 0.00778115212538566
4.6712599999923246 0.006263671454906361 0.017184155312888194
4.6884299999916745 0.0040838708883744745 0.007952148614331911
4.7055999999910245 0.006132798338453593 0.016856705924095383
4.7227699999903745 0.003929854292603174 0.007574965354961716
4.738929999989763 0.00617645193521521 0.016966125643036456
4.756099999989113 0.003996774292166494 0.007738882263708113
4.773269999988463 0.00604962691304578 0.01664824993679037
4.790439999987813 0.0038469962725737883 0.007372078961975781
4.806599999987201 0.006090903266855907 0.01675171183033175
4.823769999986551 0.0039111055552127905 0.007529111996584792
4.840939999985901 0.005967805034735596 0.016443176615654753
4.858109999985251 0.0037654658534582715 0.00717244312539167
4.874269999984639 0.006006774355132194 0.016540856629532197
4.891439999983989 0.003826842423601096 0.0073227833321198865
4.908609999983339 0.005887311933475137 0.01624143388966326
4.925779999982689 0.0036852429646585527 0.006976008711745418
4.941939999982077 0.005924042704275045 0.016333503645149516
4.959109999981427 0.003743962965827574 0.007119842579084157
4.976279999980777 0.0058081271349454955 0.016042970429730463
4.993449999980127 0.003606307812551557 0.006782727264587063
5.009609999979515 0.005842686153344823 0.01612959732258945
5.026779999978865 0.003662445568643369 0.006920236823260151
5.043949999978215 0.005730350495908643 0.01584773563969577
5.061119999977565 0.0035286408776539217 0.006592550998651969
5.077279999976954 0.005762695068157964 0.015929082934085237
5.0944499999763035 0.003582268933306043 0.006723913921780067
5.1116199999756535 0.005653978583075592 0.01565567964747494
5.1287899999750035 0.0034522229113768126 0.006405432790945742
5.144949999974392 0.005684286910893732 0.015731906570137788
5.162119999973742 0.0035034120712057475 0.006530822489514421
5.179289999973092 0.005578851106001537 0.01546675329621161
5.196459999972442 0.0033770349329250715 0.006221326173794228
5.21261999997183 0.0056071849444797595 0.015538015126292937
5.22978999997118 0.003425854300122322 0.006340911892721568
5.24695999997053 0.0055049488022290705 0.015280908133330495
5.26412999996988 0.003303058226040601 0.006040185327715886
5.280289999969268 0.005531368372173495 0.01534735629395989
5.297459999968618 0.003349575240290115 0.006154132235636212
5.314629999967968 0.005432252686264016 0.015098096405252726
5.331799999967318 0.003230274336263994 0.0058619650730173944
5.347959999966706 0.0054568167090581765 0.015159878548376415
5.365129999966056 0.0032745548103113586 0.005970434355340171
5.382299999965406 0.0053607976482850095 0.014918271044939146
5.399469999964756 0.0031586650673735006 0.005686620863043501
5.415629999964144 0.005383509777675988 0.014975531138161635
5.432799999963494 0.003200773223532072 0.005789769808761669
5.449969999962844 0.0052907153389547545 0.014741385666017237
5.467139999962194 0.0030882124787409144 0.0055141087755838925
5.483299999961583 0.005311662270789608 0.01479426407609008
5.5004699999609326 0.0031282109839757544 0.005612090864681729
5.5176399999602825 0.005221779676359728 0.014567394552644775
5.5348099999596325 0.003018898882097165 0.0053443855066115376
5.550969999959021 0.005241044725800115 0.014616028126834824
5.568139999958371 0.0030568488828371927 0.005437350494674753
5.585309999957721 0.0051539728141211105 0.014396252651749375
5.602479999957071 0.00295070683844334 0.005177408362200264
5.619649999956421 0.0050353724533916955 0.01409690614084802
5.635809999955809 0.0029866679942485153 0.005265502363349661
5.652979999955159 0.005087277164830706 0.014227915563569393
5.670149999954509 0.002883619155234274 0.005013135251819012
5.687319999953859 0.004972099692626908 0.013936786754509267
5.703479999953247 0.002917649672177003 0.005096500819701255
5.720649999952597 0.005021675396733927 0.014062339535425572
5.737819999951947 0.0028176188833888283 0.004851524679283514
5.754989999951297 0.00490992556820502 0.013779234386024353
5.771149999950685 0.0028497755462848495 0.0049303008871071086
5.788319999950035 0.0049573766938832975 0.013899481450574402
5.805489999949385 0.002752689314266865 0.0046925357388483135
5.822659999948735 0.004848749041961642 0.013624210133622583
5.838819999948123 0.0027830275184026476 0.004766858256166628
5.855989999947473 0.004894164440115478 0.013739298821335844
5.873159999946823 0.002688813976484128 0.0045361281042266555
5.890329999946173 0.004788554979949788 0.01347167563920948
5.906489999945562 0.0027173877588545503 0.004606129273443393
5.9236599999449115 0.004831991416147208 0.013581749782098917
5.9408299999442615 0.002625976633499394 0.004382262023805428
5.9579999999436115 0.004729328459596949 0.013321593079673733
5.974159999943 0.002652838703054994 0.004448070936113879
5.99132999994235 0.004770841345195009 0.013426793078119559
6.0084999999417 0.002564161280441901 0.004230898314527831
6.02566999994105 0.004671099467734807 0.013173925159903899
6.041829999940438 0.002589363047808324 0.004292640880143583
6.058999999939788 0.004710698189024809 0.013274388060924291
6.076169999939138 0.0025033521410128268 0.004081998351346261
6.093339999938488 0.004614011929615747 0.013028635110212683
6.109499999937876 0.0025269437478129264 0.004139797372582077
6.126669999937226 0.0046516754345132805 0.013124494677996257
6.143839999936576 0.002443533665080655 0.0039355240637362066
6.161009999935926 0.004557844411822054 0.012885686675956354
6.177169999935314 0.0024655640121070688 0.003989499303180821
6.194339999934664 0.0045937503944316616 0.012977073467446143
6.211509999934014 0.002384690525613853 0.003791437925804164
6.228679999933364 0.004502582872593641 0.012745044114204074
6.244839999932752 0.0024052073011083808 0.003841706176876958
6.262009999932102 0.0045367814026414655 0.012832085547009875
6.279179999931452 0.0023268076160035678 0.003649702951602496
6.296349999930802 0.0044482134684318275 0.01260667218542233
6.312509999930191 0.002345857322413991 0.003696378104289799
6.329679999929541 0.004480753409577876 0.01268949260740948
6.3468499999288905 0.0022698700469638844 0.003510282688534705
6.3640199999282405 0.004394722551364416 0.012470536147868305
6.380179999927629 0.002287498028098689 0.003553475794004779
6.397349999926979 0.00442565158786834 0.012549256907068429
6.414519999926329 0.0022138631441609435 0.0033731412092730118
6.431689999925679 0.004342254018161795 0.012336601752827026
6.447849999925067 0.0022301136111287923 0.0034129605447796862
6.465019999924417 0.004371481438458336 0.01241134126159782
6.482189999923767 0.0021587724452811763 0.003238243104886074
6.499359999923117 0.004290722132935576 0.012204835236540035
6.515519999922505 0.0021736885021036434 0.003274794236274303
6.532689999921855 0.004318437685208232 0.012275709037823379
6.549859999921205 0.002104583697562612 0.003105553479987311
6.567029999920555 0.004240025015399773 0.012075203315453642
6.584199999919905 0.0020102706698037487 0.0028745835664811814
6.600359999919293 0.004266272792846859 0.012142324146302563
6.617529999918643 0.0020512828547145645 0.0029750379439863472
6.634699999917993 0.004190149836563628 0.01194767318088985
6.651869999917343 0.0019595625958430674 0.0027504174794357183
6.668029999916731 0.0042149728589985225 0.012011151032931267
6.685199999916081 0.001998856074457822 0.002846662607003392
6.702369999915431 0.004141083950438329 0.01182221249108606
6.719539999914781 0.001909667357450906 0.0026282416516809626
6.73569999991417 0.004164524188210783 0.011882154674203171
6.7528699999135195 0.001947289716052736 0.0027203940711095775
6.7700399999128695 0.004092825381116327 0.011698789366731965
6.7872099999122195 0.0018605726420602986 0.00250802593924071
6.803369999911608 0.004114913288951083 0.011755300567084515
6.820539999910958 0.0018965703374371756 0.0025961994251977316
6.837709999910308 0.004045580727579434 0.011577372385540574
6.854879999909658 0.0018122663088828705 0.002389740617025904
6.871039999909046 0.004066272236960211 0.01163055472420682
6.888209999908396 0.0018466846928144598 0.0024740462387318196
6.905379999907746 0.003999104600764025 0.011457930574432229
6.922549999907096 0.0017647363863348975 0.0022733563756038855
6.938709999906484 0.004018539548365618 0.011507883664385599
6.955879999905834 0.0017976197300321184 0.002353902555651821
6.973049999905184 0.003953385124051967 0.011340433406281658
6.990219999904534 0.0017179710704852136 0.0021588443149367365
7.006379999903922 0.0039716013190056465 0.011387254409456204
7.023549999903272 0.0017493625880483643 0.0022357368860026483
7.040719999902622 0.003908410591759948 0.011224850794600005
7.057889999901972 0.0016719587227244093 0.002046175938996697
7.07404999990136 0.003925444910318876 0.011268634474370653
7.09121999990071 0.0017019005944521881 0.0021195182035693705
7.10838999990006 0.003864169466777034 0.011111153083442904
7.12555999989941 0.0016266878679443988 0.0019353231536789473
7.141719999898799 0.0038800578732254287 0.011151991861502175
7.158889999898149 0.0016552212629202812 0.002005215936107252
7.1760599998974985 0.0038207502725020603 0.010999311047688032
7.1932299998968485 0.001582147192547123 0.0018262582593076004
7.209389999896237 0.003835447446940421 0.011037295052829244
7.226559999895587 0.0016093122908664714 0.0018927999625439895
7.243729999894937 0.00377817498087174 0.010889295883242944
7.260899999894287 0.0015383255423693232 0.0017189539465056747
7.277059999893675 0.0037918013749860258 0.010924513005461378
7.294229999893025 0.0015641615570152203 0.0017822406049861073
7.311399999892375 0.003736295667032819 0.01078107920373661
7.328569999891725 0.0014952119208786474 0.001613383292131676
7.344729999891113 0.0037488844484452337 0.01081361514365664
7.361899999890463 0.001519757118825682 0.0016735086225128093
7.379069999889813 0.0036951015064685677 0.01067463303509042
7.396239999889163 0.0014527954870235948 0.001509519752074251
7.412399999888551 0.003706685014432609 0.01070457135357028
7.429569999887901 0.0014760872102120848 0.00156657520644643
7.446739999887251 0.0036545818319230206 0.010569929809634004
7.463909999886601 0.0014110655535241046 0.0014073371607414842
7.481079999885951 0.0035837752352215753 0.01038659873333625
7.497239999885339 0.0014331402391609682 0.0014614119756006794
7.514409999884689 0.0036147261313094203 0.010466942359443898
7.531579999884039 0.00137001158487704 0.0013068097229562703
7.548749999883389 0.003546087328027747 0.01028863965869542
7.564909999882778 0.0013909047856978107 0.0013579909684424685
7.5820799998821276 0.0035757116277208567 0.010365643913745615
7.5992499998814775 0.001329623195504448 0.0012079120113916986
7.6164199998808275 0.00350900358487094 0.01019225099914145
7.632579999880216 0.0013493695990708376 0.0012562846377739412
7.649749999879566 0.003537378580549921 0.010266008093307022
7.666919999878916 0.001289890147913364 0.0011106189592990923
7.684089999878266 0.003472514846434182 0.010097408944742536
7.700249999877654 0.001308523595773492 0.001156265846191662
7.717419999877004 0.003499675175725914 0.010168008902944337
7.734589999876354 0.0012508023506508925 0.001014905860241555
7.751759999875704 0.003436612081557988 0.010004090016768608
7.767919999875092 0.0012683558573183262 0.0010579078610128967
7.785089999874442 0.0034625915599126866 0.010071620728502317
7.802259999873792 0.0012123498567442326 0.0009207483589901422
7.819429999873142 0.0034012863855295006 0.009912271067902267
7.83558999987253 0.001228855627786074 0.0009611843462820069
7.85275999987188 0.003426118024289826 0.009976818332324555
7.86992999987123 0.001174522861650984 0.0008281224500805706
7.88709999987058 0.003366731064543216 0.009821929274578256
7.903259999869968 0.0011900123119656936 0.0008660693593842694
7.920429999869318 0.003390298196721431 0.009883576846980713
7.937599999868668 0.0011373117016136858 0.0007370044723287172
7.954769999868018 0.0033327480850664504 0.009733042134352221
7.970929999867407 0.0011518154727996333 0.0007725373460720775
7.988099999866757 0.0033552378658945337 0.009791871769893046
8.005269999866107 0.00110070685177599 0.0006473711049115316
8.022439999865457 0.003299312742346627 0.009645587461915017
8.038599999864845 0.0011142548294367227 0.0006805631337702955
8.055769999864195 0.003320755681746723 0.009701678960249982
8.072939999863545 0.0010646989244376126 0.000559199362548668
8.090109999862895 0.003266416675263506 0.009559543385473379
8.106269999862283 0.0010773202551502825 0.0005901219273241054
8.123439999861633 0.0032868425518750577 0.009612974632733362
8.140609999860983 0.0010292786674088727 0.0004724665918498516
8.157779999860333 0.0032340516410860336 0.00947488834176502
8.173939999859721 0.0010410017750537293 0.000501189303547811
8.191109999859071 0.0032534895180572625 0.0095257353528444
8.208279999858421 0.0009944369620714655 0.00038715046659643093
8.225449999857771 0.0032022663422698328 0.009391601073305278
8.24160999985716 0.0010052895641898818 0.00041374120576254114
8.25877999985651 0.0032206877545515322 0.009439938034416784
8.27594999985586 0.0009601648217747448 0.000303228983189463
8.29311999985521 0.003171149971922582 0.009309660624401417
8.309279999854597 0.0009701739452857572 0.00032775393993267343
8.326449999853947 0.0031885782670585394 0.009355559930890323
8.343619999853297 0.0009264533902089145 0.00022068045762990707
8.360789999852647 0.0031405371877922805 0.009229046337766444
8.376949999852036 0.0009356453869491244 0.000243204167904576
8.394119999851386 0.003157066624547178 0.009272578634700324
8.411289999850736 0.0008932939394993289 0.0001394835196788513
8.428459999850086 0.0031104202577841855 0.009149737849190043
8.445629999849436 0.0008355577170179318 2.009012822767886e-06
8.461789999848824 0.0031260770141972043 0.00919097207009445
8.478959999848174 0.0008606778687354489 5.96171110145427e-05
8.496129999847524 0.003080791560077567 0.009071715085773313
8.513299999846874 0.0008073077631802761 7.798848226103772e-05
8.529459999846262 0.0030956011784766257 0.009110718490490388
8.546629999845612 0.0008289754927586214 1.893952200626714e-05
8.563799999844962 0.003051643581816532 0.008994958261832053
8.580969999844312 0.0007828442822369607 0.00015274989318969645
8.5971299998437 0.003065630982753143 0.009031796472080966
8.61429999984305 0.0008009917484842476 9.620682795974389e-05
8.6314699998424 0.0030230673170749123 0.008919447873745323
8.64863999984175 0.0007618177004462545 0.0002263117080625321
8.664799999841138 0.0030361619999476064 0.00895418491139166
8.681969999840488 0.0007770251291586705 0.00017220495895919896
8.699139999839838 0.002995061774666463 0.008845164698456642
8.716309999839188 0.0007438979284638547 0.0002986921325165426
8.732469999838576 0.0030073878420098232 0.008877863019940424
8.749639999837926 0.0007564987892784147 0.00024695377136563224
8.766809999837276 0.0029675117485612468 0.008772089788544601
8.783979999836626 0.0007287619090584618 0.0003699091158049228
8.800139999836015 0.002979092170713349 0.00880281031887531
8.817309999835365 0.0007390746232117662 0.0003204728296180015
8.834479999834715 0.002940410198771448 0.008700204468159445
8.851649999834065 0.0007160980527550764 0.0004399803558485793
8.867809999833453 0.0029512673817905233 0.008729006637087089
8.884979999832803 0.0007244229906995248 0.0003927814138604546
8.902149999832153 0.0029137501867922966 0.008629490332756617
8.919319999831503 0.000705584445034213 0.0005089233029997864
8.935479999830891 0.002923905984967723 0.008656432105069722
8.952649999830241 0.000712218933133224 0.0004638985181992794
8.96981999982959 0.002887524874165326 0.008559929241291897
8.98698999982894 0.0006969714562067297 0.0005767551600754928
9.003149999828329 0.0028970006023472106 0.00858506715200047
9.020319999827679 0.0007021823577884057 0.0005338428587187138
9.037489999827029 0.0028617867988648404 0.008491503315910531
9.054659999826379 0.0006902287121293149 0.0006434928887855129
9.070819999825767 0.002870543966817074 0.008514892500788296
9.087989999825117 0.000694201219327506 0.0006026328759012323
9.105159999824467 0.0028366058356019686 0.008424194937017848
9.122329999823817 0.0006849922319759338 0.0007091532100544917
9.138489999823205 0.002844720563106029 0.008445889164354625
9.155659999822555 0.0006878587532072045 0.000670286737358694
9.172829999821905 0.0028118364552585096 0.008357986740770151
9.189999999821255 0.000681326169568397 0.0007737526091400326
9.206159999820644 0.0028193366966766664 0.008378038441780866
9.223329999819994 0.000683288514197633 0.0007368223426507114
9.240499999819344 0.002787472256629009 0.008292861614767055
9.257669999818694 0.0006789446679077438 0.0008373073356882088
9.273829999818082 0.0027943771385855465 0.008311321913456737
9.290999999817432 0.0006800605277187399 0.0008022573262156385
9.308169999816782 0.0027635069314568828 0.008228802696308435
9.325339999816132 0.0006776763025651 0.0008998334106280481
9.342509999815482 0.0027214909138792986 0.008116491796994474
9.35866999981487 0.0006781932838549887 0.0008666090617004407
9.37583999981422 0.0027399342635087143 0.008165793367942431
9.39300999981357 0.0006774230273979276 0.0009613466259827952
9.41017999981292 0.0026991536800621274 0.008056560922942158
9.426339999812308 0.0006774756130529802 0.0009298946647140482
9.443509999811658 0.002716748127024604 0.008103817253835022
9.460679999811008 0.0006781081935283151 0.0010218625484892385
9.477849999810358 0.002677272842744327 0.007997590705788316
9.494009999809746 0.0006777377501993032 0.0009921309966798297
9.511179999809096 0.0026940683975197333 0.008042858219003968
9.528349999808446 0.0006796504333779207 0.0010813965233613665
9.545519999807796 0.0026557430431147777 0.007939566580639212
9.561679999807184 0.000678897223679531 0.0010533346681107503
9.578849999806534 0.002671821087706361 0.00798290036273519
9.596019999805884 0.0006819330569536319 0.001139963675433897
9.613189999805234 0.0026345589526712843 0.007882474185727517
9.629349999804623 0.0006808768691634048 0.001113522042450743
9.646519999803973 0.002649939443184035 0.007923928018171988
9.663689999803323 0.0006848881599520462 0.0011975789135143522
9.680859999802673 0.002613715317813403 0.007826299360591538
9.69701999980206 0.000683603728223181 0.0011727092378510662
9.71418999980141 0.002628417736467714 0.007865925747618796
9.73135999980076 0.0006884983621326946 0.0012542569316376095
9.74852999980011 0.002593206958705241 0.007771028143743752
9.764689999799499 0.0006870082025630664 0.0012309121323217376
9.781859999798849 0.002607250324095589 0.007808878340453962
9.799029999798199 0.0006926762243970597 0.0013100122140841108
9.816199999797549 0.002573028768465657 0.007716646771671609
9.832359999796937 0.0006910111482414383 0.001288146368028098
9.849529999796287 0.002586431645575371 0.007752770810476317
9.866699999795637 0.0006973360306495868 0.0013648590350912038
9.883869999794987 0.0025532036158774085 0.007663141672709095
9.900029999794375 0.0006955338040220971 0.0013444273502027926
9.917199999793725 0.0025659562225035515 0.007697588391242238
9.934369999793075 0.0007024067941128198 0.0014188114641822125
9.951539999792425 0.002533841048077301 0.007610499468524434
9.967699999791813 0.0007005025360302675 0.0013997702544843449
9.984869999791163 0.002545910823524733 0.007643316534122757
10.002039999790513 0.0007078218765286248 0.0014718833667437536
10.019209999789863 0.002514791007339978 0.007558706969312823
10.035369999789252 0.0007059371564781536 0.0014541900288378429
10.052539999788602 0.0025262784863352428 0.007589940906094217
10.069709999787952 0.000713637692131508 0.0015240884085665485
10.086879999787302 0.002496048711617238 0.007507751172985966
10.10303999978669 0.000711809576143696 0.0015077013965747454
10.12020999978604 0.002506970595250624 0.007537447386030127
10.13737999978539 0.0007198198951959833 0.001575440056911237
10.15454999978474 0.0024776094464711296 0.007457619260875514
10.170709999784128 0.0007179623078685804 0.0015603188577628657
10.187879999783478 0.002487982033284708 0.007485822061226166
10.205049999782828 0.0007262005318158238 0.0016259515834615712
10.222219999782178 0.0024594685647502113 0.007408298597033625
10.238379999781566 0.0007243402984564717 0.0016120566958655047
10.255549999780916 0.002469307759853212 0.0074350512257348456
10.272719999780266 0.000732843997835575 0.0016756360674219373
10.289889999779616 0.0024416214854655616 0.007359776726034717
10.307059999778966 0.0007452591218437554 0.0017623270623157161
10.323219999778354 0.0024509428086386675 0.0073851213769460244
10.340389999777704 0.0007397924266528966 0.001724506397804415
10.357559999777054 0.0024240636927526094 0.007312041370544087
10.374729999776404 0.0007524398420907241 0.0018088172689556536
10.390889999775792 0.002432882287559446 0.00733601921469873
10.408059999775142 0.0007468202066639451 0.0017725752756159174
10.425229999774492 0.0024068401849108856 0.007265080428109361
10.442399999773842 0.0007596195912684678 0.0018545621606191887
10.45855999977323 0.002415121377232987 0.007287731634264549
10.47572999977258 0.000754148704667168 0.0018198552157899783
10.49289999977193 0.0023900051658211074 0.007218881968285018
10.51006999977128 0.0007670583504013617 0.0018995730370119368
10.526229999770669 0.0023977895231848123 0.007240245728012962
10.543399999770019 0.0007615672355875125 0.001866358551438907
10.560569999769369 0.0023734437109235174 0.007173434234386544
10.577739999768719 0.0007745109481639423 0.0019438610406985468
10.593899999768107 0.0023807728502731607 0.007193548780215497
10.611069999767457 0.0007691263414483229 0.0019120974346087394
10.628239999766807 0.002357151597335183 0.007128725636529332
10.645409999766157 0.0007821489052483034 0.001987437157124905
10.661569999765545 0.002364039110204774 0.00714762826542481
10.678739999764895 0.0007768268909816856 0.0019570838383997646
10.695909999764245 0.00234112466286851 0.007084744751484351
10.713079999763595 0.000789776853760027 0.0020303122177822708
10.729239999762983 0.0023475838072314348 0.007102471845987779
10.746409999762333 0.0007845822443279804 0.0020013295616516658
10.763579999761683 0.0023253588053212537 0.007041480322500515
10.780749999761033 0.0007975827562479721 0.002072496902327803
10.796909999760421 0.0023314025129932414 0.007058067369070109
10.814079999759771 0.0007924646661326974 0.0020448462284883284
10.831249999759121 0.002309849981638523 0.006998921253387191
10.848419999758471 0.0008052966708843591 0.0021140017387066834
10.86457999975786 0.002315490865472558 0.007014402863381175
10.88174999975721 0.0008003842795774041 0.0020876452929807776
10.89891999975656 0.002294594207180256 0.006957056609135925
10.91608999975591 0.0008132414060142422 0.002154837107370966
10.932249999755298 0.002299844568297571 0.006971466538818749
10.949419999754648 0.0008083568066241663 0.0021297380393692222
10.966589999753998 0.0022795912843645016 0.006915875613233702
10.983759999753348 0.000821057882072429 0.002195013241224064
10.999919999752736 0.0022844593896277354 0.006929246781439691
11.017089999752086 0.0008164109389374731 0.0021711355856934844
11.034259999751436 0.002264975174198991 0.006875367644709751
11.051429999750786 0.0008290048132773009 0.0022345402284185134
11.067589999750174 0.0022694358962956906 0.006887732153204595
11.084759999749524 0.0008243784819929045 0.0022118488854805385
11.101929999748874 0.0022505981259504093 0.006835522236747771
11.119099999748224 0.00083693101195359 0.0022734280136105234
11.135259999747612 0.002254706923578431 0.006846911387381471
11.152429999746962 0.0008325395178327977 0.0022518887298317303
11.169599999746312 0.00223645641831538 0.006796329074987284
11.186769999745662 0.0008447620272914458 0.0023116864002248327
11.203939999745012 0.002211628623977613 0.006727518421911771
11.2200999997444 0.0008405654536368656 0.002291265750653526
11.23726999974375 0.002222546384072599 0.006757777996269088
11.2544399997431 0.0008527731914422798 0.002349325052852791
11.27160999974245 0.0021983987537631533 0.0066908524052666785
11.287769999741839 0.0008486567244195831 0.0023299904215123846
11.304939999741189 0.002208864409492639 0.006719858984149951
11.322109999740539 0.0008606544747595812 0.002386353497152438
11.339279999739889 0.0021853809182164063 0.006654774042591516
11.355439999739277 0.0008567624062438829 0.0023680730602326783
11.372609999738627 0.0021954069335778925 0.006682562169058048
11.389779999737977 0.0008684862048765618 0.0024227811229238227
11.406949999737327 0.0021725719031659985 0.006619274425201382
11.423109999736715 0.0008647335970636273 0.0024055238312281624
11.440279999736065 0.002182170447472709 0.006645877825339763
11.457449999735415 0.0008764282661213318 0.0024586171855300876
11.474619999734765 0.002159968539226065 0.006584344769133832
11.490779999734153 0.0008728226152979746 0.002442352747611398
11.507949999733503 0.0021691514936502676 0.006609796371637167
11.525119999732853 0.0008842412443443859 0.0024938708092947515
11.542289999732203 0.002147690580883599 0.006549976414615966
11.558449999731591 0.00088084909983277 0.0024785696727924744
11.575619999730941 0.002156377907527429 0.006574308364559744
11.592789999730291 0.0008919643382993004 0.00252855098471505
11.609959999729641 0.0021356166241326413 0.006516160821445904
11.62611999972903 0.0008887421051876343 0.0025141843228215777
11.64328999972838 0.0021439153833940905 0.0065394045003941415
11.66045999972773 0.000899816309754664 0.0025626665744904464
11.67762999972708 0.0021237370238057496 0.0064828895708468615
11.693789999726468 0.0008967173285312492 0.0025492062681209404
11.710959999725818 0.0021316581537175194 0.0065050756133056
11.728129999725168 0.0009075403463398857 0.0025962263141998676
11.745299999724518 0.0021120488164422246 0.006450154363057958
11.761459999723906 0.0009046436729593932 0.002583644936482443
11.778629999723256 0.002119602993840841 0.0064713126710636
11.795799999722606 0.0009151384295874586 0.0026292388123239085
11.812969999721956 0.00210054908047963 0.006417947014547565
11.829129999721344 0.0009124379072070753 0.0026175096131120235
11.846299999720694 0.0021077467266620298 0.006438106774731001
11.863469999720044 0.0009228043204898562 0.0026617125528427543
11.880639999719394 0.0020892349355987605 0.006386259458202037
11.896799999718782 0.0009202035575671673 0.002650809444804114
11.913969999718132 0.002096086221989202 0.006405449157287357
11.931139999717482 0.0009304213144969432 0.0026936558983114978
11.948309999716832 0.002078103542466181 0.006355083741915735
11.96446999971622 0.0009280114830096942 0.0026835534406521866
11.98163999971557 0.002084618395996829 0.006373331182063513
11.99880999971492 0.0009379137976369689 0.002725077088527872
12.01597999971427 0.002067152101784764 0.006324412024372172
12.032139999713658 0.0009356889818612489 0.0027157504731256665
12.049309999713008 0.002073340210268504 0.00634174433823409
12.066479999712358 0.0009452837065060394 0.0027559842442848037
12.083649999711708 0.0020563778542583844 0.006294236578086032
12.099809999711097 0.0009432381382336041 0.002747409282244373
12.116979999710447 0.002062248671811262 0.006310680243359901
12.134149999709797 0.0009527676334792901 0.0027863853693133045
12.151319999709147 0.0020458201144228916 0.006264549784529283
12.168489999708497 0.0009658623034817237 0.002839502631390989
12.184649999707885 0.00205134083176739 0.006280130639046977
12.201819999707235 0.0009601390177260695 0.0028162883499716074
12.218989999706585 0.0020355076247691173 0.006235344134430942
12.236159999705935 0.0009728743662610339 0.0028679480267301827
12.252319999705323 0.0020407130688706587 0.006250087387960068
12.269489999704673 0.0009673895188925252 0.0028457009567550706
12.286659999704023 0.0020253624107711143 0.006206612224857189
12.303829999703373 0.0009798972962618002 0.00289593741676919
12.319989999702761 0.002030280787573835 0.006220542476154112
12.337159999702111 0.000974521024743269 0.002874630848370696
12.354329999701461 0.002015381896110502 0.006178346760321585
12.371499999700811 0.0009869016135016784 0.002923477715377487
12.3876599997002 0.0020200216798016424 0.006191488007745161
12.40482999969955 0.0009817146402308907 0.002903085570504782
12.4219999996989 0.0020055635415617834 0.006150540548388594
12.43916999969825 0.0009937934460916287 0.002950575739824046
12.455329999697637 0.002009932999209707 0.006162916205398883
12.472499999696987 0.000988832572338727 0.0029310725586206843
12.489669999696337 0.001995904844213303 0.006123186500961442
12.506839999695687 0.0010005745036444358 0.0029772382119430674
12.522999999695076 0.0020000120407042132 0.006134819407332959
12.540169999694426 0.0009958334078112863 0.002958599138325191
12.557339999693776 0.0019864033372234413 0.006096277630851521
12.574509999693126 0.0010072464716790464 0.0030034717587335003
12.590669999692514 0.0019902561396387686 0.006107190066995116
12.607839999691864 0.00100271898273685 0.0029856725297205955
12.625009999691214 0.0019770565893671987 0.006069807053199483
12.642179999690564 0.0010139783065042929 0.003029282914246423
12.658339999689952 0.001980662671313249 0.006080020750898196
12.675509999689302 0.0010095296440824075 0.003012299844507016
12.692679999688652 0.001967862204413917 0.00604376798102324
12.709849999688002 0.0010206296882749877 0.0030546781202067663
12.72600999968739 0.0019712290502573726 0.006053304135977822
12.74317999968674 0.0010163887429438523 0.0030384880902012412
12.76034999968609 0.0019588178206875195 0.006018153725362296
12.77751999968544 0.0010271737890674704 0.0030796637270347205
12.793679999684828 0.001961952729985339 0.006027033010813643
12.810849999684178 0.0010231346505389372 0.00306424417226836
12.828019999683528 0.001949921110804942 0.005992957695333256
12.845189999682878 0.0010336122487909494 0.0031042459967323133
12.861349999682266 0.0019528312023252559 0.006001200272243157
12.878519999681616 0.0010297691486963467 0.003089574893566649
12.895689999680966 0.0019412628473762794 0.005968173394910181
12.912859999680316 0.0010399466841489735 0.003128431101151463
12.929019999679705 0.0019439235205224172 0.005975798922452924
12.946189999679055 0.001036293992733861 0.0031144869547250487
12.963359999678405 0.0019327556692383396 0.005943794421403581
12.980529999677755 0.0010462807505111638 0.003152225124258834
12.996689999677143 0.0019352077122106737 0.005950822070888151
13.013859999676493 0.00104271570583514 0.003138986959794199
13.031029999675843 0.0019243877295668232 0.0059198144669481145
13.048199999675193 0.0010525840037877154 0.003175634064644939
13.065369999674543 0.0019096757535413957 0.005877653730768095
13.081529999673931 0.0010492035514509945 0.00316308141237176
13.098699999673281 0.0019161568590858602 0.005896227313839653
13.115869999672631 0.0010587851582506413 0.003198663834880211
13.13303999967198 0.0019018477112550114 0.005855220968886687
13.149199999671369 0.0010555839199548611 0.0031867767211868347
13.166369999670719 0.0019080609200554655 0.0058730268361673055
13.183539999670069 0.0010648857832243896 0.003221320262780658
13.200709999669419 0.0018941451125046307 0.005833147693257157
13.216869999668807 0.0010618585112380785 0.0032100791994893463
13.234039999668157 0.001900097805911938 0.005850206997171092
13.251209999667507 0.001070887425719591 0.003243609093672717
13.268379999666857 0.0018865660560070106 0.005811428454605139
13.284539999666245 0.0010680289999468462 0.0032329950658271933
13.301709999665595 0.0018922654409573303 0.005827761848031798
13.318879999664945 0.0010767916105576258 0.00326553599022672
13.336049999664295 0.0018791086670780774 0.005790057881316368
13.352209999663684 0.0010740970356981627 0.0032555304472547952
13.369379999663034 0.001884561779914362 0.005805685528437188
13.386549999662384 0.001082692917892869 0.003287106534577422
13.403719999661734 0.0018717710973181756 0.005769030675639719
13.419879999661122 0.0010800903299552633 0.0032776913780563355
13.437049999660472 0.0018769848074200457 0.005783972261341752
13.454219999659822 0.001088557782427113 0.00330832622703614
13.471389999659172 0.0018645515242949884 0.005748341614675301
13.48754999965856 0.0010861134957581564 0.003299483802710057
13.50471999965791 0.0018695325377249272 0.005762616356796979
13.52188999965726 0.0010943271737799964 0.0033292004905871586
13.53905999965661 0.0018574481512069196 0.005727985549563996
13.555219999655998 0.0010920364286594042 0.0033209135772316323
13.572389999655348 0.001862203014331043 0.005741612207599278
13.589559999654698 0.0011000025690607318 0.003349734669044757
13.606729999654048 0.0018505083588571392 0.005707957403489061
13.622889999653436 0.0010978607229332749 0.0033419864695738433
13.640059999652786 0.0018549943094305907 0.005720954289667457
13.657229999652136 0.0011055854241067697 0.0033699340292625557
13.674399999651486 0.0018437175607315393 0.005688252171742736
13.690559999650874 0.0011035879489049716 0.0033627081611697918
13.707729999650224 0.0018479854819324348 0.0057006371594670036
13.724899999649574 0.001111077173589936 0.0033898037621105104
13.742069999648924 0.0018370363436038817 0.005668864919816663
13.758229999648313 0.0011092196533187826 0.003383084248120838
13.775399999647663 0.001841099406644897 0.00568065545477614
13.792569999647013 0.001116479231490941 0.0034093489837294655
13.809739999646363 0.0018304630313332737 0.005649790783457398
13.82589999964575 0.0011147573595635674 0.0034031202422291074
13.8430699996451 0.001834327103857114 0.005661003892354355
13.86023999964445 0.001121891941656239 0.003428574735553358
13.8774099996438 0.0018239959713705067 0.005631024967656106
13.893569999643189 0.0011202619146909454 0.0034228215727183375
13.910739999642539 0.0018276667797128 0.005641677266443601
13.927909999641889 0.0011272491107812144 0.00344748598596345
13.945079999641239 0.0018176335348142336 0.005612562745416216
13.961239999640627 0.001125749612538418 0.003442193586333797
13.978409999639977 0.0018211166671827652 0.0056226704498230085
13.995579999639327 0.0011325185745676425 0.0034660876311432
14.012749999638677 0.0018113741158133354 0.0055943994568430355
14.029919999638027 0.0011417385677777725 0.0034986340967546603
14.046079999637415 0.0018146750253257291 0.005603978390622544
14.063249999636765 0.0011377016998043166 0.003484384496410531
14.080419999636115 0.0018052161315592616 0.005576530509265876
14.097589999635465 0.0011466688189585295 0.0035160383095367287
14.113749999634853 0.001808340139037634 0.005585596111790103
14.130919999634203 0.0011427998334155864 0.0035023813357848432
14.148089999633553 0.0017991580218050809 0.005558951374629029
14.165259999632903 0.0011515200393109604 0.003533163538083084
14.181419999632292 0.0018021103189247432 0.005567518710647423
14.198589999631642 0.0011478143025963616 0.003520082834362892
14.215759999630992 0.0017931982485891453 0.005541657590113491
14.232929999630342 0.0011562934270117342 0.0035500140125765967
14.24908999962973 0.001795983900587106 0.0055497413577909604
14.26625999962908 0.0011527464151593891 0.0035374936088183873
14.28342999962843 0.0017873352960570135 0.0055246447567602885
14.30059999962778 0.001161042938223944 0.003566593903614468
14.316759999627168 0.0017899592445821402 0.0055322592957929295
14.333929999626518 0.0011575974598591054 0.0035546182085788303
14.351099999625868 0.0017815676700938532 0.005507908539204021
14.368269999625218 0.0011657729116565374 0.003582907323040896
14.384429999624606 0.0017840347358103472 0.00551506783803557
14.401599999623956 0.0011624539575099124 0.0035714611154702425
14.418769999623306 0.0017758938979424155 0.005491444664162959
14.435939999622656 0.0011704267984286032 0.003598958325545798
14.452099999622044 0.0017782087834202764 0.0054981623680228076
14.469269999621394 0.001167257060143534 0.0035880267457932824
14.486439999620744 0.0017703125283035082 0.005475248919228903
14.503609999620094 0.0011750057575499184 0.0036147509080097784
14.519769999619482 0.0017724798205694945 0.005481538338880654
14.536939999618832 0.0011719810295028887 0.0036043194516777177
14.554109999618182 0.0017648276573796196 0.005459317154732357
14.571279999617532 0.001179510931662242 0.003630289011891108
14.58743999961692 0.0017668463036306647 0.005465191272036041
14.60460999961627 0.001176627108682382 0.003620343520205349
14.62177999961562 0.001759497864380788 0.0054436452783912515
14.63894999961497 0.001183943447267688 0.003645576522015581
14.655109999614359 0.001761358526517376 0.005449116755285033
14.672279999613709 0.001181196522481942 0.003636103175519434
14.689449999613059 0.0017542550842607474 0.0054282292586305125
14.706619999612409 0.0011883044149477717 0.0036606172685305083
14.722779999611797 0.0017559830142778177 0.005433310443214712
14.739949999611147 0.0011856904776627042 0.003651602580145852
14.757119999610497 0.001749097965704216 0.005413065122761296
14.774289999609847 0.0011925949295353844 0.0036754150280371434
14.790449999609235 0.0017506972588061664 0.00541776805642602
14.807619999608585 0.0011901101630146238 0.0036668458332278497
14.824789999607935 0.0017440251770205473 0.005398148953428272
14.841959999607285 0.001196816070322848 0.0036899735215034646
14.858119999606673 0.0017454998264507802 0.00540248537799215
14.875289999606023 0.0011944567498500813 0.0036818369739011203
14.892459999605373 0.0017390354059027002 0.0053834768923732845
14.909629999604723 0.0012009689012780767 0.003704296418405306
14.925789999604111 0.0017403893053362651 0.005387458256855826
14.942959999603461 0.0011987313920550635 0.0036965799829369317
14.960129999602811 0.0017341273591580109 0.005369045137459949
14.977299999602161 0.001205119757309192 0.0037183873373480836
14.994469999601511 0.001725582560592076 0.005343919503497663
15.0106299996009 0.0012029534780305662 0.003711078780632704
15.02779999960025 0.0017292997623935544 0.005354849940764073
15.0449699995996 0.0012092283654382419 0.0037322498428693507
15.06213999959895 0.0017209897286378784 0.0053304146197641344
15.078299999598338 0.001207179438924899 0.0037253372298429177
15.095469999597688 0.0017245513598325157 0.005340887610805201
15.112639999597038 0.0012132703171028325 0.0037458874502127593
15.129809999596388 0.0017164705520535952 0.005317126315629306
15.145969999595776 0.0012113352917376696 0.00373935913421386
15.163139999595126 0.001719880913985339 0.005327154507817067
15.180309999594476 0.0012172466390331094 0.003759303622830057
15.197479999593826 0.0017120239133137096 0.005304051304677593
15.213639999593214 0.0012154221474406368 0.0037531482428132534
15.230809999592564 0.001715287205627858 0.005313647047089365
15.247979999591914 0.0012211583433729967 0.0037725017755896317
15.265149999591264 0.0017076487106368885 0.0052911863470894716
15.281309999590652 0.0012194411002596217 0.0037667082463221924
15.298479999590002 0.0017107690332904824 0.005300361694959843
15.315649999589352 0.0012250064275374228 0.0037854852735774713
15.332819999588702 0.0017033438576766755 0.0052785282489531404
15.34897999958809 0.0012233932282216253 0.003780042783507742
15.36614999958744 0.0017063252132716311 0.005287294971934031
15.38331999958679 0.0012287918747209137 0.003798257434806107
15.40048999958614 0.0016991082833144322 0.005266073860576981
15.416649999585529 0.0012272795929848535 0.00379315543574954
15.433819999584879 0.0017019545790177837 0.005274443447322863
15.450989999584229 0.001232515653860844 0.0038108215281162927
15.468159999583579 0.001694940931609712 0.005253820076767113
15.484319999582967 0.0012311012406438504 0.0038060497322467413
15.501489999582317 0.0016976559815229384 0.005261803742051541
15.518659999581667 0.00123617872009818 0.0038231807757971303
15.535829999581017 0.0016908407615149335 0.005241763836338897
15.551989999580405 0.0012348592013337045 0.0038187291487967734
15.569159999579755 0.0016934282884395468 0.005249372526927587
15.586329999579105 0.0012397820145571004 0.0038353383534639462
15.603499999578455 0.0016868067466844217 0.005229902121184349
15.619659999577843 0.0012385544897897116 0.003831197109172013
15.636829999577193 0.001689270384159447 0.005237146521652747
15.653999999576543 0.0012433264648301634 0.003847297390513482
15.671169999575893 0.0016828378751938544 0.005218231956205521
15.687329999575281 0.0012421881055134643 0.003843456985397342
15.704499999574631 0.001685181169584049 0.005225122493679457
15.721669999573981 0.001246812985051915 0.003859060971211914
15.738839999573331 0.0016789687904590345 0.005206750408270899
15.75499999957272 0.0012457610329249524 0.0038555120989824943
15.77216999957207 0.0016811642597951426 0.005213297259931693
15.78933999957142 0.001250278999196608 0.003870632135449803
15.80650999957077 0.00167518068224326 0.00519545458642634
15.822669999570158 0.0012492904801174598 0.0038673657210996915
15.839839999569508 0.0016772642256622785 0.005201667682974698
15.857009999568858 0.0012537231019492667 0.0038820138775430557
15.874179999568208 0.0016714539020037389 0.005184341639741241
15.891349999567558 0.0012597576899715524 0.0039019560889030913
15.907509999566946 0.0016734287694736283 0.005190230672746932
15.924679999566296 0.0012571107790114722 0.003893209150407362
15.941849999565646 0.0016677875075733484 0.005173408759717724
15.959019999564996 0.0012629799399676012 0.003912604679134901
15.975179999564384 0.0016696568703787884 0.005178983185671893
15.992349999563734 0.0012604429105140813 0.003904220862593899
16.009519999563086 0.0016641805702705128 0.00516265317669351
16.026689999562436 0.0012661505428852582 0.003923082591672511
16.042849999561824 0.0016659475226673548 0.005167922222260035
16.060019999561174 0.0012637203638489192 0.0039150518794772715
16.077189999560524 0.0016606321747808517 0.0051520721608300235
16.094359999559874 0.001269270281775814 0.003933392414134929
16.110519999559262 0.0016622997356592337 0.005157044828285606
16.127689999558612 0.0012669439935342197 0.003925705026253112
16.144859999557962 0.001657141418673791 0.005141663021757115
16.162029999557312 0.0012723399285289316 0.0039435366972262464
16.1781899995567 0.0016587125333438204 0.005146348093199027
16.19535999955605 0.0012701146417657405 0.003936183084773948
16.2125299995554 0.001653707412676786 0.0051314231066079685
16.22969999955475 0.0012753602444355305 0.003953517956756247
16.24585999955414 0.0016551849543837704 0.0051358291508929454
16.26302999955349 0.0012732331382727669 0.003946488798878267
16.28019999955284 0.001650329280131979 0.005121349803360875
16.29736999955219 0.0012783319798613801 0.003963338673673711
16.313529999551577 0.001651716051740304 0.005125485177426281
16.330699999550927 0.0012763003006143192 0.003956624868883818
16.347869999550277 0.0016470061571804973 0.005111440534366629
16.365039999549627 0.0012812558748240832 0.003973001291790457
16.381199999549015 0.0016483048926950739 0.005115313390691156
16.398369999548365 0.0012793169344194055 0.003966593957871467
16.415539999547715 0.001643737192394967 0.005101692760922649
16.432709999547065 0.0012841326588326485 0.003982508222744041
16.448869999546453 0.0016449505584015258 0.0051053110514787114
16.466039999545803 0.0012822838333599318 0.003976398687921545
16.483209999545153 0.0016405215465880032 0.005092103980819385
16.500379999544503 0.0012869630510771168 0.003991861843233302
16.51653999954389 0.0016416521438453735 0.0050954754607368535
16.53370999954324 0.0012852017794351411 0.003986041643688765
16.55087999954259 0.0016373583926231339 0.005082671727174581
16.56804999954194 0.0012897477605549046 0.004001064495640083
16.58420999954133 0.0016384087575975759 0.005085803959969937
16.60137999954068 0.0012880715430935163 0.003995525370892317
16.61854999954003 0.001634246915482196 0.0050733935698543675
16.63571999953938 0.001292487486202254 0.0040101184894947295
16.651879999538767 0.0016352195216248202 0.005076293930594833
16.669049999538117 0.0012908938834104156 0.0040048523780478185
16.686219999537467 0.0016311863119561345 0.005064267113397136
16.703389999536817 0.0012951829171906626 0.004019026103274648
16.719549999536206 0.001632083571248 0.005066942795306506
16.736719999535556 0.0012936695482200777 0.004014025136722665
16.753889999534906 0.001628175790444941 0.005055289998101564
16.771059999534256 0.0012978347326586537 0.004027789580862695
16.787219999533644 0.0016290000546127503 0.005057748013126417
16.804389999532994 0.0012963992741507058 0.004023046081458315
16.821559999532344 0.0016252145709411137 0.005046459897573019
16.838729999531694 0.0013004949258351717 0.004036411134866746
16.855899999531044 0.0016200517457727326 0.005031064686622511
16.872059999530432 0.0012991081854346609 0.004031917611313496
16.889229999529782 0.0016223018846853732 0.005037774519545124
16.906399999529132 0.0013031123644737796 0.0040448929468528405
16.923569999528482 0.001617280834143253 0.0050228020697873355
16.93972999952787 0.0013018005099633134 0.004040642088043445
16.95689999952722 0.0016194369742315031 0.005029231605435669
16.97406999952657 0.0013056873428001214 0.004053237166556922
16.99123999952592 0.0016145543543061305 0.005014671945235971
17.00739999952531 0.0013044481731122604 0.0040492218401633195
17.024569999524658 0.0016166190932158655 0.00502082892944733
17.041739999524008 0.0013082205147995074 0.004061445913472461
17.058909999523358 0.0016118716323205717 0.005006672303353721
17.075069999522746 0.0013070518824543909 0.004057659160361382
17.092239999522096 0.0016138475062330568 0.005012564298623179
17.109409999521446 0.0013107125250968465 0.004069521275862353
17.126579999520796 0.0016092320036589225 0.004998801162181543
17.142739999520185 0.001309612335073096 0.004065956307042207
17.159909999519535 0.0016111214885832228 0.00500443555176977
17.177079999518885 0.001313164009024148 0.004077465312790629
17.194249999518235 0.0016066348129498698 0.004991056567382746
17.210409999517623 0.0013121302174916583 0.004074115505381393
17.227579999516973 0.0016084403260544498 0.004996440559401627
17.244749999516323 0.0013155755927495294 0.0040852800534119105
17.261919999515673 0.0016040794143236115 0.0049834365936862746
17.27807999951506 0.0013146062061670793 0.004082138947558711
17.29524999951441 0.0016058033152888116 0.0049885772241631265
17.31241999951376 0.0013179478935528843 0.004092967497903999
17.32958999951311 0.0016015913230529308 0.004975939341012037
17.3457499995125 0.0013170409672672578 0.004090028791958744
17.36291999951185 0.0016032117417219547 0.004980843478452623
17.3800899995112 0.0013202815196375894 0.004100529617523385
17.39725999951055 0.0015991540056375932 0.0049685629375684215
17.413419999509937 0.001319435157002613 0.004097787165568967
17.430589999509287 0.0016006984972628533 0.0049732372861210905
17.447759999508637 0.001322577070449471 0.004107968354483127
17.464929999507987 0.0015967560091848518 0.004961305536665961
17.481089999507375 0.0013217894218374715 0.004105416162714093
17.498259999506725 0.0015982267358966018 0.0049657566403849
17.515429999506075 0.001324835136924829 0.004115285623695897
17.532599999505425 0.0015943967322762378 0.004954165319048798
17.548759999504814 0.0013241043983078793 0.004112917846166297
17.565929999504164 0.0015957958044051646 0.004958399564369831
17.583099999503514 0.0013270563012401926 0.0041224833120967475
17.600269999502864 0.0015920755822474983 0.004947140490663138
17.61642999950225 0.0013263807135712735 0.004120294248233236
17.6335999995016 0.0015934050592376625 0.004951164110433837
17.65076999950095 0.001329241137279502 0.004129563278865156
17.6679399995003 0.0015897919747323017 0.004940229283278974
17.68409999949969 0.0013286189852198538 0.004127547370713636
17.70126999949904 0.0015910538663277407 0.004944048359567521
17.71843999949839 0.0013313902104133968 0.0041365273558024995
17.73560999949774 0.001587545333659568 0.0049334299526693215
17.75277999949709 0.001335161032006149 0.004148746546883686
17.768939999496478 0.0015887416011691744 0.004937050421804923
17.786109999495828 0.0013335040778952312 0.004143377349041799
17.803279999495178 0.001585335091253359 0.0049267407809083785
17.820449999494528 0.001337171580501062 0.004155261737159854
17.836609999493916 0.0015864676484335094 0.004930168433792126
17.853779999493266 0.0013355832888188868 0.004150115037648838
17.870949999492616 0.0015831606877922955 0.004920160073829116
17.888119999491966 0.0013391499066511825 0.00416167251112709
17.904279999491354 0.0015842314019052228 0.004923400562184543
17.921449999490704 0.0013376283843054004 0.004156742175509542
17.938619999490054 0.0015810215715827969 0.004913686161767128
17.955789999489404 0.0013410964989810648 0.004167980451696973
17.971949999488793 0.0015820322644609641 0.004916744999305944
17.989119999488143 0.0013396398975477064 0.004163260489975507
18.006289999487493 0.00157891719882608 0.004907317399094335
18.023459999486843 0.0013430118389839985 0.0041741871190104085
18.03961999948623 0.0015798696478883658 0.004910199964891504
18.05678999948558 0.001341618353853602 0.00416967168322957
18.07395999948493 0.001576847033533779 0.004901052163286401
18.09112999948428 0.00134489640158042 0.004180294052358313
18.10728999948367 0.0015777429728045522 0.004903763705710329
18.12445999948302 0.0013435642710117879 0.004175977433995559
18.14162999948237 0.0015748105475148488 0.004894888856654678
18.15879999948172 0.0013467506549796893 0.004186302768827144
18.174959999481107 0.0015756516684458655 0.004897434494255393
18.192129999480457 0.0013454781589864462 0.00418217939436305
18.209299999479807 0.0015728072199664431 0.004888825902293892
18.226469999479157 0.0013485750606629932 0.0041922147638540075
18.242629999478545 0.001573595172438158 0.004891210628632514
18.259799999477895 0.0013473605203934147 0.004188279192751665
18.276969999477245 0.0015708365377278268 0.004882861747423917
18.294139999476595 0.0013503748749664757 0.004198031512436806
18.310299999475983 0.001571572931080678 0.0048850904329600375
18.327469999475333 0.001349211850330878 0.004194278433955478
18.344639999474683 0.0015688979950668758 0.004876994861491291
18.361809999474033 0.0013521740087160117 0.004203754468357079
18.37796999947342 0.0015695843989301794 0.004879072256469552
18.39513999947277 0.0013510498566128293 0.004200178698798851
18.41230999947212 0.0015669910935831586 0.004871223735980479
18.42947999947147 0.0013539441071771519 0.004209385064579685
18.44563999947086 0.0015676290386190672 0.004873154472984087
18.46280999947021 0.0013528741059682936 0.004205981544769255
18.47997999946956 0.0015651153419101727 0.004865546883503491
18.49714999946891 0.0013556856145396923 0.004214924713896728
18.513309999468298 0.0015657063209715274 0.0048673354802519775
18.530479999467648 0.0013546682120066933 0.004211688506516875
18.547649999466998 0.0015632702560417489 0.004859962839820486
18.564819999466348 0.0013573989687982735 0.004220374810182115
18.580979999465736 0.0015638157247486182 0.004861613701823142
18.598149999465086 0.0013564326499601043 0.004217301095932324
18.615319999464436 0.0015614553588975124 0.0048544701604091856
18.632489999463786 0.0013590846015268943 0.004225736725549378
18.648649999463174 0.0015619567365773301 0.004855987583352039
18.665819999462524 0.0013581678881303683 0.00422282080217995
18.682989999461874 0.0015596701802654822 0.004849067422485476
18.700159999461224 0.001360742938264936 0.004231011813937702
18.717329999460574 0.0015565532891671507 0.00483963430907286
18.733489999459962 0.0013598743877533126 0.004228249093307657
18.750659999459312 0.0015579142569783766 0.004843753224814673
18.767829999458662 0.001362374398510613 0.004236201409835161
18.784999999458012 0.0015548829147232766 0.004834579019885599
18.8011599994574 0.0013615526032788594 0.004233587413349227
18.81832999945675 0.001556187132429887 0.004838526184236525
18.8354999994561 0.0013639793957119783 0.004241306827335034
18.85266999945545 0.001553239321737121 0.0048296047830742594
18.86882999945484 0.0013632029823597014 0.004238837187342526
18.88599999945419 0.001554488356782291 0.004833384940194918
18.90316999945354 0.0013655583373504143 0.004246329363832846
18.92033999945289 0.0015516221039926226 0.004824710369633056
18.936499999452277 0.0013648259659606587 0.004243999817910016
18.953669999451627 0.001552817486779934 0.004828328151218475
18.970839999450977 0.0013671116251018356 0.0042512702968511284
18.988009999450327 0.0015500308609998072 0.004819894567154037
19.004169999449715 0.0013664219884678142 0.00424907668676866
19.021339999449065 0.0015511740856248848 0.004823354495187004
19.038509999448415 0.0013686396549857927 0.004256130885882392
19.055679999447765 0.0015484651978563413 0.004815156181081637
19.071839999447153 0.00136799147789457 0.0042540691551629095
19.089009999446503 0.0015495577229600599 0.004818462669886614
19.106179999445853 0.0013701428171795094 0.00426091237241133
19.123349999445203 0.0015469247252313245 0.004810494032858603
19.13950999944459 0.0013695348556449494 0.004258978563675964
19.15667999944394 0.0015479679746919215 0.004813651391355478
19.17384999944329 0.0013716214963503948 0.004265615979204274
19.19101999944264 0.0015454090594088086 0.004805906960803075
19.20717999944203 0.0013710525370486115 0.004263806233850698
19.22434999944138 0.0015464044231404685 0.0048089193962708165
19.24151999944073 0.0013730760715071622 0.004270242912707278
19.25868999944008 0.0015439178217682148 0.004801393819386934
19.274849999439468 0.0013725449309750504 0.004268553465280878
19.292019999438818 0.0015448666565663904 0.004804265437252653
19.309189999438168 0.0013745069162819368 0.00427479436075906
19.326359999437518 0.0015424506393605377 0.004796953479813126
19.342519999436906 0.0013740124402923382 0.00427322154044063
19.359689999436256 0.0015433542693986668 0.0047996882878487135
19.376859999435606 0.001375914398856315 0.004279271495188919
19.394029999434956 0.0015410071443600069 0.004792584828516855
19.410189999434344 0.0013754554617924075 0.004277811720854174
19.427359999433694 0.0015418668621126619 0.004795186738904
19.444529999433044 0.0013772988820667242 0.004283675469862747
19.461699999432394 0.0015395869741802184 0.004788286769352723
19.477859999431782 0.0013768743862448973 0.004282325250393182
19.495029999431132 0.0015404040409786601 0.004790759598716221
19.512199999430482 0.0013786607234588244 0.004288007422037499
19.529369999429832 0.001538189771329801 0.004784058219131637
19.54552999942922 0.001378269598463655 0.004286763352323586
19.56269999942857 0.0015389654181539036 0.004786405693102402
19.57986999942792 0.0013800002754388307 0.004292268472627647
19.59703999942727 0.0015368151835576382 0.004779898112106107
19.61420999942662 0.0013823540128564682 0.004299755522974014
19.63036999942601 0.0015375506116248605 0.004782123866220456
19.64753999942536 0.0013813178852615238 0.004296459726604862
19.66470999942471 0.001535462863506365 0.004775805397427835
19.68187999942406 0.0013836071630515256 0.004303741735300903
19.698039999423447 0.0015361592449226746 0.0047779129791925
19.715209999422797 0.0013826138951966715 0.004300582272831477
19.732379999422147 0.0015341324688520341 0.004771779038881263
19.749549999421497 0.0013848402316554154 0.004307664068869954
19.765709999420885 0.0015347909473160117 0.004773771909061253
19.782879999420235 0.001383888642430997 0.004304637182561688
19.800049999419585 0.0015328236620736346 0.004767818014328462
19.817219999418935 0.0013860535229320847 0.0043115234918400525
19.833379999418323 0.0015334453533959458 0.0047696995504775686
19.850549999417673 0.001385142459076616 0.004308625513838038
19.867719999417023 0.0015315361105813219 0.004763921317763042
19.884889999416373 0.0013872473370695193 0.004315320959025204
19.90104999941576 0.0015321221034743091 0.004765694814656829
19.91821999941511 0.0013863756727363619 0.004312548307694453
19.93538999941446 0.0015302875618280476 0.0047600879570564025
19.95255999941381 0.001388421969916953 0.004319057411450444
19.9687199994132 0.0015308303536900605 0.004761756628446356
19.98588999941255 0.0013875886058546394 0.00431640659034338
20.0030599994119 0.0015290609255026455 0.004756316953880013
20.02022999941125 0.0013895777132225673 0.00432273377695136
20.036389999410638 0.0015295706394626853 0.004757883935524454
20.053559999409988 0.0013887815764140887 0.004320201373342325
20.070729999409338 0.0015278542593667455 0.004752607344571391
20.087899999408688 0.001390714854572983 0.004326350971117776
20.104059999408076 0.0015283318902972187 0.0047540756950237295
20.121229999407426 0.0013899548975444542 0.0043239336527167715
20.138399999406776 0.0015266672544278494 0.004748958179312535
20.155569999406126 0.001391833677689025 0.004329909895983697
20.171729999405514 0.0015271137727311812 0.0047503308816421175
20.188899999404864 0.001391108877908942 0.004327604409348762
20.206069999404214 0.0015254996061035975 0.004745368520731041
20.223239999403564 0.0013929344620347006 0.004333411439549906
20.239399999402952 0.0015259159581897386 0.004746648484577065
20.256569999402302 0.0013922438214478694 0.004331214611108525
20.273739999401652 0.0015243510141951244 0.004741837447319597
20.290909999401002 0.0013940174832418606 0.004336856480335882
20.30706999940039 0.0015247381231494606 0.0047430275102788855
20.32423999939974 0.001393360027746815 0.004334765210622926
20.34140999939909 0.0015232211829453446 0.004738364048517685
20.35857999939844 0.0013950830130126102 0.004340245881018223
20.37473999939783 0.0015235799488597657 0.004739466978398443
20.39190999939718 0.0013944577919300372 0.004338257146707658
20.40907999939653 0.0015221098207606198 0.00473494742939673
20.42624999939588 0.001396131319257643 0.004343580495314026
20.442409999395267 0.001522441121506013 0.004735965924340668
20.459579999394617 0.0013955374048357783 0.004341691344700305
20.476749999393967 0.0015210166405289494 0.004731586706119284
20.493919999393317 0.0013971626660684855 0.004346861161541593
20.510079999392705 0.0015213213318769903 0.004732523396722144
20.527249999392055 0.0013965991527652433 0.004345068714139977
20.544419999391405 0.0015199413589893629 0.004728281007482238
20.561589999390755 0.0013981773136800824 0.004350088708193756
20.578759999390105 0.0015180612437901697 0.004722501051834804
20.594919999389493 0.0013976433179759828 0.004348390154196302
20.612089999388843 0.0015188836971128383 0.004725029476582154
20.629259999388193 0.0013991755186150145 0.004353263952028286
20.646429999387543 0.0015170551593068904 0.004719408083642129
20.66258999938693 0.0013986701783855748 0.004351656549017591
20.67975999938628 0.00151784338004457 0.004721831268883481
20.69692999938563 0.0014001575338010719 0.004356387697113107
20.71409999938498 0.0015160652036922961 0.004716364699874909
20.73025999938437 0.001399680007909243 0.004354868768996489
20.74742999938372 0.0015168201368706002 0.004718685550719748
20.76459999938307 0.001401123608571142 0.004359460736347298
20.78176999938242 0.001515091132361146 0.004713370148323737
20.797929999381807 0.0014006730762812225 0.004358027672712872
20.815099999381157 0.0015158137006981987 0.004715591501769367
20.832269999380507 0.001402073988650443 0.00436248385172755
20.849439999379857 0.0015141327042299535 0.004710423688525367
20.865599999379246 0.0014016496493687303 0.004361134105757003
20.882769999378596 0.0015148238084652377 0.004712548313468012
20.899939999377946 0.0014030089162025972 0.0043654578133378585
20.917109999377296 0.0015131896813768142 0.004707524588520862
20.933269999376684 0.001402609988770398 0.004364188900318755
20.950439999376034 0.0015138502010173527 0.004709555188475711
20.967609999375384 0.0014039286299699638 0.004368383380370933
20.984779999374734 0.001512261829480832 0.004704672128230669
21.000939999374122 0.0014035543524818506 0.004367192877174908
21.018109999373472 0.0015128926229714956 0.00470661134273076
21.035279999372822 0.001404833365199254 0.004371261301838736
21.052449999372172 0.0015113489173828043 0.004701865597134258
21.06860999937156 0.0014044829945130122 0.004370146844034917
21.08577999937091 0.0015119508228115253 0.0047037160023521984
21.10294999937026 0.001405730063694266 0.004374092315084788
21.12011999936961 0.0015104507171804782 0.004699104293892642
21.136279999369 0.0014053970942718985 0.0043730515964290895
21.15344999936835 0.001511024552514173 0.004700868404594605
21.1706199993677 0.0014066210226579834 0.004376877146394786
21.187789999367048 0.0015095670042392095 0.004696387528524415
21.203949999366436 0.0014063109255941786 0.004375907918718891
21.221119999365786 0.0015101135679390643 0.004698067799413508
21.238289999365136 0.0014074974358583292 0.004379616513083828
21.255459999364486 0.001508697557124572 0.004693714620029876
21.271619999363875 0.001407209509465046 0.004378716582698061
21.288789999363225 0.0015092176284241532 0.004695313446823057
21.305959999362575 0.0014083595291550788 0.004382311120931792
21.323129999361925 0.001507842157462358 0.004691084897401332
21.339289999361313 0.001408093089255158 0.00438147834905811
21.356459999360663 0.0015083364968955237 0.004692604617628771
21.373629999360013 0.0014092075252485348 0.004384961665149234
21.390799999359363 0.0015070005900298389 0.004688497698512872
21.40695999935875 0.0014089619045845048 0.004384193967121863
21.4241299993581 0.001507469939789563 0.004689940594271302
21.44129999935745 0.0014100416434890128 0.004387568832453503
21.4584699993568 0.0015061726426937039 0.0046859523718301155
21.47462999935619 0.0014098161915253593 0.004386864174421579
21.49179999935554 0.001506617727036752 0.004687320669349848
21.50896999935489 0.0014108621000434862 0.004390133298048937
21.52613999935424 0.0015053581062385302 0.0046834482734459115
21.54330999935359 0.001412289631990693 0.004394595247025901
21.559469999352977 0.001505779631933546 0.00468474414599962
21.576639999352327 0.0014116691079756327 0.004392655728002737
21.593809999351677 0.0015045567745610722 0.004680984770377705
21.610979999351027 0.0014130574109898486 0.0043969950612288144
21.627139999350415 0.00150495543117668 0.004682210337536574
21.644309999349765 0.0014124628771381431 0.004395136777779474
21.661479999349115 0.001503768444453657 0.004678561237148049
21.678649999348465 0.0014138128768315106 0.00439935638840705
21.694809999347854 0.001504144904806659 0.004679718567457414
21.711979999347204 0.0014132436144245197 0.004397577094739091
21.729149999346554 0.0015029929155745414 0.004676177058626774
21.746319999345904 0.0014145562163507819 0.004401679813414994
21.76247999934529 0.0015033478360800823 0.0046772681701057195
21.77964999934464 0.0014140115236217499 0.004399977315494574
21.79681999934399 0.0015022299905096403 0.004673831627532987
21.81398999934334 0.0014152876137848436 0.004403965911037311
21.83014999934273 0.0015025640116327343 0.004674858488740163
21.84731999934208 0.001414766805655332 0.004402338067877043
21.86448999934143 0.001501479474693701 0.0046715243454675814
21.88165999934078 0.001416007250709228 0.004406215249352918
21.897819999340168 0.0015017932210645846 0.004672488876877878
21.914989999339518 0.0014155096584149707 0.004404659970280722
21.932159999338868 0.0015007411763195977 0.004669254622946539
21.949329999338218 0.0014167153062003557 0.004408428388225083
21.965489999337606 0.0015010352573124885 0.0046701586985054
21.982659999336956 0.0014162402767382565 0.004406943632928595
21.999829999336306 0.0015000149063060242 0.004667021879423139
22.016999999335656 0.0014174119566598975 0.0044106058792126035
22.033159999335044 0.0015002899162824823 0.004667867325813813
22.050329999334394 0.0014169588528057941 0.004409189655363299
22.067499999333744 0.0014993004783919739 0.004664825541034201
22.084669999333094 0.0014180973762736304 0.004412748265791855
22.100829999332483 0.001499556997067053 0.004665614140209051
22.117999999331833 0.0014176655759027268 0.004411398629022845
22.135169999331183 0.0014985977089332359 0.004662665043864145
22.152339999330533 0.0014187717365927721 0.004414856085266372
22.16849999932992 0.0014988363017678363 0.0046633985346988815
22.18566999932927 0.0014183606326392262 0.00441357113777352
22.20283999932862 0.0014979064170833611 0.004660539831968791
22.22000999932797 0.0014194352067622429 0.004416929865569408
22.23616999932736 0.0014981276353364104 0.00466121990876367
22.25333999932671 0.0014190442065660225 0.0044157077552120505
22.27050999932606 0.0014972264244076383 0.004658449356687022
22.28767999932541 0.001420087953457272 0.004418970128028388
22.303839999324797 0.0014974308057532637 0.004659077672874989
22.321009999324147 0.0014197164787376204 0.004417809047874144
22.338179999323497 0.0014965575552223775 0.0046563930786058805
22.355349999322847 0.0014207301411369722 0.004420977387320502
22.371509999322235 0.0014967456239735055 0.004656971245386998
22.388679999321585 0.0014203776275791835 0.004419875572192478
22.405849999320935 0.0014958996363647614 0.004654370463730295
22.423019999320285 0.0014213619318601545 0.004422952148197545
22.440189999319635 0.0014947476335166465 0.004650828912333704
22.456349999319023 0.0014210278286559408 0.0044219078774832
22.473519999318373 0.0014952524971413306 0.004652380988900973
22.490689999317723 0.0014219834852706725 0.00442489491150333
22.507859999317073 0.0014941320815771153 0.004648936544959792
22.52401999931646 0.0014216672550849685 0.004423906505246489
22.54118999931581 0.001494615969338975 0.004650424136243281
22.55835999931516 0.0014225949588211328 0.004426806168578157
22.57552999931451 0.0014935263966295853 0.004647074511265892
22.5916899993139 0.0014222960774080695 0.004425871988189556
22.60885999931325 0.001493989887396019 0.004648499396719963
22.6260299993126 0.0014231965077613484 0.004428686404267523
22.64319999931195 0.0014929304291001477 0.004645242351219991
22.659359999311338 0.0014229144634834157 0.004427804851125927
22.676529999310688 0.0014933740878692037 0.0046466062687433585
22.693699999310038 0.0014237882850609562 0.004430536098132265
22.710869999309388 0.0014923440314098535 0.004643439612073141
22.727029999308776 0.001423522578846037 0.004429705611463941
22.744199999308126 0.0014927684099237393 0.004644744256943056
22.761369999307476 0.0014243704414054204 0.004432355719896641
22.778539999306826 0.001491767058157567 0.004641665845972476
22.794699999306214 0.0014241205864252704 0.004431574778496206
22.811869999305564 0.0014921726950314351 0.00464291287398666
22.829039999304914 0.001424943125513889 0.00443414573420009
22.846209999304264 0.0014911993659654232 0.004639920611859694
22.862369999303652 0.0014247086467815695 0.004433412853399599
22.879539999303002 0.0014915867869377264 0.004641111639891449
22.896709999302352 0.0014255064837773723 0.004435906599387085
22.913879999301702 0.001490640813467503 0.004638203475881841
22.93003999930109 0.0014252869180670924 0.004435220331477918
22.94720999930044 0.0014910105318087785 0.004639340081613597
22.96437999929979 0.0014260606605981385 0.004437638766796592
22.98154999929914 0.001490091261245996 0.004636514009070947
22.99770999929853 0.0014258555560258124 0.0044369976987979065
23.01487999929788 0.0014904437779642565 0.004637597732548571
