0.001020000000000002 0.2119716293879248 0.5292246885645557
0.05253000000000541 0.11902688736696908 0.30133734245868515
0.10605999999999158 0.20741359941311588 0.5253606982494219
0.1575700000000168 0.11676439335425694 0.28993395604066663
0.21009000000006933 0.2046264073648837 0.5202980051290051
0.26160000000012085 0.11432616967640608 0.28263777172028437
0.31412000000017337 0.20208847693368326 0.5139321441583466
0.3666400000002259 0.1112132032742803 0.2749031601594232
0.4181500000002774 0.19959918306500135 0.5071642114525821
0.47067000000032994 0.10868021601992904 0.26907215279874386
0.5231900000002537 0.19664377389039092 0.4992002397487316
0.5747000000000193 0.1061555180488678 0.2630167043029319
0.6272199999997803 0.19425814397421548 0.49302618485678185
0.6797399999995413 0.10320450419742488 0.25572470669251723
0.7312499999993068 0.19182655416480443 0.4868799303899496
0.7837699999990678 0.10087307548121181 0.24982804475230935
0.8362899999988288 0.18895579298329557 0.4796808042447198
0.8877999999985944 0.0985180373205431 0.24386296748923897
0.9403199999983554 0.18666072179673787 0.47392979077288677
0.9928399999981163 0.0957470177780736 0.23685804585751313
1.0443499999983743 0.18434473973881016 0.46810992006071084
1.0968699999987184 0.09352658830324145 0.23126133423753137
1.1493899999990624 0.1816304468189991 0.461279851977181
1.2008999999994 0.09128248880770418 0.22561091402467648
1.253419999999744 0.1794534516255306 0.45579513990876563
1.305940000000088 0.08865293317776213 0.21899202663741013
1.3574500000004255 0.17725489202671696 0.4502570711407028
1.4099700000007696 0.08654103110089661 0.21367507123445373
1.4624900000011136 0.17468398987000955 0.44378374559791434
1.514000000001451 0.08440828888885044 0.20830459734214601
1.5665200000017951 0.1726152390335669 0.4385748051505822
1.6190400000021392 0.08191566511067772 0.20202798157190616
1.6705500000024767 0.17052686162362352 0.43331634613902326
1.7230700000028207 0.07990891456604365 0.1969742858985324
1.7755900000031648 0.16808968010490088 0.4271808327417692
1.8271000000035023 0.07788276956705964 0.19187178731016052
1.8796200000038463 0.16612505099172648 0.4222340231866517
1.9321400000041904 0.07551826832784791 0.18591780634734656
1.9836500000045278 0.1641420409177211 0.41724112809474745
2.036170000004872 0.07361190044986032 0.18111717105117053
2.088690000005216 0.16183018275029137 0.41142140823091644
2.1402000000055534 0.07168756198098647 0.17627128130970338
2.1927200000058975 0.15996476999601272 0.40672473857081837
2.2452400000062416 0.06944342701866257 0.1706205679029793
2.296750000006579 0.15808226372841905 0.40198521936305465
2.349270000006923 0.06763303108249485 0.1660617447288959
2.401790000007267 0.1558881336100828 0.3964621864868567
2.4533000000076046 0.06580592491643189 0.16146085500016172
2.5058200000079487 0.15411739715524408 0.3920041657128337
2.5583400000082928 0.06367505439287346 0.15609549442318071
2.60985000000863 0.15233072651356083 0.3875061729902707
2.6623700000089743 0.06195629233443456 0.15176757009713882
2.7148900000093183 0.15024737432675905 0.38226221767024837
2.766400000009656 0.06022194646416279 0.14740042028948963
2.81892000001 0.1485669187836609 0.3780316894246627
2.871440000010344 0.05819778595510583 0.1423039102312451
2.9229500000106814 0.1468715702104837 0.3737637861042531
2.9754700000110255 0.056566436001035836 0.13819623285582505
3.0279900000113695 0.14489259302088076 0.3687827174009062
3.079500000011707 0.05492051496520878 0.13405187988042577
3.132020000012051 0.14329816225963754 0.36476891062450223
3.184540000012395 0.05299700958930986 0.12920895726346027
3.2360500000127326 0.14168977747816802 0.3607200731479909
3.2885700000130766 0.0514489790767858 0.12531119986599615
3.3410900000134207 0.13980947864301096 0.3559869406397409
3.392600000013758 0.04988729152820892 0.12137906842373258
3.4451200000141022 0.1382972792537065 0.3521794661927702
3.4976400000144463 0.048058831357942755 0.11677559144981364
3.5491500000147838 0.13677197941572672 0.3483390873856296
3.601670000015128 0.04659016390708548 0.11307777338244174
3.654190000015472 0.13498480722352613 0.34384004819917324
3.7057000000158093 0.04510866792069501 0.1093476671117366
3.7582200000161534 0.13355054994616777 0.34022891003885336
3.8107400000164975 0.043370042231636874 0.10497050032399757
3.862250000016835 0.1321039659871387 0.3365868040932085
3.914770000017179 0.04197692379203266 0.10146300080243753
3.967290000017523 0.13040465467539264 0.3323090087587577
4.018800000017025 0.04057173117755486 0.09792511070004783
4.071320000015037 0.1290445365462326 0.32888460871776104
4.123840000013049 0.03891809003135527 0.09376202101746278
4.175350000011099 0.12767279823971 0.3254310117558612
4.22787000000911 0.03759685194418649 0.09043558241529359
4.280390000007122 0.12605660543837371 0.3213625083374527
4.331900000005172 0.03626422862327361 0.08708048678921498
4.384420000003184 0.12476697745438949 0.31811564393724456
4.436940000001195 0.03469104785472654 0.08312006168960107
4.488449999999245 0.12346637717668141 0.3148412053540439
4.540969999997257 0.033438166559047855 0.07996580005567022
4.593489999995269 0.1219288788304068 0.3109708441562886
4.644999999993319 0.0321745318146639 0.07678447351519013
4.69751999999133 0.12070624595454617 0.3078926973231866
4.750039999989342 0.030677582114574494 0.07301605374152587
4.801549999987392 0.11947323677108045 0.3047884693569314
4.854069999985404 0.029489679829361015 0.07002545604755106
4.9065899999834155 0.11801029777041849 0.30110582712001843
4.9580999999814654 0.028291605971634604 0.06700925852988204
5.010619999979477 0.11685131528423 0.29818796373514145
5.063139999977489 0.026866927682375752 0.06342286161175048
5.114649999975539 0.11568266353352695 0.29524539816275785
5.1671699999735505 0.02574077138911757 0.060587777300591394
5.219689999971562 0.11429081923433504 0.2917407174638842
5.271199999969612 0.024604980830815304 0.057728445314064736
5.323719999967624 0.11319261107201484 0.28897507913683285
5.376239999965636 0.02324886029467621 0.05431470779765357
5.427749999963686 0.11208508834438813 0.28618601569354585
5.480269999961697 0.022181358160980547 0.05162734294985594
5.532789999959709 0.11076027802185695 0.28285014524183083
5.584299999957759 0.02110471944355763 0.048916984296820676
5.636819999955771 0.10971945366286849 0.2802290376950012
5.689339999953782 0.019813668021317232 0.045667115161163174
5.740849999951832 0.10866978756843271 0.2775856910020802
5.793369999949844 0.018801866479483453 0.04312002757487221
5.845889999947856 0.10740859983642426 0.27441003309610634
5.897399999945906 0.017781390872902425 0.040551110586728445
5.949919999943917 0.10642224788196164 0.27192611714123016
6.002439999941929 0.016552126977265824 0.037456839980543055
6.053949999939979 0.10542749455533695 0.2694210670817321
6.106469999937991 0.015593207366272122 0.03504292637820372
6.1589899999360025 0.1042267199924729 0.2663975346109848
6.210499999934052 0.014626044790842174 0.032608268541456376
6.263019999932064 0.1032920649512834 0.2640438147191948
6.315539999930076 0.013455477613657618 0.02966180699933707
6.367049999928126 0.10234941964121459 0.26166999324983564
6.4195699999261375 0.012546752270135688 0.02737429310026851
6.472089999924149 0.10120603473767432 0.25879096996000994
6.523599999922199 0.011630186796458553 0.025067048369342704
6.576119999920211 0.10032043205002229 0.2565607837588857
6.628639999918223 0.010515401906557198 0.02226104911668969
6.680149999916273 0.09942722394174795 0.254311462782042
6.732669999914284 0.00965430959155622 0.02009347973570552
6.785189999912296 0.09833837703663716 0.25156976689381105
6.836699999910346 0.008785754374829091 0.0179071294178601
6.889219999908358 0.09749930889394309 0.24945677105930875
6.941739999906369 0.0077240001389777815 0.01523465859398776
6.993249999904419 0.09665319134966466 0.24732554755839686
7.045769999902431 0.00690810143073417 0.013180887594155255
7.098289999900443 0.09561659712455017 0.24471439794504501
7.149799999898493 0.006085093923965279 0.011109227091810059
7.202319999896504 0.0948219787057819 0.24271255627259514
7.254839999894516 0.005073769905953651 0.008563732700017646
7.306349999892566 0.09402045833249739 0.24069334010594634
7.358869999890578 0.004300742891020448 0.006617910139683492
7.410379999888628 0.09321282334914027 0.23865873169038876
7.462899999886639 0.0035209401802586138 0.004655036377221311
7.515419999884651 0.09228037115356613 0.23630990018252973
7.566929999882701 0.002735128897695005 0.0026770433027678564
7.619449999880713 0.0915210138133048 0.2343969013887337
7.6719699998787245 0.0018252223623910213 0.00038688139175624414
7.7234799998767745 0.09075582015930483 0.23246920992217035
7.775999999874786 0.0015965847037621161 0.0014728196461866183
7.828519999872798 0.089867480383657 0.23023149368905926
7.880029999870848 0.0018914350642786903 0.0033469516170558933
7.93254999986886 0.08914810214584035 0.22841920940487315
7.985069999866871 0.0024178097547064015 0.005528971379564762
8.036579999864921 0.08842315031471604 0.226592893212596
8.089099999862933 0.002913298703032363 0.007290836548456969
8.141619999860945 0.08757678624431686 0.2244609095102934
8.193129999858995 0.00344889372459567 0.009066482527764208
8.245649999857006 0.08689531195412548 0.22274411189824317
8.298169999855018 0.004111449883779206 0.011145573763360339
8.349679999853068 0.086208512557847 0.22101390744636573
8.40219999985108 0.004663648556710975 0.012814674558891959
8.454719999849091 0.08540209976984536 0.21898255700297797
8.506229999847141 0.005234219304983134 0.014496941054509271
8.558749999845153 0.08475655834288642 0.21735628044203814
8.611269999843165 0.005920370081834658 0.0164780461515468
8.662779999841215 0.0841059272405228 0.21571718917612337
8.715299999839226 0.006477354078090025 0.018059199982178864
8.767819999837238 0.08333754650550973 0.21378163731433641
8.819329999835288 0.007046102346642824 0.019652936482073002
8.8718499998333 0.08272606628595425 0.21224116627688305
8.924369999831312 0.007729093444779234 0.02154074330955602
8.975879999829361 0.08210977244062045 0.210688442356477
9.028399999827373 0.00827665121655008 0.023038525228880058
9.080919999825385 0.08137797403023517 0.20884410251285068
9.132429999823435 0.008833417690554568 0.024548336763352552
9.184949999821447 0.08079907102614758 0.20738496043106736
9.237469999819458 0.009502360110974495 0.02634729497779098
9.288979999817508 0.08021551624618217 0.20591409922513515
9.34149999981552 0.010033671932741961 0.027766049022959205
9.394019999813532 0.07951818357621443 0.20415661801057583
9.445529999811582 0.010572503254778098 0.029196307336554206
9.498049999809593 0.07896986281295415 0.202774556047014
9.550569999807605 0.011221701654325567 0.030910642772863373
9.602079999805655 0.07841709194509983 0.2013812826809125
9.654599999803667 0.011732994334472169 0.03225449290974458
9.707119999801678 0.07775258456725598 0.19970652603158445
9.758629999799728 0.012249803334813736 0.033609347669594225
9.81114999979774 0.07723324630997885 0.19839751227689328
9.863669999795752 0.012875042848181972 0.03524307549439554
9.915179999793802 0.07670964996021279 0.1970777704876414
9.967699999791813 0.013364131536824142 0.0365159356009781
10.020219999789825 0.07607640925812864 0.19548181047397417
10.071729999787875 0.013857508879990932 0.037799324560572334
10.124249999785887 0.07558453570486645 0.19424201936030228
10.176769999783899 0.014458428582860392 0.03935626108425572
10.228279999781948 0.07508858703736654 0.19299196087330106
10.28079999977996 0.01492381769828832 0.04056184488445691
10.333319999777972 0.07448513152702663 0.19147106390063895
10.384829999776022 0.015394724357042144 0.04177750412370784
10.437349999774034 0.07401928282063486 0.19029686638718513
10.489869999772045 0.01596952993610956 0.04326127814424652
10.541379999770095 0.07354953351234195 0.189112840926553
10.593899999768107 0.016412950944255877 0.0444031089801844
10.646419999766119 0.07297445449136286 0.18766345692721176
10.697929999764169 0.0168604982555558 0.04555458283814762
10.75044999976218 0.07253326491881007 0.18655141097367878
10.802969999760192 0.017410166313971964 0.04696864600809425
10.854479999758242 0.0720883413059441 0.1854299565187012
10.906999999756254 0.017831767520179898 0.04805006607068174
10.958509999754304 0.07164011092987987 0.18430017016958233
11.011029999752315 0.018256967965653237 0.04914071649158025
11.063549999750327 0.07112247320051568 0.1829955500845193
11.115059999748377 0.018685358445325484 0.05023954746553594
11.167579999746389 0.07070107257758307 0.18193338350712684
11.2200999997444 0.019182373539276987 0.05151253239739084
11.27160999974245 0.07027650271412333 0.18086323138850613
11.324129999740462 0.019586211375165474 0.05254554806501943
11.376649999738474 0.06978333926639924 0.17961969254790544
11.428159999736524 0.019993114551563163 0.05358640313630758
11.480679999734535 0.0693844796693931 0.17861370066643012
11.533199999732547 0.020467516167710365 0.054799828723561816
11.584709999730597 0.06898258435689664 0.17760005464808604
11.637229999728609 0.02085000746730581 0.05577823351520239
11.68974999972662 0.06851258265204885 0.17641473275376018
11.74125999972467 0.02123631491084188 0.05676415132251922
11.793779999722682 0.06813482617729416 0.17546196378595003
11.846299999720694 0.021689634956340687 0.057920805121314256
11.897809999718744 0.06775415988014832 0.1745018579449198
11.950329999716756 0.02205279038645347 0.05884746631440452
12.002849999714767 0.0673061623020168 0.17337202586216183
12.054359999712817 0.022418768243957388 0.05978132809659753
12.106879999710829 0.06694839929173191 0.17246968134263518
12.15939999970884 0.02285088094400589 0.06088386478249053
12.21090999970689 0.06658784702838427 0.17156030384219978
12.263429999704902 0.02319482561018671 0.06176150094030497
12.315949999702914 0.0661608236837189 0.1704833645716608
12.367459999700964 0.023541905725283585 0.06264603849175376
12.419979999698976 0.0658220021978132 0.16962879165685063
12.472499999696987 0.023954704597628163 0.06369698673418522
12.524009999695037 0.06548050697364571 0.1687674769280445
12.576529999693049 0.024281162226050035 0.06452817517988985
12.62904999969106 0.06507347690749099 0.1677409569259658
12.68055999968911 0.02461021832439858 0.06536597840348657
12.733079999687122 0.06475259979745118 0.1669316409486643
12.785599999685134 0.025003702078916112 0.06636774721361371
12.837109999683184 0.0644291596597183 0.16611586221821906
12.889629999681196 0.025312878078304842 0.0671549312169395
12.942149999679208 0.0640411883902331 0.16513740513182107
12.993659999677257 0.025624544658800378 0.06794845533001359
13.04617999967527 0.06373731052329246 0.16437096252287509
13.098699999673281 0.02599961457648947 0.06890333995059894
13.15020999967133 0.06343097576671064 0.16359832467772728
13.202729999669343 0.02629241833750706 0.06964883544531286
13.255249999667354 0.06306117297863789 0.1626656853666697
13.306759999665404 0.026587896358873268 0.07040040781399748
13.359279999663416 0.06277339857555797 0.16193985698166324
13.411799999661428 0.026946106559912142 0.07131059545358864
13.463309999659478 0.062483269049264045 0.16120808991559876
13.51582999965749 0.02722393932670941 0.07201659771922664
13.568349999655501 0.06213078637006619 0.16031912908320844
13.619859999653551 0.02750406456703125 0.07272842451698791
13.672379999651563 0.06185826645456738 0.1596317739127162
13.724899999649574 0.027845505830754735 0.07359599973103537
13.776409999647624 0.06158348901026944 0.1589387261278663
13.828929999645636 0.028108616779719986 0.07426458949908454
13.881449999643648 0.061247517942644825 0.158091405102867
13.932959999641698 0.02837392495106794 0.07493876184029302
13.98547999963971 0.06098944793994732 0.15744049416756
14.037999999637721 0.028699378993767732 0.07576571152418943
14.089509999635771 0.0607292140167589 0.1567841266664982
14.142029999633783 0.028948543957054818 0.07639886084226388
14.194549999631795 0.06040898399147942 0.15597650251363282
14.246059999629844 0.02919981479491285 0.0770373606769792
14.298579999627856 0.060164717754970454 0.1553601130789395
14.350089999625906 0.029452951385456557 0.07768060079902384
14.402609999623918 0.059918452893476186 0.15473849350020608
14.45512999962193 0.029745981019312584 0.07842515652043414
14.50663999961998 0.05967035114929531 0.15411223840725574
14.559159999617991 0.029983953545062225 0.079029862173563
14.611679999616003 0.05938222969619423 0.15338502426742728
14.663189999614053 0.0302237161657527 0.07963911588383388
14.715709999612065 0.05914900580829452 0.15279632133959886
14.768229999610076 0.030503532355801947 0.0803489312520167
14.819739999608126 0.05891401941116503 0.15220317053068477
14.872259999606138 0.030729293411595693 0.08092162278415804
14.92477999960415 0.058639348793047774 0.15150990449490642
14.9762899996022 0.030956774820546037 0.081498677681624
15.028809999600211 0.05841847832883217 0.15095238282700763
15.081329999598223 0.03122355200285465 0.08217536437477024
15.132839999596273 0.058195916823051246 0.1503905935943517
15.185359999594285 0.03143735844854678 0.08271772872054939
15.237879999592296 0.05793407248335525 0.14972969945196146
15.289389999590346 0.03165281529463815 0.0832642790084881
15.341909999588358 0.057724903921572035 0.14920171463220777
15.39442999958637 0.0319071385012516 0.08390937400385434
15.44593999958442 0.057514112997343214 0.14866963553098467
15.498459999582431 0.032109620428727226 0.08442300979634165
15.550979999580443 0.05726449938032874 0.1480396102689796
15.602489999578493 0.032313685547539994 0.0849406610697434
15.655009999576505 0.057066415368261625 0.1475396041149324
15.707529999574517 0.03255613253495748 0.08555563013454837
15.759039999572567 0.056866774992754165 0.14703567021149277
15.811559999570578 0.032747887031753686 0.08604205226871997
15.86407999956859 0.056628824168336804 0.14643508054358323
15.91558999956664 0.032941160144680515 0.0865323261065587
15.968109999564652 0.05644123974359461 0.14596157663651077
16.020629999562665 0.03317228192692845 0.08711856715992727
16.072139999560715 0.05625216238005048 0.14548430501980514
16.124659999558727 0.03335387478647478 0.08757921112003686
16.17717999955674 0.05602533274192988 0.14491178409535843
16.22868999955479 0.033536924218972475 0.08804354942626436
16.2812099995528 0.05584769365186303 0.14446338351825627
16.333729999550812 0.033757246324925605 0.08860239571165662
16.385239999548862 0.055668622572266346 0.14401136902670864
16.437759999546874 0.03392921367118551 0.08903862168814225
16.490279999544885 0.05545239760137466 0.14346561330141894
16.541789999542935 0.034102577980799076 0.08947839082522613
16.594309999540947 0.05528417870517688 0.14304099060920006
16.64682999953896 0.03431260164684724 0.0900111139423454
16.69833999953701 0.05511458638775301 0.14261290178946284
16.75085999953502 0.034475451475172725 0.09042421074241247
16.803379999533032 0.054908473475198886 0.14209266805255139
16.854889999531082 0.03463966494167814 0.09084070544596035
16.907409999529094 0.054749177226852797 0.14169056743835728
16.959929999527105 0.03484016837893433 0.09134851822081291
17.011439999525155 0.05458856383527222 0.14128514270734804
17.063959999523167 0.03499461321928965 0.09173970697951006
17.11647999952118 0.054392093166042536 0.1407892452717885
17.16798999951923 0.035150344657664534 0.09213415409238257
17.22050999951724 0.05424124817492327 0.140408476939613
17.273029999515252 0.03534146968497687 0.09261821331200126
17.324539999513302 0.05408914011462518 0.14002452093915263
17.377059999511314 0.03548772212290119 0.09298865101996512
17.429579999509325 0.053901863606997225 0.1395518289562525
17.481089999507375 0.03563520822301358 0.093362213016146
17.533609999505387 0.05375902327480731 0.13919126567663032
17.585119999503437 0.03578378732628318 0.09373854301328866
17.63763999950145 0.053614971827065205 0.13882764582706653
17.69015999949946 0.03595588319920828 0.09417440486949591
17.74166999949751 0.053469846858328125 0.1384613166796944
17.794189999495522 0.03609555878256743 0.09452818321497025
17.846709999493534 0.053301203344252375 0.13803565457370937
17.898219999491584 0.03623628348616359 0.09488461842943607
17.950739999489596 0.053164783364702546 0.13769129779585
18.003259999487607 0.03640035673234543 0.09530016094080329
18.054769999485657 0.053027332960612454 0.13734434047010247
18.10728999948367 0.0365326337942411 0.09563519927352493
18.15980999948168 0.0528665548021725 0.13693853012327617
18.21131999947973 0.036665917753695876 0.09597278754626126
18.263839999477742 0.052737363488998046 0.1366124197283658
18.316359999475754 0.03682233943626878 0.0963689505957599
18.367869999473804 0.052607183221455966 0.1362838134338129
18.420389999471816 0.036947608337452476 0.09668623774293783
18.472909999469827 0.052453906356004665 0.13589693602603647
18.524419999467877 0.037073843515062044 0.09700597195918537
18.57693999946589 0.052331562085338956 0.13558810877416505
18.6294599994639 0.03722296765993138 0.09738365226624746
18.68096999946195 0.052208276168353544 0.1352768863056797
18.733489999459962 0.037341598254669095 0.09768412510137159
18.786009999457974 0.052062290179778814 0.13490806524966148
18.837519999456024 0.037461156050196065 0.09798694604813418
18.890039999454036 0.05194653989658315 0.13461560854606258
18.942559999452047 0.037603320425289355 0.09834699914319511
18.994069999450097 0.051829879796825844 0.1343208534900886
19.04658999944811 0.037715663131983934 0.09863154530197482
19.09910999944612 0.051690710028974185 0.1339692524983116
19.15061999944417 0.03782889545521495 0.0989183443905195
19.203139999442183 0.051581096941694216 0.13369230175301894
19.255659999440194 0.03796442231725139 0.09926158650862549
19.307169999438244 0.05147061092519989 0.13341314582986374
19.359689999436256 0.038070809135513306 0.09953104696264203
19.412209999434268 0.051337941555294364 0.13307796706533148
19.463719999432318 0.038178049423954086 0.09980266880679212
19.51623999943033 0.051234141453217585 0.1328157031767918
19.56875999942834 0.03830724622520443 0.1001298786796001
19.62026999942639 0.05112950389855453 0.13255132372548273
19.672789999424403 0.03840799169601172 0.10038505017380128
19.725309999422414 0.05100303362666114 0.13223180604037266
19.776819999420464 0.03850955587770366 0.10064229503407018
19.829339999418476 0.05090473936143991 0.13198345302101178
19.881859999416488 0.03863271594312634 0.10095421561956419
19.933369999414538 0.05080564175918667 0.13173307061696837
19.98588999941255 0.03872811806230114 0.10119585299271927
20.03840999941056 0.050685083144303526 0.13142848787910388
20.08991999940861 0.0388243054720806 0.10143947909831974
20.142439999406623 0.05059200373681072 0.13119331058331074
20.194959999404634 0.03894170864497559 0.10173681919920519
20.246469999402684 0.050498153796251104 0.13095618676555176
20.298989999400696 0.03903204973173724 0.10196563757080002
20.351509999398708 0.050383232623885325 0.13066584624433775
20.403019999396758 0.039123143980154707 0.10219636330932591
20.45553999939477 0.05029509241793339 0.13044314823165148
20.50805999939278 0.039235057240011195 0.10247979913733385
20.55956999939083 0.050206213215394986 0.1302185833585101
20.612089999388843 0.03932060475571586 0.10269647598603049
20.663599999386893 0.05011667959307131 0.1299923652991919
20.716119999384905 0.03940687454930947 0.10291498199129778
20.768639999382916 0.050013205746267886 0.1297309457056084
20.820149999380966 0.03949378436145157 0.10313510880372023
20.872669999378978 0.04992903492235379 0.12951827693143958
20.92518999937699 0.03959455992438743 0.10339033580104573
20.97669999937504 0.049844235810798554 0.12930402098138005
21.02921999937305 0.03967626684248682 0.10359726692790172
21.081739999371063 0.04974558442729682 0.1290547847164869
21.133249999369113 0.03975868801096638 0.10380575399755454
21.185769999367125 0.049665873422596214 0.1288533840586803
21.238289999365136 0.03985489139720133 0.10404908532258839
21.289799999363186 0.049585559290781116 0.12865045978168732
21.342319999361198 0.03993236307213699 0.10424505251986904
21.39483999935921 0.04949150749125841 0.1284128437959553
21.44634999935726 0.04001042525844167 0.10444251321500841
21.49886999935527 0.049416020823253914 0.1282221163088737
21.551389999353283 0.04010214298841952 0.1046744986004211
21.602899999351333 0.04933995524959789 0.12802992638668576
21.655419999349345 0.040175509181998637 0.10486008068394392
21.707939999347357 0.04925029036248862 0.12780339341788016
21.759449999345406 0.04024944212287229 0.10504709616271368
21.811969999343418 0.049178804940481546 0.1276227754613557
21.86448999934143 0.04033688157752191 0.10526826017445146
21.91599999933948 0.049106763926274555 0.12744075395897392
21.96851999933749 0.04040635906606305 0.10544400551005806
22.021039999335503 0.04902128302388964 0.1272247913519986
22.072549999333553 0.04047638043238777 0.10562112640006838
22.125069999331565 0.048953587500043305 0.12705374894731447
22.177589999329577 0.0405597394968682 0.10583196957683061
22.229099999327627 0.04888535881957845 0.12688135967092729
22.28161999932564 0.040625533651735046 0.10599839768047348
22.33413999932365 0.04880386827586514 0.12667547826723524
22.3856499993217 0.040691849678837544 0.10616614568370597
22.43816999931971 0.04873976242741107 0.1265135055468547
22.490689999317723 0.04077131717097637 0.10636714563249106
22.542199999315773 0.048675145009077214 0.12635024048397447
22.594719999313785 0.040833622555147886 0.1065247486799703
22.647239999311797 0.04859746007618482 0.12615397355631996
22.698749999309847 0.040896428642458904 0.10668361808640059
22.75126999930786 0.048536754223671874 0.12600059128822227
22.80378999930587 0.040972184726805305 0.10687523052399506
22.85529999930392 0.0484755575681276 0.12584596913637336
22.907819999301932 0.04103118566288022 0.10702447478266874
22.960339999299944 0.048401501973133865 0.12565887136400944
23.011849999297993 0.041090666939665677 0.10717493390153265
23.064369999296005 0.048344016426319136 0.12551362555363044
23.116889999294017 0.04116288351796549 0.10735759364336461
23.168399999292067 0.04828606005070579 0.12536719031600585
23.22091999929008 0.041218754624947174 0.10749892083402601
23.27343999928809 0.048215465611281205 0.1251888368180354
23.32494999928614 0.041275086489574564 0.10764141335708466
23.377469999284152 0.04816103014409956 0.12505129738183962
23.429989999282164 0.04134392757759853 0.10781553527118293
23.481499999280214 0.04810614305828265 0.12491261704458134
23.534019999278225 0.041396834279174954 0.1079493638522333
23.586539999276237 0.04803884931320046 0.12474260244438318
23.638049999274287 0.041450182907644684 0.1080843101407547
23.6905699992723 0.04798730266896678 0.12461236195820957
23.74308999927031 0.04151580499182672 0.10825029004699616
23.79459999926836 0.04793532287730118 0.12448102723203736
23.847119999266372 0.041565903999549625 0.10837701643865438
23.898629999264422 0.04788295942492948 0.12434872329181168
23.951149999262434 0.041616426829301556 0.10850481474705687
24.003669999260445 0.047822366154976814 0.12419563728012228
24.055179999258495 0.04166732528742845 0.10863356306883842
24.107699999256507 0.04777314018428269 0.12407126040621108
24.16021999925452 0.0417264189800326 0.10878303002551659
24.21172999925257 0.047723545865424155 0.12394595299847211
24.26424999925058 0.041774265168256663 0.10890405766263989
24.316769999248592 0.047665776366009105 0.12380000099115884
24.368279999246642 0.04182247196294786 0.10902599732108831
24.420799999244654 0.047619158819495744 0.12368221461489526
24.473319999242666 0.04187881145215966 0.10916849795927774
24.524829999240715 0.047572187669916 0.12356353495283079
24.577349999238727 0.04192412230834053 0.10928311238000976
24.62986999923674 0.04751711148566917 0.12342438737420469
24.68137999923479 0.04196977930846879 0.10939860224538078
24.7338999992328 0.047472964618592184 0.1233128434745212
24.786419999230812 0.04202349184068177 0.10953445842025733
24.837929999228862 0.047428478344972436 0.1232004421510613
24.890449999226874 0.04206640123906169 0.10964299827188606
24.942969999224886 0.04737597098677504 0.12306778449948652
24.994479999222936 0.04210964285912455 0.10975237835653129
25.046999999220947 0.04733416430540294 0.12296215337419536
25.09951999921896 0.042160849862333816 0.10988189720591013
25.15102999921701 0.04729203188297104 0.12285569934594731
25.20354999921502 0.04220148463254225 0.10998468331313571
25.256069999213032 0.047241974558510536 0.12272923150890014
25.307579999211082 0.042242438223868306 0.1100882757634647
25.360099999209094 0.047202384439041345 0.12262920081412831
25.412619999207106 0.04229125556998492 0.11021175037219111
25.464129999205156 0.04716248173096027 0.1225283804402455
25.516649999203167 0.04232973586502664 0.11030908667214456
25.56916999920118 0.047114761086854307 0.12240781604819784
25.62067999919923 0.04236852208651731 0.11040719670272203
25.67319999919724 0.04707727041561671 0.12231308988522871
25.725719999195253 0.04241506034316522 0.110524906736853
25.777229999193302 0.04703947981110157 0.12221760601220932
25.829749999191314 0.04245149999057907 0.11061708116369973
25.882269999189326 0.046993987686783645 0.12210267181190781
25.933779999187376 0.04248823315797534 0.11070999794455805
25.986299999185388 0.0469584855181614 0.12201296986744659
26.0388199991834 0.042532597827517726 0.11082221025976446
26.09032999918145 0.04692269559169848 0.12192254097075361
26.14284999917946 0.042567104660914845 0.11090949558624219
26.195369999177473 0.04687932878372658 0.12181297623197196
26.246879999175523 0.042601893079479924 0.11099749308215445
26.299399999173534 0.046845710015704145 0.12172803295670276
26.351919999171546 0.04264418483000754 0.11110446230461202
26.403429999169596 0.04681181520180788 0.12164239231531315
26.455949999167608 0.04267686100366741 0.11118711693671735
26.50846999916562 0.046770475239956144 0.12153794826662567
26.55997999916367 0.04270980728407425 0.11127045470749053
26.61249999916168 0.04673864030810981 0.12145751210097533
26.665019999159693 0.04275012216614038 0.11137242378332912
26.716529999157743 0.046706540594307455 0.12137640702339914
26.769049999155754 0.042781064453527695 0.11145069251361495
26.821569999153766 0.04666713352652052 0.12127684630605096
26.873079999151816 0.042812265809106576 0.11152961646569981
26.925599999149828 0.04663698811281214 0.12120067894552111
26.977109999147878 0.04284369656218334 0.11160912058848504
27.02962999914589 0.046606588747977074 0.12112387003402336
27.0821499991439 0.04287999554314181 0.11170093192116592
27.13365999914195 0.04657596439336387 0.12104649274176094
27.186179999139963 0.042909544074008044 0.11177567502624886
27.238699999137975 0.04654047969191 0.12095684188450084
27.290209999136025 0.0429393128553931 0.11185097516954734
27.342729999134036 0.04651169091176266 0.1208841023408902
27.395249999132048 0.04297392065296479 0.11193850896685786
27.446759999130098 0.046482686123799244 0.12081081710639818
27.49927999912811 0.04300190361308587 0.11200929193778686
27.55179999912612 0.04644885512223362 0.1207253442142342
27.60330999912417 0.04303009801525859 0.11208060967015099
27.655829999122183 0.04642159188563333 0.12065645917299639
27.708349999120195 0.0430630927252138 0.1121640634619836
27.759859999118245 0.04639412129094955 0.12058705029104333
27.812379999116256 0.04308959277780866 0.1122310953990735
27.864899999114268 0.04636186759623806 0.1205055623660245
27.916409999112318 0.04311629579029941 0.11229864064654649
27.96892999911033 0.046336049338583596 0.12044032827273066
28.02144999910834 0.04314775194010867 0.11237820293836798
28.07295999910639 0.04631003205072759 0.12037459137621553
28.125479999104403 0.04317284739704241 0.11244168193458304
28.177999999102415 0.04627928276156279 0.12029690424048001
28.229509999100465 0.043198137649123725 0.11250565359152143
28.282029999098476 0.046254833159699804 0.12023512825541927
28.334549999096488 0.043228126357785834 0.11258150426672886
28.386059999094538 0.04623019254398886 0.12017286971811592
28.43857999909255 0.043251891408895404 0.11264161798782979
28.49109999909056 0.04620087809452689 0.12009880762102743
28.54260999908861 0.043275843396726854 0.11270220449536295
28.595129999086623 0.04617772484395155 0.12004030705866642
28.647649999084635 0.04330443253127281 0.11277451521137793
28.699159999082685 0.046154388294573634 0.11998134343325084
28.751679999080697 0.04332693746031702 0.11283144144270674
28.80419999907871 0.046126442302406145 0.11991073866769453
28.85570999907676 0.04334962176367041 0.11288882133442257
28.90822999907477 0.04610451690615547 0.11985534046288215
28.96074999907278 0.04337687608373331 0.11295775589148516
29.01225999907083 0.04608241563504556 0.11979949794923561
29.064779999068843 0.04339818747374047 0.11301166305672794
29.117299999066855 0.04605577475856215 0.11973219048757588
29.168809999064905 0.04341967096210009 0.11306600548119938
29.221329999062917 0.04603501232763796 0.11967973069015869
29.27384999906093 0.043445652261240086 0.11313172017310968
29.32535999905898 0.0460140811643438 0.11962684462692996
29.37787999905699 0.043465833188674696 0.11318276782638081
29.430399999055002 0.04598868496377473 0.11956268177486518
29.48190999905305 0.04348617921506592 0.11323423303630786
29.534429999051063 0.0459690240275914 0.11951300507136997
29.586949999049075 0.04351094645596565 0.11329687700030178
29.638459999047125 0.04594920122883139 0.1194629194573138
29.690979999045137 0.04353005667435361 0.1133452162887516
29.74349999904315 0.04592499203628875 0.11940175552118681
29.7950099990412 0.04354932525940669 0.11339395610697744
29.84752999903921 0.04590637436247136 0.11935471478055071
29.900049999037222 0.043572934700115584 0.11345367163735354
29.951559999035272 0.04588760143388304 0.1193072818215124
30.004079999033284 0.043591030814835285 0.11349944574604587
30.056599999031295 0.04586452422639986 0.1192489777917527
30.108109999029345 0.04360927882265975 0.11354560401263258
30.160629999027357 0.04584689465204994 0.1192044336376874
30.212139999025407 0.04362766135783558 0.11359210251198348
30.26465999902342 0.04582911617614016 0.11915951331545882
30.31717999902143 0.04364891977380714 0.11364587144373495
30.36868999901948 0.04581120574841524 0.11911425964842293
30.421209999017492 0.04366620107601227 0.11368958442783406
30.473729999015504 0.045790424725862366 0.11906175696378973
30.525239999013554 0.043683611539521494 0.11373362407371967
30.577759999011565 0.04577358820179911 0.1190192166274251
30.630279999009577 0.043703879432610004 0.11378488767617156
30.681789999007627 0.04575662499652866 0.11897635626033631
30.73430999900564 0.04372024506651917 0.11382628447637044
30.78682999900365 0.04573681249557948 0.11892630049691322
30.8383399990017 0.04373673469439143 0.11386799487126398
30.890859998999712 0.045720868185578856 0.1188860144774595
30.943379998997724 0.04375605780943714 0.11391686884708596
30.994889998995774 0.04570480226965545 0.11884542124884767
31.047409998993786 0.04377155612665118 0.11395607177133726
31.099929998991797 0.04568591354788132 0.1187976993686668
31.151439998989847 0.04378717346152472 0.11399557570330732
31.20395999898786 0.04567081433178899 0.11875954861086946
31.25647999898587 0.043805595451635426 0.11404217046497855
31.30798999898392 0.0456555983966328 0.11872110298909444
31.360509998981932 0.04382027225845575 0.11407929537915473
31.413029998979944 0.04563759075637708 0.11867560712008896
31.464539998977994 0.043835063292972265 0.1141167091882167
31.517059998976006 0.04562329199539428 0.11863947883841153
31.569579998974017 0.04385262581626792 0.11416113010194184
31.621089998972067 0.045608881219083686 0.11860306757558448
31.67360999897008 0.04386652450721318 0.11419628677442617
31.72612999896809 0.045591713916202314 0.1185596947806955
31.77763999896614 0.0438805328153814 0.11423172068097953
31.830159998964152 0.045578173321972115 0.11852548212835101
31.882679998962164 0.043897275624638854 0.1142740682930965
31.934189998960214 0.04556452523878196 0.11849099792747841
31.986709998958226 0.04391043730949684 0.11430736070980885
32.03922999897017 0.04554815939377255 0.11844964998029006
32.09073999898652 0.04392370417519342 0.11434091914136468
32.14325999900319 0.045535336904509505 0.11841725173473705
32.19577999901986 0.043939665202579414 0.11438128939437187
32.24728999903621 0.04552241128218293 0.1183845929454086
32.29980999905288 0.04395212882637889 0.11441281606814346
32.35232999906955 0.04550680979556454 0.11834517611788442
32.4038399990859 0.043964693362748775 0.11444459796227102
32.456359999102574 0.04549466746033681 0.11831449639081448
32.508879999119245 0.043979908803176815 0.1144830824045373
32.560389999135595 0.0454824261823934 0.1182835667062121
32.612909999152265 0.04399171125929546 0.11451293665689644
32.665429999168936 0.04546756813155639 0.11824599156503579
32.716939999185286 0.04400361052200885 0.11454303574556235
32.769459999201956 0.04545608275506752 0.11821693951845624
32.82197999921863 0.044018114912097284 0.11457972172860265
32.87348999923498 0.045444502572018264 0.11818764769646606
32.92600999925165 0.044029291150696204 0.11460799196644222
32.97852999926832 0.04543034096090748 0.11815182890930753
33.03003999928467 0.04404056024686487 0.11463649705317769
33.08255999930134 0.04541946505208072 0.11812431849257399
33.13507999931801 0.044054386539319035 0.11467146792588645
33.18658999933436 0.04540849820870696 0.11809657809277452
33.23910999935103 0.04406496966865392 0.11469823789651556
33.2916299993677 0.04539499881868758 0.11806243424046237
33.34313999938405 0.04407564185793311 0.11472523311117921
33.39565999940072 0.04538470015014273 0.1180363839357379
33.44716999941707 0.04408639294322203 0.11475242786106454
33.49968999943374 0.0453743142700076 0.11801011306359355
33.55220999945041 0.044098842876292954 0.11478391743215965
33.60371999946676 0.045363851087356855 0.11798364668769157
33.65623999948343 0.0441089496686512 0.11480948247984957
33.7087599995001 0.045351694431001954 0.1179528990527201
33.76026999951645 0.044119132208703005 0.11483523910101878
33.81278999953312 0.04534185884209141 0.11792802012502435
33.865309999549794 0.04413100199206277 0.11486526130435326
33.916819999566144 0.04533194904052129 0.11790295350739832
33.969339999582814 0.04414057323959031 0.11488947169626673
34.021859999599485 0.04532035900174258 0.11787363899831149
34.073369999615835 0.04415021720245671 0.11491386599179476
34.125889999632506 0.045311044646069276 0.11785007851430329
34.178409999649176 0.04416153363127284 0.11494248860145495
34.229919999665526 0.045301659053100796 0.11782633786485697
34.2824399996822 0.044170597614896834 0.11496541587319165
34.33495999969887 0.04529060945374774 0.11779839027111771
34.38646999971522 0.04417973139391451 0.11498851966459389
34.43898999973189 0.045281788803140044 0.11777607859908557
34.49150999974856 0.044190520038729364 0.11501580735474581
34.54301999976491 0.045272899779243314 0.11775359400463259
34.59553999978158 0.04419910355005652 0.11503751927575134
34.64805999979825 0.045262365637831925 0.11772695014242718
34.6995699998146 0.04420775404616817 0.11505940060934083
34.75208999983127 0.04525401261361428 0.11770582131775953
34.80460999984794 0.044218039308458135 0.11508541509899217
34.85611999986429 0.04524559397251704 0.11768452654183914
34.90863999988096 0.044226167728900645 0.11510597587199856
34.96115999989763 0.045235551450903744 0.11765912611868545
35.01266999991398 0.04423436042955564 0.11512669921742713
35.06518999993065 0.04522764134678103 0.11763911764874901
35.11770999994732 0.04424416559451738 0.11515149940185543
35.16921999996367 0.045219668279462 0.11761894993820299
35.22173999998034 0.044251862968617384 0.1151709698470671
35.274259999997014 0.045210094630493414 0.11759473542013454
35.325770000013364 0.04425962202007405 0.11519059628174455
35.378290000030034 0.04520260404246934 0.11757578810347447
35.430810000046705 0.04426896930642943 0.11521423835745281
35.482320000063055 0.045195053043967204 0.11755668800346175
35.534840000079726 0.044276258413192715 0.11523267609461207
35.587360000096396 0.045185926561619905 0.11753360449064942
35.638870000112746 0.044283606692731015 0.11525126348562731
35.69139000012942 0.04517883331750616 0.11751566224501575
35.74391000014609 0.04429251730150152 0.11527380107639873
35.79542000016244 0.04517168211876621 0.11749757342658373
35.84794000017911 0.04429941971933071 0.11529126068814399
35.90046000019578 0.045162982092471715 0.11747556853849428
35.95197000021213 0.04430637890131495 0.11530886386318384
36.0044900002288 0.04515626518886584 0.11745857823661776
36.05701000024547 0.04431487306227544 0.11533034813597798
