0.001020000000000002 0.4775025698646752 1.191399686509742
0.07879000000000215 0.26175295702532175 0.6851542967639235
0.15959000000001883 0.4517462167633031 1.1426552522927902
0.2363500000000956 0.25279554653366376 0.6536910510000049
0.3161400000001754 0.436483756707384 1.100420964129234
0.39391000000025317 0.24222881397258253 0.6302743614276185
0.47269000000033196 0.42285159271028616 1.0620652205972414
0.551470000000125 0.2320615808275851 0.606843083635733
0.6302499999997665 0.40948814979424664 1.0265828781712671
0.7080199999994126 0.2228931946047277 0.5843508456303326
0.786799999999054 0.3975536434084298 0.9953846873229977
0.8655799999986955 0.2136090611698227 0.561471902905597
0.944359999998337 0.3858461680944689 0.9647303596885259
1.0221299999982287 0.2050580791986163 0.5404773451714306
1.1009099999987448 0.37541420779728996 0.9373795110306671
1.179689999999261 0.19629996768965097 0.5188827022035603
1.2574599999997704 0.3654967304855171 0.9114515558141911
1.3362400000002865 0.18834393556349693 0.49921959940280036
1.4150200000008026 0.3556434447435064 0.8857711003146029
1.4927900000013121 0.18059430578029023 0.48001228583951505
1.5715700000018282 0.3467667798742059 0.8626481689960719
1.6503500000023443 0.17263566551375376 0.4602286423778579
1.7281200000028538 0.33826834957190677 0.8405439740275633
1.80690000000337 0.16542653669703977 0.442295358389444
1.8846700000038794 0.33012020427176425 0.8193788161446669
1.9634500000043955 0.15841598039519478 0.42482723267430744
2.0422300000049116 0.3219467899761522 0.7981846717083463
2.120000000005421 0.15160395843206786 0.4078314322481402
2.198780000005937 0.3145142735348593 0.7789111961186146
2.2765500000064467 0.1449888827160204 0.3913103512040217
2.355330000006963 0.30735524746994547 0.7603601032444396
2.434110000007479 0.13824203685360803 0.37444222291201923
2.5118800000079884 0.3004555838359505 0.7424929971239336
2.5906600000085045 0.13208033797804763 0.3590294428002627
2.668430000009014 0.2938024180509897 0.7252755137102107
2.74721000000953 0.1260949574061403 0.34404405813369676
2.825990000010046 0.2870563240106645 0.7078384627696166
2.9037600000105557 0.12028188502501624 0.3294777027828433
2.982540000011072 0.28091816074083575 0.6919723655605448
3.0603100000115813 0.11463702145800736 0.31532208108613347
3.1390900000120974 0.2749864312523165 0.6766478251041153
3.216860000012607 0.10915641999137415 0.3015693139662212
3.295640000013123 0.26925180650099867 0.661838700272066
3.374420000013639 0.1035357314292441 0.28744720514226607
3.4521900000141486 0.26370296930867154 0.6475154192046806
3.5309700000146647 0.09841514920327234 0.27458398371137394
3.608740000015174 0.2583306507598492 0.6336521080287927
3.6875200000156902 0.09344109256551114 0.2620845790330617
3.7652900000161997 0.25312694098300936 0.6202274055528423
3.844070000016716 0.08860927228240523 0.24993901261186613
3.9218400000172253 0.2480837720509933 0.6072195426111038
4.0006200000177135 0.08391545783041976 0.23813700930518378
4.079400000014731 0.2429272158381156 0.5939446364383483
4.157170000011787 0.07935583283429848 0.22666953305779947
4.235950000008804 0.23821822334109613 0.5818025697740814
4.31372000000586 0.07492688641500889 0.2155280260133785
4.392500000002878 0.2336493772485747 0.5700237571258593
4.470269999999934 0.07062514455758095 0.20470400896072105
4.549049999996951 0.22921571259274398 0.5585954283883865
4.626819999994007 0.06644699281123434 0.1941887976034895
4.7055999999910245 0.22491354991399037 0.5475086585293387
4.78336999998808 0.062388525442843346 0.18397254062847423
4.862149999985098 0.22073944555058322 0.536755413593204
4.939919999982154 0.05844613390025055 0.1740456743469565
5.018699999979171 0.21668979393267776 0.5263258701883267
5.097479999976189 0.05440690106432122 0.16385702049492856
5.175249999973245 0.21276127032474013 0.516210770284764
5.254029999970262 0.050707479650499154 0.15453635275920474
5.331799999967318 0.2089499009516138 0.5064017943303245
5.410579999964336 0.04711277860541596 0.14547613917440527
5.488349999961391 0.20525233208224866 0.49689030509868504
5.567129999958409 0.04361994710923589 0.13666915662642332
5.644899999955465 0.20166459872600329 0.4876655004453556
5.723679999952482 0.04022599026805196 0.12810831268743605
5.801449999949538 0.19818312733253773 0.4787174579558018
5.880229999946556 0.0369280696082136 0.11978692639100785
5.9579999999436115 0.19480453077614124 0.4700370400073539
6.036779999940629 0.03372362843697507 0.11169887660658073
6.114549999937685 0.1915254301594267 0.46161507794426626
6.1933299999347025 0.030610090900286546 0.10383807400727862
6.27210999993172 0.18816454201651367 0.45299521230920403
6.349879999928776 0.027629428403232903 0.0961983200698513
6.428659999925793 0.185087474919292 0.4450945158445019
6.506429999922849 0.024868563744529615 0.08877329856239458
6.585209999919867 0.18209815854956946 0.4374199620865604
6.662979999916923 0.022259348923187816 0.08155654024140091
6.74175999991394 0.17919345219505411 0.4299631265022752
6.819529999910996 0.019833439695879695 0.07454164910367655
6.8983099999080135 0.17637026028357927 0.4227157578495011
6.976079999905069 0.01761248301832541 0.06772225459151793
7.054859999902087 0.17362557729419625 0.415669858663692
7.132629999899143 0.015583645734246754 0.06109190093952499
7.21140999989616 0.17095774495888572 0.408818821059298
7.289179999893216 0.013761102459979078 0.0546440185890229
7.367959999890234 0.16836390135605928 0.40215784164204793
7.4457299998872895 0.012161904849146588 0.04837234720104222
7.524509999884307 0.16584200317884046 0.39568217607365286
7.602279999881363 0.010785607350465964 0.04227110791169553
7.68105999987838 0.16338998217719003 0.3893866959355119
7.758829999875436 0.009665498084996615 0.03633492496621926
7.837609999872454 0.16100581510160006 0.3832662468892356
7.916389999869471 0.008791463491555351 0.030228250082753316
7.994159999866527 0.15868767554645802 0.37731620884743355
8.072939999863545 0.008287116502928571 0.024631824128817925
8.1507099998606 0.1564338229382325 0.3715322423067269
8.229489999857618 0.008097303069189987 0.01918481085974033
8.307259999854674 0.1542425485105514 0.36591008293664906
8.386039999851691 0.008250752025138253 0.013882881893600985
8.463809999848747 0.15211207021236495 0.3604451574753531
8.542589999845765 0.008801494485326411 0.008722049573040014
8.62035999984282 0.1500404766375033 0.3551323724269251
8.699139999839838 0.009844486169789723 0.0036985164420744177
8.776909999836894 0.14802621968147023 0.34996767876845913
8.855689999833912 0.011506069977149092 0.001191446919313055
8.933459999830967 0.14606794841001436 0.34494770134052555
9.012239999827985 0.013372467278179867 0.005951380642865711
9.09000999982504 0.14416421298642013 0.3400687920270484
9.168789999822058 0.01518858646155985 0.010584606972119381
9.246559999819114 0.14231347679461515 0.33532697140904455
9.325339999816132 0.016956286919256214 0.015094179393904117
9.403109999813188 0.14051430358065087 0.33071837323643827
9.481889999810205 0.018677838446079176 0.01948278933893155
9.559659999807261 0.13876533223602106 0.3262392105982892
9.638439999804278 0.020352459360593378 0.023752862740145098
9.717219999801296 0.13697487555790266 0.321653517244358
9.794989999798352 0.02198112145109299 0.02790663914662428
9.87376999979537 0.13533025156368472 0.3174409576344517
9.951539999792425 0.0235646734543683 0.03194609754202382
10.030319999789443 0.13373218816275878 0.31334811826290165
10.108089999786499 0.025104004879764497 0.035873333502922655
10.186869999783516 0.13217957242907685 0.3093720114816456
10.264639999780572 0.02660006505771439 0.03969060102742006
10.34341999977759 0.13067126020648945 0.3055095771953287
10.421189999774645 0.02805384050844717 0.04340025581247575
10.499969999771663 0.12920607010179186 0.3017576553645984
10.577739999768719 0.029466344343288205 0.047004728063981815
10.656519999765736 0.12778278155830103 0.2981129652415704
10.734289999762792 0.030839087678139365 0.05050651154243635
10.81306999975981 0.12640020827390874 0.2945723514381715
10.890839999756865 0.03217381878290848 0.05390824234885461
10.969619999753883 0.12505719094588696 0.29113280029887667
11.047389999750939 0.03347050778562144 0.057212864351607884
11.126169999747956 0.12375258905789033 0.287791432701634
11.203939999745012 0.034730347800882355 0.060423480101745586
11.28271999974203 0.12248528047057838 0.28454547515356365
11.360489999739086 0.03595448129617118 0.06354308154512545
11.439269999736103 0.12125415938379959 0.28139218893021845
11.51804999973312 0.03721074197945251 0.06674551306901089
11.595819999730177 0.120058134448913 0.27832885857792533
11.674599999727194 0.03836221127486894 0.06968006716265851
11.75236999972425 0.11889610570617647 0.2753527356402552
11.831149999721267 0.03948141698987562 0.0725324807505312
11.908919999718323 0.1177669938021303 0.2724611040332503
11.98769999971534 0.04056948517318226 0.07530567179628855
12.065469999712397 0.11666975110487254 0.26965132388275803
12.144249999709414 0.04162748175295328 0.07800242445271666
12.22201999970647 0.11560336450763631 0.2669208607026019
12.300799999703488 0.042656359508551955 0.08062523045954118
12.378569999700543 0.11456687384586817 0.26426728901166596
12.457349999697561 0.043657001679373586 0.08317637265782274
12.535119999694617 0.11355937159335673 0.2616882910425278
12.613899999691634 0.04463023866813576 0.08565797405184483
12.69166999968869 0.11257999570175271 0.2591816505614686
12.770449999685708 0.045576857912813074 0.0880720324428208
12.848219999682764 0.11162792267154698 0.25674524258223475
12.926999999679781 0.0464979104003298 0.09042044462106436
13.004769999676837 0.11070236183407356 0.25437702008905827
13.083549999673854 0.0473944500517397 0.09270502360040345
13.16131999967091 0.10980254999041494 0.25207500074068134
13.240099999667928 0.04826651467493981 0.094927507431386
13.317869999664984 0.1089281748955736 0.24983724978617783
13.396649999662001 0.049114776530130966 0.09708956055951568
13.475429999659019 0.10802964752143075 0.24753909479563463
13.553199999656075 0.0499398869295703 0.0991927883500332
13.631979999653092 0.10720630736509439 0.24543208303493547
13.709749999650148 0.05074247674990685 0.10123874956855516
13.788529999647166 0.10640570652368331 0.243383404819153
13.866299999644221 0.05152315762573467 0.10322896629030298
13.945079999641239 0.10562720196355534 0.24139138061523013
14.022849999638295 0.052282522601265424 0.10516492529728527
14.101629999635312 0.10487017312555734 0.23945439831456472
14.179399999632368 0.0530211473050296 0.10704807590156129
14.258179999629386 0.10413402036228958 0.23757090512116497
14.335949999626441 0.053739590701433526 0.10887982904579374
14.414729999623459 0.10341816367536392 0.23573940236049085
14.492499999620515 0.05443839549824869 0.11066155727741389
14.571279999617532 0.1027220417425625 0.23395844195687188
14.649049999614588 0.05511808844059218 0.11239459466518831
14.727829999611606 0.10204511123935078 0.23222662414241757
14.805599999608662 0.05577918045740993 0.11408023658430189
14.88437999960568 0.10138684646316232 0.23054259674460953
14.962149999602735 0.05642216635531294 0.11571973872620545
15.040929999599753 0.10074673919831391 0.2289050542855109
15.118699999596808 0.057047523183862636 0.11731431375527901
15.197479999593826 0.10012429931282585 0.22731273805699503
15.275249999590882 0.05765571629716714 0.11886514544581228
15.3540299995879 0.09951905184629073 0.22576442831361287
15.431799999584955 0.05824719838258774 0.12037338366082118
15.510579999581973 0.09893053377981542 0.22425893306957656
15.58935999957899 0.05885432305456528 0.12192185204551453
15.667129999576046 0.09835829006064045 0.22279507398603737
15.745909999573064 0.059411531654776195 0.12334268861610154
15.82367999957012 0.09780188517593856 0.22137172504836933
15.902459999567137 0.05995340690291284 0.12472441823797586
15.980229999564193 0.0972609024945198 0.21998781544596557
16.059009999561212 0.06048034681831693 0.1260680554050042
16.136779999558268 0.09673493474628514 0.21864230383618066
16.215559999555285 0.06099274039380153 0.12737459457089484
16.29332999955234 0.09622358421135746 0.21733417550642287
16.37210999954936 0.061490968756243936 0.1286450115006499
16.449879999546415 0.0957264626722587 0.2160624416330581
16.528659999543432 0.06197540512027943 0.12988026306607336
16.606429999540488 0.09524319126147884 0.21482613890236868
16.685209999537506 0.06244641468710854 0.13108128679223396
16.76297999953456 0.09477340042942595 0.21362432923747177
16.84175999953158 0.06290435463556987 0.13224900068327106
16.919529999528635 0.09431673004029129 0.2124560998498337
16.998309999525652 0.06334957419016585 0.13338430342166863
17.076079999522708 0.09387282973026545 0.21132056437580538
17.154859999519726 0.06378241468690693 0.1344880740498655
17.23262999951678 0.09344136052531882 0.21021686819734375
17.3114099995138 0.06420326799371479 0.13556117304660553
17.389179999510855 0.09302199273158662 0.20914417984890799
17.467959999507872 0.06461270272398967 0.1366044407381528
17.54673999950489 0.09259211868140838 0.20804514073889946
17.624509999501946 0.0650107233235625 0.1376186897720566
17.703289999498963 0.09219753922938012 0.20703596082175535
17.78105999949602 0.0653976369965279 0.13860470599101893
17.859839999493037 0.09181403929142795 0.20605518868407335
17.937609999490093 0.0657737436035617 0.13956325285574556
18.01638999948711 0.09144131796882526 0.205102053228301
18.094159999484166 0.06613933565799124 0.14049507347436707
18.172939999481184 0.09107908133787268 0.2041758001218419
18.25070999947824 0.06649469838303435 0.14140089147884893
18.329489999475257 0.09072704245733454 0.20327569209666052
18.407259999472313 0.06684010987007039 0.14228141157550667
18.48603999946933 0.09038492128433406 0.20240100880593026
18.563809999466386 0.06717584128363674 0.1431373205636688
18.642589999463404 0.09005244449808314 0.20155104649035582
18.72035999946046 0.06750215701225326 0.1439692873484888
18.799139999457477 0.08972934517716913 0.20072511717216246
18.876909999454533 0.06781931468456082 0.14477796207942317
18.95568999945155 0.08941536197418276 0.19992254580313285
19.033459999448606 0.06812756561476374 0.14556397823325407
19.112239999445624 0.08911023995599299 0.19914267302173494
19.19000999944268 0.06842715492175355 0.14632795363298534
19.268789999439697 0.08881373180626995 0.19838485999414956
19.347569999436715 0.06873454416578206 0.14711184708077196
19.42533999943377 0.0885255971759259 0.1976484872056372
19.504119999430788 0.06901638876286642 0.14783064621987085
19.581889999427844 0.0882456023785072 0.19693295317164683
19.66066999942486 0.06929031955626774 0.14852929777715573
19.738439999421917 0.0879735201523888 0.19623767338574627
19.817219999418935 0.06955655494400026 0.14920835518087427
19.89498999941599 0.08770912944670706 0.19556207964178673
19.97376999941301 0.06981530754533982 0.14986835748823646
20.051539999410064 0.08745221523735436 0.19490561947311802
20.13031999940708 0.07006678433849556 0.15050982966606785
20.208089999404137 0.08720256836022322 0.19426775567995547
20.286869999401155 0.07031118679591963 0.15113328290616845
20.36463999939821 0.08695998534968985 0.19364796590051192
20.44341999939523 0.07054871102032934 0.15173921495102993
20.521189999392284 0.08672426828810786 0.19304574222522852
20.5999699993893 0.07077954787389873 0.15232811040400973
20.677739999386358 0.08649522465671033 0.1924605908108834
20.756519999383375 0.07100388311354788 0.15290044106162082
20.83428999938043 0.08627266719532778 0.1918920315168826
20.91306999937745 0.07122189751918129 0.15345666623507448
20.990839999374504 0.08605641375573791 0.1913395975184251
21.069619999371522 0.07143376702518744 0.15399723307600865
21.147389999368578 0.08584628715351028 0.19080283489526506
21.226169999365595 0.07163966285204348 0.1545225769053693
21.304949999362613 0.08563109591907314 0.1902533247413296
21.38271999935967 0.07183975163907663 0.15503312152375104
21.461499999356686 0.08543349597386873 0.18974859195453053
21.539269999353742 0.07203419559156998 0.15552927954264328
21.61804999935076 0.08524148419676292 0.18925815143299163
21.695819999347815 0.07222315273555602 0.15601145294150687
21.774599999344833 0.08505490325870324 0.18878160069583094
21.85236999934189 0.0724067769565373 0.15648003315892334
21.931149999338906 0.08487373142461796 0.1883185470563764
22.008919999335962 0.07258521763722725 0.15693540055740085
22.08769999933298 0.0846976856754661 0.18786860905828373
22.165469999330035 0.07275861980707987 0.15737792390346783
22.244249999327053 0.08452662095323016 0.1874314162559898
22.32201999932411 0.07292712438490123 0.15780796138705755
22.400799999321126 0.08436039709163135 0.1870066088395128
22.478569999318182 0.07309086837296686 0.15822586131375438
22.5573499993152 0.0841988779050944 0.18659383728634182
22.635119999312256 0.07324998497387714 0.15863196239841448
22.713899999309273 0.084041931059046 0.18619276206026658
22.79166999930633 0.07340460369668844 0.15902659405292452
22.870449999303347 0.08388942794603471 0.1858030532987498
22.948219999300402 0.07355485046112908 0.15941007664810325
23.02699999929742 0.08374124357416002 0.18542439050208692
23.105779999294437 0.07370880937776292 0.1598030113274973
23.183549999291493 0.08359725645962857 0.18505646224542538
23.26232999928851 0.07385011018559007 0.16016367702225143
23.340099999285567 0.08345734852195807 0.1846989658950693
23.418879999282584 0.07398742189420471 0.16051416839122368
23.49664999927964 0.08332140498570939 0.18435160734363576
23.575429999276658 0.07412085606323882 0.16085476947638178
23.653199999273713 0.0831893142865957 0.18401410076658298
23.73197999927073 0.0742505211746628 0.16118575652399603
23.809749999267787 0.08306096797729523 0.18368616836845764
23.888529999264804 0.07437652271422679 0.1615073981831583
23.96629999926186 0.08293626064178283 0.1833675401566981
24.045079999258878 0.07449896325379668 0.16181995571575847
24.122849999255934 0.0828150898069403 0.18305795371316158
24.20162999925295 0.07461794253145371 0.16212368319256099
24.279399999250007 0.08269735586213078 0.18275715397789716
24.358179999247024 0.0747335575290824 0.16241882768578408
24.43594999924408 0.08258296198080606 0.18246489304730718
24.514729999241098 0.07484590254541623 0.1627056294561391
24.592499999238154 0.08247181403735049 0.18218092995999635
24.67127999923517 0.07495506927107276 0.1629843221404026
24.749049999232227 0.08236382053797786 0.1819050305097103
24.827829999229245 0.07506114685684295 0.16325513291677307
24.906609999226262 0.08225312609379809 0.1816223023828889
24.984379999223318 0.07516422198660144 0.16351828269494106
25.063159999220336 0.08215158579866533 0.18136289532862948
25.14092999921739 0.07526437894110694 0.1637739862750509
25.21970999921441 0.08205292195657632 0.1811108405981643
25.297479999211465 0.07536169966547901 0.16402245251493364
25.376259999208482 0.08195705359767325 0.1808659309808669
25.454029999205538 0.07545626383293724 0.16426388449575224
25.532809999202556 0.0818639020101728 0.1806279650627851
25.61057999919961 0.0755481489050126 0.16449847967293652
25.68935999919663 0.08177339067746525 0.1803967470618617
25.767129999193685 0.07563743019552716 0.16472643003758725
25.845909999190702 0.08168544521893728 0.1801720866736911
25.92367999918776 0.07572418092487299 0.16494792225476562
26.002459999184776 0.08159999332839751 0.17995379891107
26.08022999918183 0.07580847228250076 0.16516313782191094
26.15900999917885 0.08151696471822956 0.17974170396365396
26.236779999175905 0.07589037347864636 0.16537225319707138
26.315559999172923 0.08143629106132244 0.17953562704812187
26.39332999916998 0.07596995180170085 0.16557543994941692
26.472109999166996 0.08135790593945214 0.17933539827182932
26.54987999916405 0.07604727267176659 0.165772864887892
26.62865999916107 0.08128174478747463 0.17914085249234324
26.707439999158087 0.0761265579857332 0.1659752787657287
26.785209999155143 0.08120774483995108 0.17895182917571084
26.86398999915216 0.0761992593215921 0.166160912711677
26.941759999149216 0.08113584508017924 0.1787681722675183
27.020539999146234 0.07626990212446749 0.1663412921451446
27.09830999914329 0.08106598619339112 0.178589730071832
27.177089999140307 0.07633854431909182 0.16651656478298138
27.254859999137363 0.08099811052586436 0.1784163551447171
27.33363999913438 0.07640524221631184 0.16668687422680684
27.411409999131436 0.0809321620363731 0.17824790416921532
27.490189999128454 0.07647005056308498 0.1668523600885652
27.56795999912551 0.08086808625261765 0.1780842378469094
27.646739999122527 0.0765330225826063 0.1670131580964962
27.724509999119583 0.08080583022408605 0.17792522077518802
27.8032899991166 0.07659421001924882 0.16716940021270776
27.881059999113656 0.0807453424796859 0.17777072133606797
27.959839999110674 0.07665366318094391 0.16732121472978756
28.03760999910773 0.08068657297843829 0.17762061157468034
28.116389999104747 0.0767114309758683 0.16746872636727028
28.194159999101803 0.08062947305684454 0.17747476706417853
28.27293999909882 0.07676756096495707 0.16761205643891497
28.350709999095876 0.08057399542465693 0.17733306689274864
28.429489999092894 0.0768220993854104 0.16775132291024786
28.50826999908991 0.08051709002403817 0.1771877506272279
28.586039999086967 0.07687509117755609 0.16788664046224477
28.664819999083985 0.08046493163854562 0.17705452859313464
28.74258999908104 0.0769265800198663 0.16801812057367638
28.82136999907806 0.08041425195593432 0.17692508395398265
28.899139999075114 0.07697660836375964 0.16814587160181027
28.97791999907213 0.08036500919232825 0.17679930993497184
29.055689999069187 0.07702521746895796 0.16826999886572214
29.134469999066205 0.08031716274186207 0.1766771027761571
29.21223999906326 0.07707244743484076 0.16839060472716438
29.29101999906028 0.08027067314264291 0.17655836164590655
29.368789999057334 0.07711833723330319 0.16850778867315563
29.447569999054352 0.08022550204494305 0.17644298855393759
29.525339999051408 0.07716292474093489 0.1686216473954505
29.604119999048425 0.08018161218022635 0.1763308882774539
29.68188999904548 0.07720624676750021 0.1687322748644915
29.7606699990425 0.08013896732856618 0.17622196827461467
29.838439999039554 0.07724833908932693 0.16883976241512944
29.917219999036572 0.08009753229129368 0.1761161386134802
29.994989999033628 0.07728923647390673 0.16894419880715272
30.073769999030645 0.08005727286223396 0.17601331190005842
30.1515399990277 0.07732897271036343 0.16904567030388007
30.23031999902472 0.08001815579797378 0.1759134032008558
30.309099999021736 0.07736974811434272 0.1691497786250329
30.386869999018792 0.07998014879322923 0.17581632998032726
30.46564999901581 0.07740710791213101 0.1692451824460539
30.543419999012865 0.07994322045217872 0.17572201202679105
30.622199999009883 0.07744340921834647 0.16933788344981604
30.69996999900694 0.07990734026527369 0.17563037139424198
30.778749999003956 0.07747868190621776 0.16942795790594323
30.856519999001012 0.07987247858200042 0.17554133233295133
