0.001020000000000002 0.038575074626576056 0.09678387330882554
0.024249999999999182 0.028552565951380338 0.07013210946642534
0.047480000000003866 0.038345839023080086 0.09643637248546444
0.07172000000000489 0.02783516108082351 0.06771284603700467
0.09494999999999588 0.03748810406865022 0.09513309930707647
0.11817999999998688 0.027934000859937247 0.06657635947202589
0.14141000000000065 0.03717690114790273 0.09540368986494796
0.16464000000002388 0.027781324114337758 0.06582863719282184
0.18888000000004812 0.036414284963872556 0.09340908853123775
0.21211000000007135 0.027032839619899218 0.06427351728507391
0.23534000000009458 0.03638021779590883 0.09282499207000638
0.2585700000001178 0.026796893633069696 0.06422004623394262
0.28180000000014105 0.036225288471565364 0.09210320967915075
0.3060400000001653 0.026041927596375358 0.06239472402408408
0.3292700000001885 0.03553921804026239 0.0904718423612283
0.35250000000021176 0.02595122041716602 0.06204785443704175
0.375730000000235 0.035352272890922465 0.09022003652602306
0.3989600000002582 0.02577722306340613 0.061423670343629944
0.42320000000028246 0.03462539171497525 0.08846986436273907
0.4464300000003057 0.0251275063565104 0.059812861147712226
0.4696600000003289 0.03451695740551741 0.08819873921048771
0.49289000000035216 0.024962676793325308 0.05947094503926387
0.5161200000002859 0.03433070865020693 0.08764674205909984
0.5403600000001756 0.02426508936146421 0.057777078951881666
0.5635900000000699 0.0337093443044052 0.08608736955159069
0.5868199999999641 0.02415213097817126 0.0575219119210546
0.6100499999998584 0.0335551717383743 0.0857125833769623
0.6332799999997527 0.023959647613847723 0.05701344014897858
0.6575199999996424 0.032887436754050925 0.08406996629732877
0.6807499999995367 0.023360613066047753 0.05551691355230037
0.703979999999431 0.03277634451256917 0.08381121677586423
0.7272099999993252 0.023209350415759444 0.05513727837113125
0.7514499999992149 0.03207247501472554 0.08205876651573574
0.7746799999991092 0.022566785692815006 0.05355087599994146
0.7979099999990035 0.03200825263045981 0.08188639424167032
0.8211399999988978 0.022456471492067975 0.05328816010846671
0.844369999998792 0.031859751687659754 0.08150981577172978
0.8686099999986817 0.02177655088954411 0.05160273152636785
0.891839999998576 0.03124263120341364 0.07997796504755073
0.9150699999984703 0.021709583122205278 0.05143394325788364
0.9382999999983646 0.03113462184314708 0.07971242752328189
0.9615299999982588 0.02156180584316625 0.05106395804463926
0.9857699999981485 0.030480186904822345 0.07808700233017385
1.0089999999981427 0.020966484217707748 0.049588199614858386
1.032229999998295 0.030413091075162327 0.0779182608011908
1.055459999998447 0.020858832184099896 0.0493230145009349
1.0786899999985993 0.030267910267915976 0.07755408096772332
1.102929999998758 0.020226812419640083 0.04775654539418417
1.1261599999989103 0.02969555870585927 0.07613086620477105
1.1493899999990624 0.020158446960633625 0.047587660823922295
1.1726199999992146 0.029589797261987405 0.07586683029320307
1.1958499999993668 0.0200143549602263 0.04722974460643625
1.2200899999995256 0.028981566574148854 0.07435507094135652
1.2433199999996778 0.019461450654244095 0.045858687986455315
1.26654999999983 0.028913790313834228 0.07418552501162745
1.2897799999999822 0.01935594815701347 0.045597175481293384
1.3130100000001343 0.028772633509986822 0.07383313870846786
1.3372500000002931 0.018768011091107706 0.044139433930934224
1.3604800000004453 0.028240738640667118 0.07251069188490833
1.3837100000005975 0.018699468147125642 0.04396987935002539
1.4069400000007497 0.02813713002826923 0.07225178251770714
1.4301700000009019 0.018559749209147824 0.04362341371594303
1.4544100000010607 0.027571053325847857 0.07084460910801171
1.4776400000012129 0.018045679803779913 0.04234874478623585
1.500870000001365 0.027503339464385216 0.07067515552729997
1.5241000000015172 0.01794253975153781 0.04209300043930275
1.5473300000016694 0.027366687892986907 0.07033436183002673
1.5715700000018282 0.01739510938808364 0.040735522294355064
1.5948000000019804 0.026871942910017044 0.06910444827785689
1.6180300000021326 0.017326932761549618 0.04056664290558176
1.6412600000022848 0.02677080776243623 0.0688518986024178
1.664490000002437 0.017191907628590575 0.04023180980980978
1.6887300000025958 0.02624381653089325 0.06754117013031413
1.711960000002748 0.016713558360408554 0.03904571721664585
1.7351900000029001 0.026176661293167203 0.06737308488240501
1.7584200000030523 0.016613098290946704 0.038796622167858175
1.7816500000032045 0.026044804997545357 0.06704416617837605
1.8058900000033633 0.016102995786719032 0.037531657854217304
1.8291200000035155 0.02558452143720913 0.0658993557284937
1.8523500000036677 0.016035591792627812 0.03736460776252448
1.8755800000038199 0.02548619010315878 0.06565382686267718
1.898810000003972 0.015905407746191202 0.03704172463970812
1.9230500000041308 0.024994962629192985 0.06443210744173644
1.946280000004283 0.015459974430596435 0.0359372201070185
1.9695100000044352 0.024928697651060653 0.06426635934351221
1.9927400000045874 0.015362438788579458 0.03569534970837562
2.0159700000047396 0.02480166467291134 0.06394955184063633
2.0402100000048984 0.014886810649402003 0.034515845875660034
2.0634400000050506 0.02437290374680723 0.06288319631204686
2.0866700000052028 0.01482050764465015 0.03435148124805165
2.109900000005355 0.024277533267120788 0.06264515570730822
2.133130000005507 0.014695231421467557 0.034040732068119084
2.157370000005666 0.023819363120934467 0.061505702197606205
2.180600000005818 0.014280180256575736 0.03301153399301038
2.2038300000059703 0.023754283552791522 0.061343016790327276
2.2270600000061225 0.014185736174828099 0.032777297874375666
2.2502900000062747 0.02363211504735163 0.06103841256372977
2.2745300000064335 0.013742000466576476 0.031676857511442336
2.2977600000065856 0.023232508558156173 0.060044519198632074
2.320990000006738 0.01367705552089793 0.031515826041905726
2.34422000000689 0.023140299155931965 0.05981428925382337
2.367450000007042 0.013556699233637335 0.031217252096182868
2.391690000007201 0.022713021247696474 0.05875098599362749
2.414920000007353 0.013169735887809673 0.03025767798737755
2.4381500000075054 0.022649398176645907 0.058591915677719264
2.4613800000076576 0.013078490160352561 0.030031346012193705
2.4846100000078097 0.022532165780226765 0.05829948430702281
2.5088500000079685 0.012664300728620348 0.029004155949652333
2.5320800000081207 0.02215971426503105 0.05737262331387827
2.555310000008273 0.012600909734586496 0.02884694915096242
2.578540000008425 0.022070687746441164 0.0571504022097713
2.6017700000085773 0.01248544261972473 0.02856048024111324
2.626010000008736 0.021671760875861312 0.05615768629156914
2.6492400000088883 0.012124483423628929 0.02766536887900406
2.6724700000090404 0.021609724062512048 0.05600264783145459
2.6957000000091926 0.012036495671179148 0.027447094387011983
2.718930000009345 0.021497301172321293 0.0557222649840039
2.7431700000095036 0.011649713958027053 0.026487855856272002
2.766400000009656 0.02114978966813108 0.05485749929973194
2.789630000009808 0.011588022557215916 0.02633483994983754
2.81286000000996 0.02106398954768085 0.05464338347944686
2.8360900000101124 0.01147738016367239 0.02606032066096997
2.860330000010271 0.020691377050926718 0.0537161791540397
2.8835600000104233 0.01114052702518975 0.025224969752923876
2.9067900000105755 0.02063105418409661 0.053565478963346624
2.9300200000107277 0.01105581944633871 0.025014812313373103
2.95325000001088 0.020523366221851247 0.05329694827594933
2.9774900000110387 0.010694490705983384 0.0241186816180905
3.000720000011191 0.020199080012132775 0.05248977547211986
3.023950000011343 0.010634603653940533 0.023970120785443694
3.0471800000114952 0.020116581844004444 0.052283779962791765
3.071420000011654 0.01025037336200163 0.023017118889734345
3.0946500000118062 0.01976869977106932 0.051417443097123705
3.1178800000119584 0.010214214573305402 0.022927444049924972
3.1411100000121106 0.019710227809835668 0.051271297420218964
3.164340000012263 0.010132779659316582 0.022725388767086407
3.1885800000124216 0.019340108315084925 0.05034959856385912
3.2118100000125738 0.00979511261062982 0.021887926883434883
3.235040000012726 0.019304605799010277 0.05026067034918924
3.258270000012878 0.009737101427258144 0.021744002226797843
3.2815000000130303 0.01922532505752539 0.050062745574408485
3.305740000013189 0.009377737056789237 0.020852661520653903
3.3289700000133413 0.018900165452591877 0.04925301634902679
3.3522000000134935 0.009342120735942872 0.020764314196275446
3.3754300000136457 0.018843557266452038 0.049111567901272135
3.398660000013798 0.009263927531785843 0.02057028741782041
3.4229000000139567 0.01849733570283596 0.0482494015865198
3.446130000014109 0.00894827688969757 0.019787416792471646
3.469360000014261 0.018462404717207392 0.04816195016982272
3.492590000014413 0.008892186108011235 0.019648241906289332
3.5158200000145654 0.01838630397721097 0.04797199566671795
3.540060000014724 0.008555988885603605 0.018814351620422
3.5632900000148764 0.018082296045754398 0.04721495798551967
3.5865200000150286 0.008521031444831184 0.0187276236954248
3.6097500000151808 0.018027587686397895 0.0470782896934141
3.632980000015333 0.00844603064785987 0.01854150576268143
3.6572200000154917 0.017703785377194747 0.04627160755503734
3.680450000015644 0.008150882056578101 0.017809473066188186
3.703680000015796 0.017669563654983844 0.046185890471783786
3.7269100000159483 0.008096734342753042 0.017675106823544784
3.7501400000161005 0.01759665747363981 0.04600376608024925
3.7743800000162593 0.007782136987924515 0.01689478188385829
3.7976100000164115 0.017312624190092052 0.04529581253223114
3.8208400000165637 0.007747929644123296 0.016809902281333944
3.844070000016716 0.017259881122021592 0.04516395884408553
3.867300000016868 0.007676057756406118 0.016631537914302275
3.891540000017027 0.016956995633208516 0.04440902309565953
3.914770000017179 0.007400014729736725 0.01594688174219039
3.938000000017331 0.01692353362751331 0.044325241106701885
3.9612300000174834 0.007347815090850918 0.015817338811474624
3.9844600000176356 0.01685368438599999 0.04415077610467888
4.008700000017408 0.007053369158619648 0.01508698852084045
4.031930000016528 0.016588002542334612 0.043488577555184094
4.055160000015649 0.007019982189343632 0.015004133833584898
4.078390000014769 0.01653717386284026 0.04336153377686447
4.10162000001389 0.00695116490274128 0.014833340593867206
4.125860000012972 0.01625365725291006 0.04265488767645209
4.149090000012093 0.006692937449550352 0.014192863321793592
4.172320000011213 0.0162210184684779 0.04257319427621864
4.195550000010334 0.006642676698030869 0.014068122825372509
4.218780000009454 0.01615415025507516 0.04240619484560115
4.243020000008537 0.006367041501038283 0.013384423449602778
4.266250000007657 0.01590558627073191 0.04178667390428714
4.289480000006778 0.006334527781831078 0.013303726772573299
4.312710000005898 0.01585665923769497 0.04166440390435122
4.335940000005019 0.006268682735651843 0.013140301950376188
4.360180000004101 0.015591511375972145 0.04100284586574521
4.383410000003222 0.006027077401051351 0.012541045097791415
4.4066400000023425 0.015559777797950258 0.04092335520492485
4.429870000001463 0.005978735009879221 0.012421057736977659
4.453100000000584 0.015495877895572385 0.040763610521077354
4.477339999999666 0.0057206678770159725 0.011780928398597013
4.5005699999987865 0.01526354897519977 0.04018391828439771
4.523799999997907 0.0056890658255082105 0.011702486677300783
4.547029999997028 0.015216552056228625 0.04006636085397419
4.570259999996148 0.005626104851169433 0.01154621290359037
4.5944999999952305 0.014968292749585 0.03944692165600561
4.617729999994351 0.005400015958191173 0.010985435462951276
4.640959999993472 0.014937463005033402 0.03936971515260401
4.664189999992592 0.005353562414613933 0.010870129401852058
4.687419999991713 0.014876370045985965 0.03921700234561509
4.711659999990795 0.0051119100849114085 0.010270710778814696
4.734889999989916 0.014658941495564903 0.03867449791572497
4.758119999989036 0.005081246116472871 0.010194590941170478
4.781349999988157 0.014613789992640513 0.038561572024187196
4.804579999987277 0.005021077060581414 0.010045240746514583
4.82881999998636 0.014381302633651895 0.03798149464545597
4.85204999998548 0.004809478972979342 0.00952040002469845
4.875279999984601 0.014351399709889412 0.037906626513073416
4.898509999983721 0.004764877719012017 0.009409685738959173
4.921739999982842 0.014293022379860632 0.037760714704171416
4.945979999981924 0.004538568708020163 0.008848321156484928
4.969209999981045 0.014089654324663135 0.0372529470603955
4.992439999980165 0.004508859286215472 0.00877456523700193
5.015669999979286 0.014046365942991914 0.0371445561983319
5.0388999999784065 0.0044513874884974935 0.008631904750644459
5.063139999977489 0.013828906513902561 0.036601277892567285
5.086369999976609 0.004253327749110025 0.00814063937935039
5.10959999997573 0.013799980863166916 0.03652877977663449
5.132829999974851 0.004210536784249208 0.00803441366181712
5.156059999973971 0.013744297086023871 0.03638943335855238
5.1802999999730535 0.00399857458418329 0.007508632252617442
5.203529999972174 0.01355404115589176 0.03591412525968396
5.226759999971295 0.003969827939988568 0.007437261682174956
5.249989999970415 0.013512516012338384 0.03581016104349244
5.273219999969536 0.003914957433338917 0.00730105363369038
5.297459999968618 0.013308829106831177 0.03530129735935805
5.320689999967739 0.003729550649651303 0.0068411684249092275
5.343919999966859 0.01328084905221527 0.035231182234296554
5.36714999996598 0.0036885238553511224 0.00673931769575864
5.3903799999651 0.01322769000315982 0.0350981635373504
5.414619999964183 0.0034899808509932795 0.006246819330835152
5.437849999963303 0.013049576676548935 0.034653197152589854
5.461079999962424 0.003462198423550111 0.006177838535537106
5.484309999961544 0.013009768715267045 0.034553542297732776
5.507539999960665 0.0034098328963840796 0.006047844668566338
5.531779999959747 0.012818966027316692 0.03407687275280846
5.555009999958868 0.0032362552705600405 0.005617297071958127
5.578239999957988 0.012791950767938489 0.03400913818973894
5.601469999957109 0.003196943496453719 0.00551970010218561
5.6246999999562295 0.012741297010290809 0.03388220960679478
5.648939999955312 0.003010955499608503 0.005058341859687232
5.672169999954432 0.012574787261907527 0.03346561364974132
5.695399999953553 0.0029841331394668824 0.004991741276239026
5.7186299999526735 0.012536703841508956 0.03337014441031627
5.741859999951794 0.002934176703925151 0.00486772427761295
5.766099999950876 0.01235822487342153 0.032923599615619636
5.789329999949997 0.0027716611218080445 0.004464612224786002
5.8125599999491175 0.012332168641897455 0.03285823051693004
5.835789999948238 0.002734013079251363 0.004371142370929171
5.859019999947359 0.012283848210789317 0.03273715620546458
5.883259999946441 0.0025597744076388818 0.003938926348823202
5.906489999945562 0.012127941923984809 0.03234709436412686
5.929719999944682 0.002533903389217884 0.0038746849506998693
5.952949999943803 0.012091473946324371 0.03225568254303646
5.976179999942923 0.0024862611934174383 0.0037564099798603756
6.000419999942006 0.011924262280055387 0.031837332586481804
6.023649999941126 0.002334092804634702 0.0033789609352297134
6.046879999940247 0.01189913534587006 0.031774303488496525
6.070109999939367 0.002298055801526755 0.003289487975222105
6.093339999938488 0.011853055862520279 0.031658850716709264
6.11757999993757 0.002134814831279419 0.002884550270820796
6.140809999936691 0.011707069212371857 0.03129361122795604
6.164039999935811 0.002109882703058341 0.002822637690402807
6.187269999934932 0.011672164930738305 0.031206125828009412
6.210499999934052 0.0020644614123460636 0.002709873589124001
6.234739999933135 0.011515674723298952 0.030814169764059596
6.257969999932255 0.0019219736366968831 0.002356434657957429
6.281199999931376 0.011491504723910362 0.030753446776177196
6.3044299999304965 0.0018874941787750954 0.0022708262959025838
6.327659999929617 0.01144764962210143 0.030643386980988563
6.351899999928699 0.0017345493127897127 0.0018914270204284378
6.37512999992782 0.01131117872038967 0.030301373194552284
6.3983599999269405 0.0017105406118793631 0.001831805335550385
6.421589999926061 0.01127784201585591 0.03021768177285944
6.444819999925182 0.0016672487832725125 0.0017243255660770451
6.469059999924264 0.0111313053025206 0.029850438081580055
6.4922899999233845 0.0015338196904395307 0.0013933545286115567
6.515519999922505 0.011108034395484467 0.029791980516835626
6.538749999921626 0.001500843971930399 0.0013114776244660398
6.561979999920746 0.01106623712615018 0.029687090125229965
6.5862199999198285 0.0013575399724322645 0.0009559918149437685
6.609449999918949 0.010938437809209112 0.029366811940867432
6.63267999991807 0.0013344368258426664 0.0008986170541347427
6.65590999991719 0.010906557366959113 0.029286781711201915
6.679139999916311 0.0012931851950551687 0.000796200422825688
6.703379999915393 0.010769253259509837 0.028942679608989774
6.726609999914514 0.0011682342138344959 0.0004862575811781511
6.749839999913634 0.010746863505956439 0.0288864413612977
6.773069999912755 0.0011367085169894375 0.0004079791518618592
6.797309999911837 0.010600677551315218 0.02852006245028793
6.820539999910958 0.0010024331613207593 7.488848731140862e-05
6.843769999910078 0.010587385704903696 0.028486568484864527
6.866999999909199 0.0009802157922577104 1.9711891763307676e-05
6.890229999908319 0.010556967594225974 0.02841006721874262
6.914469999907402 0.0008706931795331442 0.0003350248780620291
6.937699999906522 0.01042856039537754 0.028087638728568898
6.960929999905643 0.0008635907429268563 0.00036811616863641206
6.984159999904763 0.010407073204786066 0.02803356943243962
7.007389999903884 0.0008492002248997598 0.0004429281415752051
7.031629999902966 0.010270289646161057 0.027690104476385535
7.054859999902087 0.0008106266786610528 0.0007550429183433849
7.0780899999012075 0.010257340588130326 0.027657480666753997
7.101319999900328 0.0008072240547261078 0.000808073827862632
7.124549999899449 0.01022827195558662 0.02758437741748887
7.148789999898531 0.000802897206281461 0.0011406288409010479
7.1720199998976515 0.01010794868033138 0.027282250106741568
7.195249999896772 0.0008038581254615762 0.001172835823504137
7.218479999895893 0.01008730031752536 0.027230296112246144
7.241709999895013 0.0008067060868277576 0.0012443117410332327
7.2659499998940955 0.009959067669540134 0.026908304979655906
7.289179999893216 0.0008279535980130204 0.0015367777647545822
7.312409999892337 0.009946469740899189 0.026876571404255145
7.335639999891457 0.0008331608267100332 0.0015877182915069454
7.358869999890578 0.009918699520245378 0.026806737089002386
7.38310999988966 0.0008720901351619847 0.0018994846099351648
7.406339999888781 0.009805949170667683 0.026523627411578765
7.429569999887901 0.0008767244507674743 0.001930790952764383
7.452799999887022 0.009786117614251855 0.026473732608056633
7.476029999886142 0.000887129222590155 0.0019990590781282513
7.500269999885225 0.009666051205010517 0.026171867532864823
7.523499999884345 0.000933730921851228 0.0022731177415580284
7.546729999883466 0.009653836330212995 0.026141037692140046
7.569959999882586 0.0009429198208739109 0.002322025259149374
7.593189999881707 0.00962737175933226 0.026074345556736933
7.617429999880789 0.0010012735200173317 0.002614306793757848
7.64065999987991 0.009521947562600497 0.02580905272823175
7.66388999987903 0.001007820873537013 0.0026447022407616316
7.687119999878151 0.009502951142238536 0.025761159239856557
7.7103499998772715 0.0010218478863668334 0.002709888293050966
7.734589999876354 0.009390491497021758 0.025478158556524466
7.757819999875474 0.0010800994629397431 0.0029667011161582657
7.781049999874595 0.00937863607396583 0.02544824028473114
7.804279999873716 0.0010912480026863403 0.0030136344327469367
7.827509999872836 0.009353368014187069 0.025384566262420805
7.8517499998719185 0.0011584105791905275 0.003287651957151194
7.874979999871039 0.009254576763999323 0.02513596662296891
7.89820999987016 0.0011659596270369166 0.0033171314797741935
7.92143999986928 0.009236349474703087 0.02509001538856248
7.944669999868401 0.0011818834328041206 0.0033793583124497317
7.968909999867483 0.009130916092994212 0.024824697748004887
7.992139999866604 0.0012448287935874491 0.0036200123580298893
8.015369999865724 0.009119421544468431 0.02479569400618553
8.038599999864845 0.001257009357372163 0.0036650311838526406
8.061829999863965 0.009095302119062842 0.024734917001534296
8.086069999863048 0.001327371691400625 0.003921927892280852
8.109299999862168 0.009002725986913873 0.024501958807332525
8.132529999861289 0.0013353013706181027 0.003950490950599406
8.15575999986041 0.008985244315944274 0.024457890071494237
8.17898999985953 0.0013519676645701306 0.004009878311073134
8.203229999858612 0.008886603220423228 0.02420914909420091
8.226459999857733 0.0014163850647233023 0.004235391183682324
8.249689999856853 0.008875496101843905 0.024181058658889754
8.272919999855974 0.0014289351419621843 0.004278555684877894
8.296149999855094 0.008852534552509672 0.024123060755687487
8.320389999854177 0.001499750430002611 0.004519402333202915
8.343619999853297 0.008765995045923125 0.023904759369874906
8.366849999852418 0.001507965309431758 0.004547052236625326
8.390079999851539 0.00874927593301733 0.02386251309415277
8.413309999850659 0.0015248162749280647 0.004603716587148199
8.437549999849741 0.00865683139446738 0.023629312417217108
8.460779999848862 0.0015888390467077018 0.004815041057948388
8.484009999847983 0.008646082319599624 0.02360213048108184
8.507239999847103 0.0016016187738678855 0.004856411481291012
8.530469999846224 0.008624174872399637 0.023546797096929417
8.554709999845306 0.0016716306529592773 0.0050822111527848435
8.577939999844427 0.008543079634371509 0.023342230537581887
8.601169999843547 0.001680043682571353 0.005108954500654406
8.624399999842668 0.00852705716069635 0.023301746744208707
8.647629999841788 0.0016970436840840766 0.005163008891329035
8.67186999984087 0.00844038767118438 0.023083115430699852
8.695099999839991 0.001759899224464956 0.005361037184581363
8.718329999839112 0.008429993699959892 0.023056834127055392
8.741559999838232 0.0017725797809486907 0.005400673545474799
8.764789999837353 0.008409096475187061 0.023004054120678852
8.789029999836435 0.0018408933805418304 0.005612366072449415
8.812259999835556 0.008333103297477273 0.022812358928503418
8.835489999834676 0.001849297191442556 0.005638212264502673
8.858719999833797 0.008317753994354637 0.022773577986989757
8.881949999832917 0.0018660566007013826 0.005689766248240247
8.906189999832 0.008236644119325232 0.022568606264161684
8.92941999983112 0.0019269147880296433 0.005875334018634604
8.952649999830241 0.008226628249938028 0.022543215127202032
8.975879999829361 0.0019394451861043382 0.005913295841974975
8.999109999828482 0.008206752645944504 0.022492880864599663
9.023349999827564 0.0020051640578513386 0.00611176191511742
9.046579999826685 0.008135735360425111 0.02231324827599579
9.069809999825805 0.0020135227750602835 0.006136722725358368
9.093039999824926 0.008121075649656473 0.022276111143026966
9.116269999824047 0.002029983085163556 0.006185882309983626
9.140509999823129 0.008045105088620663 0.022083946438378188
9.16373999982225 0.0020882084971663994 0.006359772332931168
9.18696999982137 0.008035434537025488 0.022059432803811507
9.21019999982049 0.002100388590166924 0.006396118437457243
9.233429999819611 0.008016483028960297 0.02201144019301493
9.257669999818694 0.0021635430258585275 0.006582183424341803
9.280899999817814 0.007949934758818 0.021843112574959633
9.304129999816935 0.0021717195794139776 0.006606272625031551
9.327359999816055 0.007935900321482392 0.021807560988218455
9.350589999815176 0.0021876265610154544 0.006653140254997414
9.374829999814258 0.007864676649915747 0.021627404244850545
9.398059999813379 0.0022432525041143903 0.006816085859029375
9.4212899998125 0.007855345809270942 0.021603753600418774
9.44451999981162 0.002255212029611653 0.006850874180353017
9.46774999981074 0.007837278780141066 0.021558002098232
9.491989999809823 0.0023151849045542905 0.007025311682173907
9.515219999808943 0.007774918964892574 0.021400269641502767
9.538449999808064 0.0023231720916166987 0.007048544721532934
9.561679999807184 0.00776148726613779 0.021366246285003943
9.584909999806305 0.0023385299723703845 0.007093219284093344
9.609149999805387 0.007694714440471096 0.021197348529078397
9.632379999804508 0.002391572340453396 0.007245907546804542
9.655609999803628 0.007685717083165788 0.021174544823931996
9.678839999802749 0.002403154737283919 0.0072791949933592726
9.70206999980187 0.00766854385335014 0.02113093742120986
9.726309999800952 0.0024600646365087186 0.007442730157747324
9.749539999800072 0.007610286254871035 0.020983135053576074
9.772769999799193 0.0024678565100650918 0.007465123866112755
9.795999999798314 0.007597473606841709 0.020950583684509194
9.819229999797434 0.00248267102318378 0.0075077007145485375
9.843469999796516 0.00753506329628939 0.020792242823652884
9.866699999795637 0.0025330249450729037 0.007650775435297241
9.889929999794758 0.007526418518765232 0.02077026873772425
9.913159999793878 0.0025442312306707127 0.007682617771742617
9.936389999792999 0.007510056304725454 0.02072871192878578
9.960629999792081 0.0025981967984888277 0.007835930382860123
9.983859999791202 0.007455466822974932 0.020590216445126597
10.007089999790322 0.002605788573709633 0.007857502727182109
10.030319999789443 0.0074432114602551724 0.02055908200533363
10.053549999788563 0.002620066773160512 0.007898073724632582
10.077789999787646 0.007384702487169493 0.02041063984762337
10.101019999786766 0.0026676572988522107 0.008032138199187688
10.124249999785887 0.00737637634830235 0.020389477028581737
10.147479999785007 0.002678489642400139 0.008062589953439225
10.170709999784128 0.0073607857057255135 0.020349880762793315
10.19494999978321 0.002729628937523043 0.008206317312087208
10.21817999978233 0.00730963418911601 0.0202201081470621
10.241409999781451 0.00273701690183481 0.008227087171930325
10.264639999780572 0.007297915000808452 0.020190336840786305
10.287869999779693 0.002750766993776854 0.008265740743707006
10.312109999778775 0.00724306418355325 0.0200511763092881
10.335339999777895 0.002795513809311978 0.008391360350812338
10.358569999777016 0.0072350492125689 0.020030805581794375
10.381799999776137 0.0028059754229502465 0.008420474740522543
10.405029999775257 0.007220196076078378 0.01999308320440596
10.42926999977434 0.002854405386134018 0.00855521435596529
10.45249999977346 0.007172266829385654 0.019871486130496052
10.47572999977258 0.002861586826937934 0.008575201330818238
10.498959999771701 0.00716106322080834 0.019843025492427557
10.522189999770822 0.0028748180320540273 0.008612022529252972
10.546429999769904 0.007109762825241117 0.01971256802397736
10.569659999769025 0.0029171257529290173 0.008729727141520982
10.592889999768145 0.007102076632409471 0.01969296957052835
10.616119999767266 0.0029271253361218275 0.008757556021332658
10.639349999766386 0.007087974978337575 0.01965703775620442
10.663589999765469 0.0029725940134099904 0.008883868123210625
10.68681999976459 0.007043215503994337 0.01954310325529285
10.71004999976371 0.0029795671389486467 0.008903092361833842
10.73327999976283 0.007032542726660206 0.01951590219848587
10.75650999976195 0.0029922895543530448 0.008938162940319572
10.780749999761033 0.006984499018327983 0.019393605315598528
10.803979999760154 0.0030323108133365473 0.009048449181003893
10.827209999759274 0.0069771073674436135 0.019374758835877248
10.850439999758395 0.0030419577235130113 0.009075042997008786
10.873669999757515 0.006963676750875281 0.01934053751181386
10.897909999756598 0.0030849260821560476 0.009193452886346876
10.921139999755718 0.0069217384788434755 0.01923378479584681
10.944369999754839 0.0030916299183593177 0.0092119349397346
10.96759999975396 0.0069115401476390614 0.019207793647246785
10.99082999975308 0.003103745667962343 0.009245333429741542
11.015069999752162 0.006866502290408526 0.019093148685200845
11.038299999751283 0.003141243749815059 0.009348666777464487
11.061529999750404 0.006859397138135992 0.019075033539206476
11.084759999749524 0.0031504603402953135 0.00937407454443262
11.107989999748645 0.0068466074170863145 0.01904244580699377
11.132229999747727 0.003191058621687115 0.009485074788362358
11.155459999746848 0.006807313338426435 0.018942424230794508
11.178689999745968 0.003197558420089841 0.009502835477026572
11.201919999745089 0.0067975705676286404 0.018917594753542488
11.22514999974421 0.0032091983898925314 0.009534637273567181
11.249389999743292 0.00675535121067139 0.01881012473797794
11.272619999742412 0.003244648125130145 0.009631454029834785
11.295849999741533 0.006748524422184988 0.018792720065130553
11.319079999740653 0.0032535306019344516 0.00965572330910991
11.342309999739774 0.006736346662049697 0.01876169211256773
11.366549999738856 0.0032916289345816807 0.00975977579471543
11.389779999737977 0.006699530858728098 0.018667979271547175
11.413009999737097 0.003297872363152821 0.009776836097274977
11.436239999736218 0.006690225327183662 0.01864426468147773
11.4604799997353 0.00333844712212028 0.009887653980478195
11.48370999973442 0.00665068181303885 0.018543522338743124
11.506939999733541 0.003342167688198172 0.009897822676663282
11.530169999732662 0.006644148873267586 0.018526807169649828
11.553399999731782 0.003350650299231539 0.009920999570867117
11.577639999730865 0.006602145039917406 0.01841949184056002
11.600869999729985 0.0033865824453462867 0.01001853742647052
11.624099999729106 0.00659823048661745 0.018409468132774
11.647329999728226 0.0033926275831489554 0.010034918377632707
11.670559999727347 0.006589376615050435 0.018386823099247884
11.69479999972643 0.003430999570958271 0.010138841899764994
11.71802999972555 0.006552413811025337 0.01829238900123986
11.74125999972467 0.00343464618395084 0.010148725720848795
11.764489999723791 0.006546141914569481 0.018276342346823515
11.787719999722912 0.0034428134226950347 0.010170854872215696
11.811959999721994 0.006506751471675898 0.018175704242262558
11.835189999721115 0.0034765727257548558 0.010262284269013655
11.858419999720235 0.00650294808272367 0.018165966014971335
11.881649999719356 0.0034823748791177334 0.01027800687455338
11.904879999718476 0.006494495054440663 0.01814434666127518
11.929119999717559 0.0035183590130463123 0.01037546344664353
11.952349999716679 0.0064598473189224626 0.018055827481222586
11.9755799997158 0.003521899946043683 0.010385060847162286
11.99880999971492 0.006453828320229226 0.018040428416232768
12.02203999971404 0.003529696394006576 0.010406185443012639
12.046279999713123 0.006416889254824976 0.017946053565320863
12.069509999712244 0.0035613408192504137 0.010491887277574996
12.092739999711364 0.006413197453298047 0.017936601792545304
12.115969999710485 0.003566907709281919 0.010506972439727758
12.139199999709605 0.0064051287041169145 0.01791596568831988
12.163439999708688 0.003600835418170356 0.010598363018177182
12.186669999707808 0.006372651679730778 0.01783299257173132
12.209899999706929 0.0036042975117329683 0.010607673634044357
12.23312999970605 0.006366877482019917 0.017818220305099164
12.25635999970517 0.0036117972475714355 0.01062783541957435
12.280599999704252 0.0063322378070064245 0.017729720357373413
12.303829999703373 0.003641693634201304 0.01070816689019427
12.327059999702493 0.006328657575872088 0.0177205548971604
12.350289999701614 0.0036470749592760754 0.01072263534032114
12.373519999700735 0.006320957098049029 0.017700861041158866
12.397759999699817 0.003678968996413512 0.010808336068457436
12.420989999698937 0.006290515406785268 0.017623088080986893
12.444219999698058 0.0036823247113664252 0.010817360580150925
12.467449999697179 0.006284977986292906 0.017608922016720818
12.4906799996963 0.0036894812767578333 0.010836599874042285
12.514919999695381 0.006252495118627355 0.017525932653261744
12.538149999694502 0.0037175036539395245 0.010911895959875295
12.561379999693623 0.00624902605261901 0.01751705237987844
12.584609999692743 0.003722663216375821 0.010925768203473574
12.607839999691864 0.006241678388852034 0.017498261185322495
12.632079999690946 0.0037525710380590382 0.011006131949442555
12.655309999690067 0.006213174215715655 0.017425363989553855
12.678539999689187 0.0037558209710012447 0.011014871954573291
12.701769999688308 0.006207886620421155 0.017411783777965262
12.724999999687428 0.003762648846085237 0.011033227668699741
12.74923999968651 0.006177548583201298 0.01733396322186609
12.772469999685631 0.003788914132254795 0.011103802514056405
12.795699999684752 0.006174203140436818 0.017325366147868948
12.818929999683872 0.003793859461173499 0.011117098783341994
12.842159999682993 0.006167221146385128 0.017307439420044535
12.866399999682075 0.0038220292839792336 0.011192456584885324
12.889629999681196 0.006140584098160096 0.017239113774991655
12.912859999680316 0.003825197434648042 0.011200914488240787
12.936089999679437 0.006135516661783025 0.017226099361555836
12.959319999678558 0.0038317586186932258 0.011218424151449025
12.98355999967764 0.006107068597289268 0.017153126980173905
13.00678999967676 0.0038565589013637163 0.011284572359981926
13.030019999675881 0.006103832104144669 0.01714481035993698
13.053249999675002 0.0038613323118908975 0.011297312570679452
13.076479999674122 0.006097172346305246 0.01712771127279078
13.100719999673204 0.003887824553057917 0.011367974983944595
13.123949999672325 0.006072206245057998 0.01706367188454294
13.147179999671446 0.0038908882154928826 0.01137615389174007
13.170409999670566 0.006067351306549451 0.01705120354452694
13.193639999669687 0.003897145913194122 0.011392853676595038
13.217879999668769 0.006040675961349606 0.016982778542629084
13.24110999966789 0.003920390130494389 0.011454851529835164
13.26433999966701 0.006037547118108333 0.016974738974884218
13.28756999966613 0.003924962531554166 0.011467055248193248
13.310799999665251 0.006031195790752508 0.016958432041969118
13.335039999664334 0.003949803625456938 0.0115333136157858
13.358269999663454 0.006007796341533478 0.01689841136067738
13.381499999662575 0.003952764191900715 0.011541217244137592
13.404729999661695 0.0060031463792078466 0.01688646973183605
13.427959999660816 0.00395873146269754 0.011557141993101538
13.452199999659898 0.005978133753305026 0.016822309923891776
13.475429999659019 0.003980516758909314 0.011615248587781846
13.49865999965814 0.005975111036349512 0.016814543436838303
13.52188999965726 0.003984895341382799 0.011626935001396443
13.54511999965638 0.005969054843283916 0.01679899448621125
13.569359999655463 0.004008187762168713 0.011689062642661341
13.592589999654583 0.005947124237654977 0.016742741605058065
13.615819999653704 0.004011046821464914 0.011696695234164611
13.639049999652824 0.005942671879795025 0.016731307715078803
13.662279999651945 0.004016736237469787 0.011711878490061611
13.686519999651027 0.005919218778276947 0.016671148372948696
13.709749999650148 0.004037153714106512 0.011766336807084166
13.732979999649269 0.00591630047136793 0.016663650506165695
13.756209999648389 0.004041345517022177 0.011777524698552977
13.77943999964751 0.005910526614029243 0.016648826644893866
13.803679999646592 0.004063329350596612 0.01183577802096325
13.826909999645713 0.0058899731268811095 0.016596106262523058
13.850139999644833 0.004066107591227941 0.011843144267797978
13.873369999643954 0.0058857111606747115 0.016585161552573613
13.896599999643074 0.004071568597214914 0.011857618307475892
13.920839999642157 0.00586372077287356 0.016528754328071216
13.944069999641277 0.004090836136862119 0.01190865621305548
13.967299999640398 0.0058609049955703485 0.01652152020391595
13.990529999639518 0.004094875634029438 0.011919363941292893
14.013759999638639 0.0058554011609828205 0.016507389790798577
14.037999999637721 0.004115494881770987 0.011973983488133833
14.061229999636842 0.005836138772883803 0.016457981244033526
14.084459999635962 0.00411817460433761 0.011981088464196876
14.107689999635083 0.005832060151726215 0.016447507585115595
14.130919999634203 0.00412337973684318 0.01199488432753748
14.155159999633286 0.0058114980089430945 0.016394619496262752
14.178389999632406 0.0041414366889021 0.012042715511995095
14.201619999631527 0.005808794404765338 0.016387643886617287
14.224849999630647 0.004145301812484736 0.012052960998309992
14.248079999629768 0.0058035714184565546 0.016374176497879755
14.27231999962885 0.00416463446826798 0.012104172428495374
14.295549999627971 0.0057855981383821975 0.016327872852928138
14.318779999627091 0.00416721770590589 0.01211102152846033
14.342009999626212 0.005781712814829754 0.016317852560165935
14.365239999625333 0.00417217822394178 0.01212416905354008
14.389479999624415 0.005762465246669124 0.016268265043073438
14.412709999623535 0.004189100241868582 0.012168993911243486
14.435939999622656 0.005759859598659878 0.0162615424254553
14.459169999621777 0.0041927975821465235 0.012178794622996758
14.482399999620897 0.0057548823504348645 0.01624870882134255
14.50663999961998 0.004210923563540581 0.012226809631143976
14.5298699996191 0.005738038907502796 0.01620531602032349
14.55309999961822 0.004213412449010523 0.01223340851291832
14.576329999617341 0.005734322624891708 0.01619573186487644
14.599559999616462 0.004218139170545698 0.012245936369148502
14.623799999615544 0.005716276562947709 0.016149239881302346
14.647029999614665 0.0042339971997964465 0.012287942823718812
14.670259999613785 0.0057137666508007 0.016142764494486705
14.693489999612906 0.0042375331731483445 0.01229731576914972
14.716719999612026 0.005709024254986428 0.016130536585623467
14.740959999611109 0.004254527451249102 0.012342332946080337
14.76418999961023 0.005693240016958145 0.016089872647173653
14.78741999960935 0.00425692419809065 0.012348687482333087
14.81064999960847 0.005689686283556705 0.016080707862742294
14.833879999607591 0.0042614275125635315 0.01236062320456588
14.858119999606673 0.005672767073056528 0.01603711906645877
14.881349999605794 0.004276288082769808 0.012399987483080466
14.904579999604914 0.005670350600542218 0.016030884956275138
14.927809999604035 0.004279668928925284 0.012408949202702413
14.951039999603156 0.0056658326037664075 0.0160192357701483
14.975279999602238 0.004295647346675979 0.012451154847170631
14.998509999601358 0.0056510413343954236 0.015981130040176872
15.021739999600479 0.004297968982314271 0.012457271079213683
15.0449699995996 0.005647643839017169 0.015972368329342235
15.06819999959872 0.004302286388254917 0.012468641102014733
15.092439999597802 0.0056317814464627025 0.015931502280952525
15.115669999596923 0.004316301734786698 0.012505528463468973
15.138899999596044 0.005629456058301452 0.01592550334403864
15.162129999595164 0.004319554227196765 0.01251409502586176
15.185359999594285 0.005625152426144808 0.015914406990358287
15.209599999593367 0.004334588095656233 0.012553663902259427
15.232829999592488 0.005611292012551394 0.015878699439153543
15.256059999591608 0.004336821638486255 0.012559548001678245
15.279289999590729 0.005608044626275843 0.01587032497601948
15.30251999958985 0.00434093387619805 0.012570377692500134
15.326759999588932 0.005593173354112246 0.01583201240864529
15.349989999588052 0.0043540670004931226 0.012604943104899125
15.373219999587173 0.0055909366507391756 0.015826242429917148
15.396449999586293 0.004357175394873458 0.012613130106209347
15.419679999585414 0.0055868377548727866 0.015815674067631846
15.443919999584496 0.004371269735062633 0.0126502261581396
15.467149999583617 0.005573849951620025 0.01578221463089946
15.490379999582737 0.004373417560999515 0.012655884388912408
15.513609999581858 0.005570746727785347 0.015774212062302784
15.536839999580978 0.004377333871150135 0.012666198083777225
15.56107999958006 0.005556804946383331 0.015738294190303925
15.584309999579181 0.004389639987184557 0.012698586865134143
15.607539999578302 0.005554654497338607 0.0157327468778945
15.630769999577423 0.004392610024750554 0.01270640942840906
15.653999999576543 0.00555075110215375 0.01572268268007493
15.678239999575625 0.004405823268493814 0.012741186445841546
15.701469999574746 0.005538581291021583 0.015691330637823686
15.724699999573867 0.004407887776505914 0.012746625131843103
15.747929999572987 0.005535616465204729 0.015683685081546717
15.771159999572108 0.004411617020426362 0.012756446166661828
15.79539999957119 0.005522546362175862 0.015650012954271375
15.81862999957031 0.004423147902927194 0.012786794583252714
15.841859999569431 0.00552047971823677 0.01564468197007285
15.865089999568552 0.004425985145896316 0.012794267360516365
15.888319999567672 0.005516762968298172 0.015635099091371174
15.912559999566755 0.004438372105673105 0.012826869607662772
15.935789999565875 0.0055053599336366554 0.015605722491685015
15.959019999564996 0.004440355706919585 0.012832095105808072
15.982249999564116 0.0055025279226385004 0.015598419535367558
16.00547999956324 0.0044439063795151945 0.012841445852940225
16.02971999956232 0.005490275266552658 0.015566853429593852
16.05294999956144 0.004454710577421861 0.012869881681487616
16.076179999560562 0.005488289969989846 0.015561732414870466
16.099409999559683 0.004457420410362567 0.012877018856316536
16.122639999558803 0.005484751377082153 0.01555260895824695
16.146879999557886 0.004469032502431358 0.012907581659438172
16.170109999557006 0.005474067093894197 0.015525084070266981
16.193339999556127 0.00447093761069417 0.012912600332892765
16.216569999555247 0.0054713624944520145 0.015518109766865518
16.24080999955433 0.00448330507930339 0.01294515185580325
16.26403999955345 0.005459914632860663 0.015488518615758284
16.28726999955257 0.00448444088911637 0.01294814528539634
16.31049999955169 0.005458017147651595 0.015483601217725074
16.333729999550812 0.004487028520538949 0.012954960578182018
16.357969999549894 0.005445839257997687 0.015452077989142055
16.381199999549015 0.004497913975009871 0.01298361087764821
16.404429999548135 0.005444701246265948 0.015449127005262575
16.427659999547256 0.004499742997785883 0.012988429072235963
16.450889999546376 0.005442130949676938 0.015442467867343712
16.47512999954546 0.004511341400158075 0.013018956385135727
16.49835999954458 0.005431414699733184 0.015414728727536353
16.5215899995437 0.0045124451690584655 0.013021865287154988
16.54481999954282 0.0054295933022171505 0.01541000861873254
16.56804999954194 0.004514915633752281 0.013028371960277507
16.592289999541023 0.005418172783103858 0.015380445933621534
16.615519999540144 0.004525119691501489 0.01305522882896204
16.638749999539264 0.005417067376536688 0.015377579654307638
16.661979999538385 0.004526875022912269 0.013059852856489584
16.685209999537506 0.005414613667853119 0.01537122264966273
16.709449999536588 0.0045377519781064635 0.013088481294065701
16.73267999953571 0.005404568322915804 0.015345220198581533
16.75590999953483 0.004538823580396478 0.013091305345636073
16.77913999953395 0.005402820593833124 0.015340691096110692
16.80236999953307 0.00454118174164464 0.013097516210358595
16.826609999532153 0.00539211054616906 0.015312967547342904
16.849839999531273 0.004550749641348495 0.013122691339273462
16.873069999530394 0.005391037813023081 0.015310186129613435
16.896299999529514 0.004552443671188233 0.01312712745598077
16.919529999528635 0.005388695838546953 0.015304118672976319
16.943769999527717 0.004562705054656946 0.013153974621171738
16.966999999526838 0.00537927961134943 0.015279744737861645
16.99022999952596 0.0045637506453661825 0.013156713825757116
17.01345999952508 0.005377603154621324 0.015275400420311502
17.0366899995242 0.004566014610144942 0.013162641249664375
17.06092999952328 0.005367559572632685 0.015249402091044306
17.084159999522402 0.004575034349842633 0.013186239404094913
17.107389999521523 0.005366519462112307 0.015246705386529058
17.130619999520643 0.00457665900069959 0.013190493798398428
17.153849999519764 0.005364284537127784 0.015240915332048743
17.178089999518846 0.004586281734750175 0.013215670037347582
17.201319999517967 0.005355458231815602 0.015218068448541455
17.224549999517087 0.004587295076894593 0.013218324686703475
17.247779999516208 0.005353850679917116 0.015213902769428689
17.27100999951533 0.00458945534886146 0.013223980599974539
17.29524999951441 0.005344432273288513 0.015189522772407482
17.31847999951353 0.004597909897937291 0.013246100047681342
17.341709999512652 0.0053434246291230725 0.015186910359854533
17.364939999511773 0.0045994674999619845 0.013250178825841008
17.388169999510893 0.005341292235183981 0.015181385993212615
17.412409999509975 0.0046084911577271015 0.013273787675183168
17.435639999509096 0.005333019086996682 0.015159970990452631
17.458869999508217 0.004609472457050234 0.013276358315628123
17.482099999507337 0.005331478106168075 0.015155977892122863
17.505329999506458 0.004611533429508818 0.013281754223648523
17.52956999950554 0.005322646132891129 0.015133115937249197
17.55279999950466 0.0046194580176238675 0.013302487136079844
17.57602999950378 0.005321670706102011 0.015130587157463626
17.5992599995029 0.004620950865259599 0.013306396310264201
17.622489999502022 0.00531963648735867 0.01512531718612653
17.646729999501105 0.004629412576891978 0.013328534915235668
17.669959999500225 0.005311882012410285 0.015105244798752082
17.693189999499346 0.004630362124918852 0.01333102231809713
17.716419999498466 0.005310405306472088 0.0151014183214504
17.739649999497587 0.004632328031371702 0.013336169306832346
17.76388999949667 0.005302123416286664 0.015079980309684604
17.78711999949579 0.004639755702258608 0.013355602135045608
17.81034999949491 0.00530117987629497 0.01507753429185188
17.83357999949403 0.0046411860504324 0.01335934761359514
17.85680999949315 0.005299239636165298 0.015072507836932925
17.881049999492234 0.0046491206538762375 0.013380107121729878
17.904279999491354 0.005291971490746561 0.015053694338307277
17.927509999490475 0.004650038816989666 0.013382512253035106
17.950739999489596 0.005290556804654067 0.015050028630436696
17.973969999488716 0.0046519137349508854 0.013387421000010669
17.9982099994878 0.005282790891535494 0.015029926273490979
18.02143999948692 0.004658875481315272 0.013405634831620272
18.04466999948604 0.005281878836640552 0.01502756196505306
18.06789999948516 0.004660245542162156 0.013409222410976085
18.09112999948428 0.005280028533901526 0.015022768551431476
18.115369999483363 0.004667685723808157 0.013428688342131956
18.138599999482484 0.005273216381779133 0.01500513541320414
18.161829999481604 0.004668572933754778 0.013431012339149007
18.185059999480725 0.005271861504898112 0.015001624738986141
18.208289999479845 0.004670360788700312 0.013435693124086434
18.232529999478928 0.005264579569319361 0.014982775200367282
18.255759999478048 0.004676885679144371 0.013452764010513096
18.27898999947717 0.005263698536338346 0.014980491389493533
18.30221999947629 0.004678197619532365 0.013456199367145594
18.32544999947541 0.005261934281330705 0.014975920933613107
18.349689999474492 0.004685174046992091 0.013474451957762312
18.372919999473613 0.005255549669780923 0.014959394502367385
18.396149999472733 0.0046860307917695465 0.01347669610414215
18.419379999471854 0.005254252438287588 0.014956033247570666
18.442609999470974 0.004687735360763945 0.013481158817796324
18.466849999470057 0.0052474244572120465 0.014938358808902485
18.490079999469177 0.004693850658695542 0.013497158088360273
18.513309999468298 0.005246573929706955 0.014936154146849567
18.53653999946742 0.004695106597690013 0.013500446775471797
18.55976999946654 0.00524489198040734 0.014931796950257148
18.58400999946562 0.00470164804371076 0.013517561305098624
18.607239999464742 0.005238908223872518 0.014916308147661095
18.630469999463863 0.004702474859749062 0.013519727011634952
18.653699999462983 0.005237666522886708 0.014913090825552366
18.676929999462104 0.004704099775591164 0.013523981166430055
18.701169999461186 0.005231264328300789 0.014896518569473827
18.724399999460307 0.004709831051040503 0.013538975720606139
18.747629999459427 0.005230443744595914 0.01489439159225725
18.770859999458548 0.004711033058326541 0.013542123160403818
18.79408999945767 0.0052288405027813845 0.014890238327747163
18.81832999945675 0.0047171665178799005 0.01355817025689987
18.84155999945587 0.005223232573432379 0.014875722366236577
18.86478999945499 0.0047179639826845365 0.013560259040867884
18.888019999454112 0.005222044338487275 0.01487264362201035
18.911249999453233 0.0047195127375855295 0.013564313782443715
18.935489999452315 0.00521604150319388 0.014857105138321725
18.958719999451436 0.00472488397181603 0.013578366361832739
18.981949999450556 0.00521525026326175 0.014855054281792679
19.005179999449677 0.004726034066170559 0.013581377843052689
19.028409999448797 0.005213722270288046 0.014851095985068952
19.05264999944788 0.004731784865574795 0.013596423769157706
19.075879999447 0.005208466695316272 0.014837492103336736
19.09910999944612 0.004732553590916622 0.013598437238016015
19.12233999944524 0.005207329913903824 0.014834546717434893
19.145569999444362 0.004734029540906626 0.013602301354587176
19.169809999443444 0.005201701644084955 0.014819977824642727
19.193039999442565 0.004739063224707518 0.013615470803096663
19.216269999441685 0.005200939116064562 0.014818001443572815
19.239499999440806 0.004740163372786932 0.013618351477673318
19.262729999439927 0.005199483048878295 0.014814229502446707
19.28696999943901 0.004745555272592683 0.01363245839975935
19.31019999943813 0.00519455781441136 0.014801480715187498
19.33342999943725 0.0047462958988330195 0.013634398234441125
19.35665999943637 0.00519347052693564 0.01479866360469817
19.37988999943549 0.004747702267520304 0.013638080166911148
19.404129999434574 0.005188193561961207 0.01478500408899075
19.427359999433694 0.0047524194937133 0.013650421669242352
19.450589999432815 0.00518745908792706 0.014783100471604804
19.473819999431935 0.004753471609383553 0.013653176551620128
19.497049999431056 0.00518607175511121 0.014779506615014704
19.521289999430138 0.004758526901090354 0.013666402791967514
19.54451999942926 0.005181456216143077 0.014767559480832748
19.56774999942838 0.004759240091553596 0.013668270733457888
19.5909799994275 0.005180416516387676 0.014764865701921703
19.61420999942662 0.004760579974094958 0.013671778587109884
19.638449999425703 0.005175469033881108 0.014752059073763757
19.661679999424823 0.00476500052385509 0.01368334389677539
19.684909999423944 0.005174761934977012 0.014750226454296467
19.708139999423064 0.004766006467682216 0.013685977861221943
19.731369999422185 0.005173440272789875 0.014746802741716358
19.755609999421267 0.004770746063945119 0.013698378134741063
19.778839999420388 0.0051691150680099884 0.014735607142912777
19.80206999941951 0.00477143250004175 0.013700175972297668
19.82529999941863 0.0051681211038544506 0.014733031892966153
19.84852999941775 0.0047727088674544005 0.013703517526453268
19.872769999416832 0.005163482631337701 0.014721025156216871
19.895999999415952 0.004776851291517281 0.013714355177840698
19.919229999415073 0.005162802212508422 0.014719261727103028
19.942459999414194 0.004777812870371156 0.013716872956970327
19.965689999413314 0.0051615432805535155 0.014716000538361751
19.989929999412396 0.00478225639001284 0.013728498593368332
20.013159999411517 0.005157490252973296 0.014705509473822431
20.036389999410638 0.004782916766974177 0.013730228151143109
20.059619999409758 0.005156540226453399 0.014703048090680682
20.08284999940888 0.0047841324696845655 0.013733410870198082
20.10708999940796 0.0051521915581759226 0.014691791529353182
20.13031999940708 0.004788014164693322 0.013743566378443539
20.153549999406202 0.005151537112298987 0.014690095453684382
20.176779999405323 0.004788933131736339 0.013745972565659681
20.200009999404443 0.005150338089789597 0.014686989478718271
20.224249999403526 0.004793098979436694 0.013756871717696129
20.247479999402646 0.0051465402123767046 0.014677158872444807
20.270709999401767 0.0047937340025239195 0.013758534845809134
20.293939999400887 0.00514563237952026 0.014674806833792076
20.317169999400008 0.004794891774772214 0.013761565889747196
20.34140999939909 0.005141555498381578 0.01466425380899361
20.36463999939821 0.004798529054687473 0.013771081937341556
20.38786999939733 0.0051409263100213876 0.014662623227179594
20.411099999396452 0.004799407109407516 0.013773380984150041
20.434329999395572 0.005139784491789423 0.014659665455973858
20.458569999394655 0.004803312550951566 0.01378359882588942
20.481799999393775 0.0051362438503730345 0.014650453975917355
20.505029999392896 0.004803922931599369 0.013785197390625559
20.528259999392017 0.005135380930316846 0.014648206900569338
20.551489999391137 0.0048050253948085375 0.01378808362380024
20.57572999939022 0.005131578530499947 0.014638313659498525
20.59895999938934 0.004808433557911829 0.013797000235793444
20.62218999938846 0.005130976945044274 0.014636746700946723
20.64541999938758 0.004809272346611326 0.01379919645470018
20.6686499993867 0.005129895272844798 0.014633930412244478
20.692889999385784 0.004812933578574485 0.01380877536155678
20.716119999384905 0.005126577888527772 0.014625299298842709
20.739349999384025 0.004813520031472063 0.01381031123748322
20.762579999383146 0.0051257536387726566 0.014623152944082118
20.785809999382266 0.004814569698553872 0.013813059239242698
20.81004999938135 0.005122189043386682 0.014613878443481276
20.83327999938047 0.0048177630905509305 0.013821413948345018
20.85650999937959 0.005121611152863359 0.014612373232236742
20.87973999937871 0.0048185642065999845 0.013823511512978115
20.90296999937783 0.005120581340856911 0.014609691985612017
20.927209999376913 0.004821996422686214 0.01383249123727559
20.950439999376034 0.005117473047927534 0.014601604894126652
20.973669999375154 0.0048225596630732115 0.01383396629985878
20.996899999374275 0.005116685893239548 0.014599555155325739
21.021139999373357 0.004826215178549309 0.013843530413792937
21.044369999372478 0.005113344305138545 0.014590860894225788
21.0675999993716 0.004826551015040592 0.013844410377072958
21.09082999937072 0.0051127893918804235 0.0145894155574533
21.11405999936984 0.004827315999493931 0.013846413324214435
21.138299999368922 0.005109229660021253 0.014580153555432407
21.161529999368042 0.004830533452248487 0.01385483115559083
21.184759999367163 0.005108896770475324 0.014579286030835803
21.207989999366283 0.004831074193020091 0.013856247274490752
21.231219999365404 0.005108145187708857 0.014577328939746614
21.255459999364486 0.0048345057659145985 0.013865216668107472
21.278689999363607 0.005105012726383418 0.014569178801215887
21.301919999362728 0.004834833912741976 0.013866071759716103
21.325149999361848 0.005104480075601936 0.014567791474329184
21.34837999936097 0.00483556829062326 0.013867983990978328
21.37261999936005 0.005101141725179059 0.014559105489841961
21.39584999935917 0.004838601143159593 0.013875874909097252
21.419079999358292 0.005100818386283179 0.014558262892994112
21.442309999357413 0.004839122954526043 0.013877233943437872
21.465539999356533 0.005100100903971949 0.014556394614928525
21.489779999355616 0.004842355827277767 0.013885645436906291
21.513009999354736 0.005097164549047184 0.014548754721466217
21.536239999353857 0.004842674406756009 0.013886475565871859
21.559469999352977 0.005096653451397648 0.014547423553823435
21.582699999352098 0.004843375397953431 0.013888300848885482
21.60693999935118 0.0050935227748823975 0.014539277919511928
21.6301699993503 0.004846218346273856 0.01389569766494514
21.65339999934942 0.005093209004452093 0.014538460291635413
21.676629999348542 0.004846718953819162 0.013897001456719682
21.699859999347662 0.005092524201715243 0.014536677124976638
21.724099999346745 0.004849750684026599 0.013904889599236636
21.747329999345865 0.0050897717397263564 0.014529515698313844
21.770559999344986 0.004850059696506759 0.013905694770377508
21.793789999344106 0.0050892814929042185 0.014528238858013687
21.817019999343227 0.004850728697308182 0.013907436742699453
21.84125999934231 0.005086345628122824 0.014520600107503778
21.86448999934143 0.004853393570388609 0.013914370234835438
21.88771999934055 0.005086041409448683 0.014519807401636164
21.91094999933967 0.004853873672511777 0.013915620605253753
21.93417999933879 0.005085387914916195 0.014518105773941858
21.958419999337874 0.0048567167193493965 0.013923017814665428
21.981649999336994 0.005082807889648433 0.014511393005678386
22.004879999336115 0.0048570161975366455 0.01392379811662181
22.028109999335236 0.005082337799889092 0.014510168683534719
22.051339999334356 0.0048576545549308126 0.013925460287012026
22.07557999933344 0.0050795846783614484 0.014503005415344994
22.09880999933256 0.004860152448388555 0.013931959324131604
22.12203999933168 0.00507928996432272 0.014502237504476767
22.1452699993308 0.004860612734414627 0.013933158070089657
22.16849999932992 0.005078666455793135 0.014500613970280796
22.192739999329003 0.004863278788549308 0.01394009476393121
22.215969999328124 0.00507624812152041 0.01449432190074873
22.239199999327244 0.004863568793938566 0.013940850359361878
22.262429999326365 0.005075797505053603 0.014493148313321491
22.285659999325485 0.0048641778064951735 0.013942436110336853
22.309899999324568 0.005073215802886555 0.014486431062665783
22.33312999932369 0.004866519127662783 0.013948527770790697
22.35635999932281 0.005072930519074981 0.014485687749710152
22.37958999932193 0.004866960276069365 0.013949676661462185
22.40281999932105 0.005072335721769683 0.014484138988424267
22.427059999320132 0.0048694603064095565 0.013956181379948251
22.450289999319253 0.005070068999240673 0.01447824139263476
22.473519999318373 0.004869740925732224 0.01395691249861386
22.496749999317494 0.005069637183625186 0.01447711678635999
22.519979999316615 0.004870321845013903 0.013958425089699578
22.544219999315697 0.005067216275847497 0.014470817908029954
22.567449999314817 0.004872516355614587 0.013964134772559422
22.590679999313938 0.005066940324561897 0.014470098935259745
22.61390999931306 0.0048729390332453715 0.013965235545787547
22.63713999931218 0.005066373010657044 0.014468621748009447
22.66137999931126 0.004875283331893798 0.013971335068463375
22.684609999310382 0.005064248446113084 0.014463094027650225
22.707839999309503 0.004875554673852256 0.01397204199508062
22.731069999308623 0.005063834770930198 0.014462016680760748
22.754299999307744 0.004876108704975568 0.013973484565843464
22.778539999306826 0.005061564688569886 0.014456110235905317
22.801769999305947 0.004878165560965209 0.013978836093542224
22.824999999305067 0.005061297951207688 0.014455415291347862
22.848229999304188 0.0048785704217635395 0.01397989045422987
22.87145999930331 0.005060756938196409 0.014454006598152436
22.89569999930239 0.004880768645141864 0.013985609905864393
22.91892999930151 0.0050587656645610934 0.014448825681590005
22.94215999930063 0.004881030837781353 0.013986292976253534
22.965389999299752 0.005058369482686342 0.014447793906902096
22.988619999298873 0.004881559140971881 0.013987668548987031
23.012859999297955 0.005056240872219342 0.014442255558611006
23.036089999297076 0.004883486929948 0.013992684265506927
23.059319999296196 0.005055983212372772 0.014441584284119457
23.082549999295317 0.004883874614546646 0.013993693883063152
23.105779999294437 0.005055467362367283 0.014440241120405872
23.13001999929352 0.004885935822776077 0.01399905683716618
23.15324999929264 0.005053601062906421 0.014435385369115927
23.17647999929176 0.004886189010577913 0.013999716431112308
23.19970999929088 0.005053221740895286 0.014434397515505903
23.222939999290002 0.004886692702235074 0.014001027913435049
23.247179999289084 0.005051225826614214 0.014429204429511344
23.270409999288205 0.00488849947859471 0.014005728775290383
23.293639999287326 0.005050977092550757 0.01442855642792562
23.316869999286446 0.004888870613406149 0.014006695282819948
23.340099999285567 0.0050504853107612435 0.014427275941986117
23.36433999928465 0.004890803306949576 0.014011723857076941
23.38756999928377 0.00504873618531676 0.014422725060414532
23.41079999928289 0.004891047648675428 0.014012360389525913
23.43402999928201 0.005048373104089121 0.014421779513607014
23.45725999928113 0.004891527802331153 0.014013610576790736
23.481499999280214 0.005046501652396951 0.014416910266423777
23.504729999279334 0.0048932211202711295 0.01401801623850396
23.527959999278455 0.005046261679199415 0.014416285105145477
23.551189999277575 0.0048935763171370494 0.014018941230631299
23.574419999276696 0.0050457929131455526 0.014415064555628465
23.598659999275778 0.004895388471301332 0.014023656175610189
23.6218899992749 0.005044153646020844 0.014410799508701722
23.64511999927402 0.004895624137838173 0.014024270093582203
23.66834999927314 0.005043806201502021 0.014409894694522585
23.69157999927226 0.004896081785735529 0.014025461674838091
23.715819999271343 0.005042051487617827 0.01440532918656201
23.739049999270463 0.004897668730200033 0.01402959057056341
23.762279999269584 0.005041820099175087 0.014404726405281565
23.785509999268704 0.004898008585822122 0.014030475601911618
23.808739999267825 0.005041373337141164 0.014403563156373256
23.832979999266907 0.0048997076829842 0.014034896386450058
23.856209999266028 0.0050398370672335435 0.014399566092848648
23.87943999926515 0.004899934855420951 0.014035488163477439
23.90266999926427 0.005039504670348749 0.014398700475870552
23.92589999926339 0.004900370989321834 0.01403662372245762
23.950139999262472 0.005037859446926585 0.014394419850738416
23.973369999261593 0.004901858204886311 0.01404049314047695
23.996599999260713 0.005037636457932093 0.014393838964799066
24.019829999259834 0.0049021833005739035 0.014041339726522661
24.043059999258954 0.0050372107278990885 0.014392730485168759
24.067299999258037 0.004903776360541512 0.014045484615243797
24.090529999257157 0.005035771020375002 0.014388984662028204
24.113759999256278 0.004903995228220714 0.014046054746030823
24.1369899992554 0.005035453097886333 0.014388156747591196
24.16021999925452 0.004904410800754877 0.014047136763140067
24.1844599992536 0.005033910565590549 0.014384143313639353
24.20768999925272 0.004905804519070078 0.014050762917861004
24.230919999251842 0.005033695783259962 0.01438358381952165
24.254149999250963 0.004906115420479917 0.014051572532369772
24.277379999250083 0.00503329015182763 0.014382527677503365
24.301619999249166 0.004907609029082938 0.014055458660844344
24.324849999248286 0.005031940972038074 0.014379017392951443
24.348079999247407 0.004907819788173673 0.014056007657869962
24.371309999246527 0.005031636966100872 0.014378225728417515
24.394539999245648 0.004908215714074959 0.014057038515591369
24.41877999924473 0.005030190746066698 0.014374462887722927
24.44200999924385 0.004909521779292603 0.01406043661194012
24.46523999924297 0.005029983971498786 0.014373924264787785
24.488469999242092 0.004909819036341689 0.014061210687799086
24.511699999241213 0.005029597542518638 0.01437291812672603
24.535939999240295 0.0049112193719897945 0.01406485413224523
24.559169999239415 0.005028333230953086 0.014369628656063504
24.582399999238536 0.004911422224058493 0.014065382521943892
24.605629999237657 0.005028042599796612 0.014368871828729368
24.628859999236777 0.004911799381277393 0.014066364507092644
24.65309999923586 0.0050266867078262445 0.014365344011690873
24.67632999923498 0.004913023274141226 0.014069548805673016
24.6995599992341 0.005026487737298413 0.01436482572848563
24.72278999923322 0.004913307420787882 0.014070288734124858
24.74601999923234 0.00502611965084232 0.014363867354461046
24.770259999231424 0.004914620279852344 0.01407370457591206
24.793489999230545 0.005024934900159872 0.014360784887945677
24.816719999229665 0.004914815430442143 0.014074212894754634
24.839949999228786 0.005024657117773446 0.014360061527141088
24.863179999227906 0.004915174661361155 0.014075148200842769
24.88741999922699 0.005023385939683989 0.0143567541253109
24.91064999922611 0.00491632152142929 0.014078132073402916
24.93387999922523 0.005023194566144085 0.014356255641112536
24.95710999922435 0.004916593075898423 0.014078839204945126
24.98033999922347 0.005022843997259718 0.014355342882255151
25.004579999222553 0.004917823896082862 0.014082041592211603
25.027809999221674 0.005021733830217312 0.014352454470123455
25.051039999220794 0.004918011553638135 0.014082530384629255
25.074269999219915 0.0050214683864525655 0.01435176324654508
25.097499999219036 0.004918353666213182 0.01408342111590688
25.121739999218118 0.005020276655658518 0.014348662557273073
25.14496999921724 0.004919428313371443 0.014086217103914667
25.16819999921636 0.005020092669654308 0.014348183325096908
25.19142999921548 0.004919687777892645 0.014086892746689728
25.2146599992146 0.0050197588272299365 0.014347314121054833
25.238899999213682 0.004920841660124409 0.014089894951530013
25.262129999212803 0.005018718576418779 0.014344607618899108
25.285359999211924 0.00492102203493916 0.014090364765850794
25.308589999211044 0.005018464976850767 0.014343947244166433
25.331819999210165 0.004921347803901632 0.014091212940026132
25.356059999209247 0.005017347752809709 0.014341040412468864
25.379289999208368 0.004922354758138736 0.014093832803252493
25.402519999207488 0.005017170943430571 0.014340579881844118
25.42574999920661 0.004922602619208627 0.014094478225312734
25.44897999920573 0.005016853068977478 0.01433975225737516
25.47321999920481 0.004923684348793422 0.014097292698744823
25.496449999203932 0.005015878357537584 0.014337216277615639
25.519679999203053 0.004923857652252006 0.014097744087104846
25.542909999202173 0.005015636123642864 0.01433658550535899
25.566139999201294 0.004924167820109626 0.014098551638719314
25.590379999200376 0.005014588771515172 0.014333860471593685
25.613609999199497 0.0049251113196936425 0.014101006404354521
25.636839999198617 0.005014418927440589 0.014333418091494465
25.660069999197738 0.004925348048226641 0.014101622832696226
25.68329999919686 0.005014116294143278 0.0143326301538238
25.70753999919594 0.004926362114261229 0.01410426125497688
25.73076999919506 0.0050132030179027565 0.014330254017447253
25.753999999194182 0.004926528557689824 0.014104694768302117
25.777229999193302 0.0050129716865812135 0.01432965164074318
25.801469999192385 0.004927608603069289 0.01410750490902224
25.824699999191505 0.005011989858725863 0.014327097092659002
25.847929999190626 0.004927707855478802 0.014107763559667585
25.871159999189747 0.0050118267688665785 0.014326672312359179
25.894389999188867 0.004927933907005966 0.014108352180508543
25.91862999918795 0.005010780841404605 0.014323950938111008
25.94185999918707 0.004928884520369214 0.01411082550707432
25.96508999918619 0.005010682990677973 0.014323695940854364
25.98831999918531 0.004929044314520459 0.014111241695613508
26.01154999918443 0.005010462114191427 0.014323120793091615
26.035789999183514 0.004930057200861371 0.014113877094856786
26.059019999182635 0.0050095417321824876 0.014320726119065874
26.082249999181755 0.00493015365097027 0.014114128431463868
26.105479999180876 0.005009385186265591 0.014320318389338116
26.128709999179996 0.004930369465486528 0.014114690391575646
26.15294999917908 0.005008404305550718 0.014317766261384701
26.1761799991782 0.004931260576106489 0.014117008900937922
26.19940999917732 0.00500830926352791 0.014317518594419987
26.22263999917644 0.004931413930580608 0.01411740831108732
26.24586999917556 0.005008098409275741 0.014316969548444636
26.270109999174643 0.0049323638156766325 0.01411987978703344
26.293339999173764 0.005007235647503494 0.01431472479480611
26.316569999172884 0.00493245745294979 0.0141201237844224
26.339799999172005 0.005007085436965819 0.014314333572096327
26.363029999171125 0.004932663455661568 0.01412066019103042
26.387269999170208 0.005006165575516253 0.01431194021054294
26.41049999916933 0.004933498768807776 0.014122833523277922
26.43372999916845 0.005006073347283313 0.014311699885671825
26.45695999916757 0.0049336458912091485 0.014123216696115826
26.48018999916669 0.005005872097474162 0.014311175853209956
26.504429999165772 0.004934536676548862 0.014125534400843964
26.527659999164893 0.005005063367359619 0.014309071682938601
26.550889999164013 0.004934627501139377 0.01412577106034707
26.574119999163134 0.0050049192855444735 0.014308696428533274
26.597349999162255 0.004934824102387214 0.014126282983051297
26.621589999161337 0.005004056664200007 0.014306452000845127
26.644819999160458 0.004935607093737082 0.014128320181816534
26.668049999159578 0.005003967244711971 0.014306219003989984
26.6912799991587 0.004935748189482836 0.014128687653103267
26.71450999915782 0.005003775196515736 0.014305718935214706
26.7387499991569 0.004936583535826267 0.014130861110828175
26.761979999156022 0.005003017132111487 0.014303746589539035
26.785209999155143 0.004936671557479566 0.014131090458180395
26.808439999154263 0.005002878975183478 0.014303386771752358
26.831669999153384 0.004936859153282902 0.014131578928289201
26.855909999152466 0.005002070047953722 0.014301282050466213
26.879139999151587 0.0049375930827255665 0.01413348847482121
26.902369999150707 0.005001983423063017 0.014301056343302143
26.925599999149828 0.004937728354389992 0.014133840773378203
26.94882999914895 0.005001800187541816 0.014300579225623444
26.97306999914803 0.0049385116965990905 0.014135878921528455
26.99629999914715 0.005001089631354594 0.014298730490036604
27.019529999146272 0.004938596933349304 0.014136101005446378
27.042759999145392 0.005000957198199707 0.014298385584088358
27.065989999144513 0.004938775905243942 0.014136567016875823
27.090229999143595 0.005000198637820641 0.014296411912750884
27.113459999142716 0.004939463830732738 0.014138356867920976
27.136689999141836 0.005000114785679077 0.014296193437435267
27.159919999140957 0.004939593477796711 0.014138694512932926
27.183149999140078 0.004999939988312607 0.014295738294667348
27.20738999913916 0.004940328038763542 0.014140605737955614
27.23061999913828 0.004999273978932739 0.014294005464021708
27.2538499991374 0.004940410516361959 0.014140820626029615
27.27707999913652 0.004999147071744203 0.014293674954202196
27.300309999135642 0.004940581232181662 0.014141265137124215
27.324549999134724 0.004998435756385589 0.014291824209677895
27.347779999133845 0.0049412260218425486 0.014142942754946652
27.371009999132966 0.004998354648101833 0.014291612889949512
27.394239999132086 0.004941350240288633 0.014143266257526932
27.417469999131207 0.004998187927913067 0.01429117878197772
27.44170999913029 0.004942039044035562 0.014145058426928703
27.46493999912941 0.004997563687555995 0.014289554627788803
27.48816999912853 0.004942118794299066 0.014145266202758577
27.51139999912765 0.00499744211226727 0.014289238008846628
27.53462999912677 0.004942281608165233 0.014145690136169176
27.558869999125854 0.0049967751127432125 0.014287502569731991
