0.001020000000000002 0.05266137466915343 0.1319196687839086
0.028289999999999017 0.0394355250912628 0.09629040372258757
0.05556000000000634 0.05231557201011927 0.1314383740309899
0.08283000000000058 0.0391798764002248 0.09529792392564129
0.11110999999998962 0.051235753388689353 0.12969504965888445
0.13837999999999762 0.03841842803248241 0.09263010840572239
0.1656500000000249 0.051012380387414846 0.1292015876085295
0.19292000000005216 0.0381957759810837 0.09199434164811615
0.22019000000007943 0.05074139847040738 0.1286293930938487
0.2474600000001067 0.03793542538583916 0.09124252344572259
0.274730000000134 0.050428349024851944 0.12796213395700473
0.30200000000016125 0.03763498268226728 0.09039082081799821
0.33028000000018953 0.049515336088732376 0.1259362141001752
0.3575500000002168 0.03684740295895639 0.0882409433604292
0.3848200000002441 0.04929586888222981 0.12541253715666612
0.41209000000027135 0.036615435423793086 0.08763870492245474
0.4393600000002986 0.049035217419438275 0.12479514692734783
0.4666300000003259 0.036344642164879204 0.08693616947256233
0.49390000000035317 0.048735480514184304 0.12408198652971159
0.5221800000002583 0.03547810621125613 0.08471323988735735
0.5494500000001342 0.04790670212057824 0.12208650327351078
0.5767200000000101 0.03528140896611698 0.08422048378391445
0.603989999999886 0.04768820292210818 0.12155136890831253
0.6312599999997619 0.03504636961908891 0.08362957974270557
0.6585299999996378 0.0474311648149911 0.12092219515368319
0.6857999999995137 0.034773626016461834 0.08294445195173861
0.7130699999993896 0.047136835634220775 0.1202003713985822
0.7413499999992609 0.03395591175490087 0.08089725302455886
0.7686199999991368 0.046369482090425795 0.11831147579718371
0.7958899999990127 0.03375712476836956 0.08040253251463403
0.8231599999988886 0.046150956687667444 0.11777136091047913
0.8504299999987645 0.033521263806131074 0.07981526106793924
0.8776999999986403 0.045895690733280925 0.11714041191407398
0.9049699999985162 0.03324919893094924 0.07913814356864668
0.9322399999983921 0.04560470696551677 0.11642074688195114
0.9605199999982634 0.03248325428497345 0.07723362821895341
0.9877899999981393 0.04489079478975133 0.11465328939296304
1.0150599999981824 0.03228316684938526 0.07673691874754418
1.042329999998361 0.04467218367684378 0.11411143438259108
1.0695999999985397 0.032047474956109046 0.07615176261063228
1.0968699999987184 0.04441839744372689 0.11348235874346635
1.124139999998897 0.03177708133332857 0.07548053691749379
1.1524199999990823 0.043649870040424865 0.11157649365436395
1.179689999999261 0.031061519078556143 0.07370442650861397
1.2069599999994396 0.043466031400234306 0.11112026786621598
1.2342299999996182 0.03086065041937858 0.07320618293806813
1.261499999999797 0.04324761245388986 0.11057827872914539
1.2887699999999755 0.030625645977534366 0.07262324029339018
1.3160400000001542 0.042995503466843776 0.10995269077439529
1.3433100000003328 0.030357393551925127 0.07195783107735165
1.3715900000005181 0.042277380067153425 0.108170728575252
1.3988600000006968 0.029689839239745778 0.07030173341551205
1.4261300000008754 0.04209252013859277 0.10771187094753554
1.453400000001054 0.029488607146139878 0.06980269891025959
1.4806700000012327 0.0418745202580908 0.1071707868497529
1.5079400000014114 0.02925465720167375 0.06922250085505954
1.53521000000159 0.04162423787749869 0.10654959398838093
1.5634900000017753 0.02853582785251907 0.06743939248429198
1.590760000001954 0.0409536243754165 0.1048852567398173
1.6180300000021326 0.02836676471579358 0.06702019405980808
1.6453000000023112 0.04076810447853185 0.10442474280403236
1.67257000000249 0.02816552664905447 0.06652117764426313
1.6998400000026685 0.040550822421439814 0.10388541309604982
1.7271100000028472 0.027932933030249796 0.06594437929693386
1.7543800000030259 0.04030260710404787 0.10326932189298477
1.7826600000032111 0.027260805691944445 0.06427720694418548
1.8099300000033898 0.039676896512381266 0.1017163532899601
1.8372000000035684 0.027090724181217496 0.06385548050654721
1.864470000003747 0.039491055694831134 0.10125504189637535
1.8917400000039257 0.02688980013625886 0.06335724504057394
1.9190100000041044 0.039274773245083106 0.10071819035688545
1.946280000004283 0.02665882727991276 0.06278447047469715
1.9745600000044683 0.03860150788968386 0.099047180010714
2.001830000004647 0.02603089722652629 0.06122695530279554
2.0291000000048256 0.03844565954617307 0.09866014577341042
2.0563700000050043 0.025860142610409257 0.060803554017330175
2.083640000005183 0.03825988697535443 0.09819882481001407
2.1109100000053616 0.025659823889656926 0.060306815862920526
2.13818000000554 0.03804495095507954 0.09766510533235628
2.165450000005719 0.02543070959073201 0.05973864769286408
2.193730000005904 0.03741550643209979 0.09610223183988964
2.2210000000060828 0.024844591496680835 0.058284854177070855
2.2482700000062614 0.03725870256916641 0.0957128338489488
2.27554000000644 0.02467348158225935 0.0578605645330077
2.3028100000066187 0.037073212783809706 0.09525222263887523
2.3300800000067974 0.02447403400372239 0.057365981069990024
2.357350000006976 0.03685977368415372 0.09472222659607787
2.3856300000071613 0.023843723909219183 0.05580257309949488
2.41290000000734 0.03627155036969454 0.09326169427448239
2.4401700000075186 0.02370041863457495 0.055447247795203936
2.4674400000076973 0.03611410724236641 0.09287071739567665
2.494710000007876 0.02352924619502239 0.05502279609544969
2.5219800000080546 0.03592916614983277 0.09241147589753584
2.549250000008233 0.023330912610032395 0.05453096954229908
2.576520000008412 0.035717440272366896 0.09188574008510697
2.604800000008597 0.02274120216938913 0.053068270973410936
2.632070000008776 0.03516821782113988 0.09052203767659917
2.6593400000089544 0.022596952775724155 0.05271059662015354
2.686610000009133 0.0350104274869969 0.0901302063214593
2.7138800000093117 0.02242598720226119 0.05228665149470402
2.7411500000094904 0.03482627888640577 0.0896729392564466
2.768420000009669 0.022228989129958965 0.0517981316833116
2.7956900000098477 0.034616462476708576 0.08915195039690404
2.823970000010033 0.02167771103978622 0.05043076536050961
2.8512400000102116 0.0341041310481357 0.08787984056676246
2.8785100000103903 0.021532811725536782 0.050071472239032744
2.905780000010569 0.033946262931746074 0.08748782289723644
2.9330500000107476 0.021362300632005393 0.04964864833328919
2.960320000010926 0.03376312995749475 0.08703308355735295
2.987590000011105 0.021166839762687406 0.049163935938467684
3.01587000001129 0.03321094502898514 0.08566168309198652
3.043140000011469 0.020651933483623708 0.047886789728823764
3.0704100000116474 0.03307816488368054 0.08533178732513802
3.097680000011826 0.020506656206294327 0.04752655295900965
3.1249500000120047 0.032920547122460175 0.08494019895047833
3.1522200000121834 0.020336826855735013 0.047105414472659035
3.179490000012362 0.03273872581785631 0.08448849275244363
3.2067600000125407 0.020143086401776533 0.046624964368702226
3.235040000012726 0.03222251722519687 0.08320611448965343
3.2623100000129046 0.01966259303986495 0.04543317851293249
3.2895800000130833 0.03208910975236512 0.08287466641483388
3.316850000013262 0.019517188927327567 0.04507262150239555
3.3441200000134406 0.031931890637074245 0.08248407372832833
3.371390000013619 0.019348249561052744 0.044653685407680666
3.398660000013798 0.0317514738695297 0.08203586135038243
3.426940000013983 0.01883060366291167 0.043369747142485426
3.454210000014162 0.031269186274802796 0.08083774482995354
3.4814800000143404 0.018708452897213235 0.043066864515872716
3.508750000014519 0.03113540263737946 0.080505367720618
3.5360200000146977 0.018563153564655432 0.042706562221228594
3.5632900000148764 0.030978791881330014 0.0801162910870068
3.590560000015055 0.018395294642664983 0.042290301335135005
3.6178300000152337 0.030799948508918762 0.07967199145890724
3.646110000015419 0.017911102394072898 0.04108934354981608
3.6733800000155976 0.03034975954003627 0.07855361018060947
3.7006500000157763 0.017788314963412488 0.04078487654265439
3.727920000015955 0.03021583185716359 0.07822088007415351
3.7551900000161336 0.017643333741951595 0.04042535851848106
3.782460000016312 0.030060021799037107 0.07783379676055135
3.809730000016491 0.01747672909832987 0.04001220437799269
3.838010000016676 0.029575417363854273 0.07662993306042365
3.865280000016855 0.0170242083475729 0.0388898059637488
3.8925500000170334 0.029463081935571563 0.07635084003547732
3.919820000017212 0.01690101890537743 0.03858433702491615
3.9470900000173907 0.02932922446587583 0.07601828866000693
3.9743600000175694 0.016756551992801016 0.03822609028778512
4.001630000017675 0.029174391182563042 0.07563363559199843
4.028900000016643 0.016591359916977355 0.03781643583569139
4.057180000015572 0.028721112618705247 0.07450728238284077
4.08445000001454 0.016168815581464657 0.036768391741193174
4.1117200000135075 0.02860822783544248 0.07422665492495817
4.138990000012475 0.016045441188758724 0.03646245964071815
4.166260000011443 0.02847472100899473 0.0738947724463257
4.19353000001041 0.01590166872767751 0.036105931344432296
4.220800000009378 0.028321120796397037 0.07351294878833459
4.249080000008307 0.01544715011848663 0.03497858051004776
4.276350000007275 0.027897528119586453 0.07245998614047178
4.303620000006243 0.015343852918494494 0.03472244443415429
4.33089000000521 0.02778424163702242 0.07217836403713429
4.358160000004178 0.01522049411799209 0.03441654693275842
4.385430000003145 0.027651184048396397 0.07184760163096993
4.412700000002113 0.015077581206551227 0.03406214688723708
4.439970000001081 0.027498867284990847 0.07146897120141604
4.46825000000001 0.014652205541113794 0.03300708267598429
4.495519999998978 0.027103223739751495 0.07048547989414455
4.522789999997945 0.014548283054814813 0.03274939159378931
4.550059999996913 0.026989736749180593 0.07020336283130035
4.5773299999958805 0.014425124880062867 0.03244398795620995
4.604599999994848 0.026857295346384813 0.06987413509997875
4.631869999993816 0.014283222520791616 0.03209209098138377
4.659139999992783 0.026706395229044947 0.06949902864177293
4.687419999991713 0.013885445831372079 0.03110548330114149
4.71468999999068 0.026337200893202906 0.06858128071323133
4.741959999989648 0.013781101672492803 0.030846742567613994
4.769229999988616 0.026223699409390844 0.06829913069056337
4.796499999987583 0.013658314595476171 0.03054225591334614
4.823769999986551 0.026092027326900302 0.0679718179348976
4.8510399999855185 0.013517560585210031 0.030193204054718148
4.879319999984448 0.02569396319910977 0.06698231597370707
4.9065899999834155 0.013145913756597018 0.029271408537423493
4.933859999982383 0.02559849287595572 0.06674498498109305
4.961129999981351 0.01304133655576556 0.02901208631801433
4.988399999980318 0.025485148652306555 0.06646322858094855
5.015669999979286 0.01291907737842979 0.028708905838525922
5.042939999978254 0.025354386070222116 0.06613817893296181
5.070209999977221 0.012779597144834676 0.028363010438170466
5.098489999976151 0.024982185546277288 0.06521264015614259
5.125759999975118 0.012432682419669994 0.027502559768766144
5.153029999974086 0.024886366580694767 0.06497426622961155
5.1802999999730535 0.012328046715901264 0.02724308925228236
5.207569999972021 0.024773422923514254 0.0646932967594771
5.234839999970989 0.012206459409081494 0.0269415722879085
5.262109999969956 0.024643795412434222 0.06437082819092943
5.290389999968886 0.01183271318372392 0.026014571900778716
5.317659999967853 0.02429609281035927 0.06350585443254397
5.344929999966821 0.011744854448414888 0.025796711596737243
5.372199999965789 0.024200028654528083 0.06326687300226563
5.399469999964756 0.011640321529007736 0.02553749307639963
5.426739999963724 0.024087546032871776 0.0629870525051257
5.454009999962691 0.011519538021132925 0.025237967074598355
5.481279999961659 0.023959071841463064 0.06266745471615875
5.509559999960588 0.011169854472336982 0.024370650879323996
5.536829999959556 0.023634416738209874 0.06185981251499717
5.564099999958524 0.011081561190103839 0.02415170983309789
5.591369999957491 0.023538269572543347 0.061620626743674745
5.618639999956459 0.01097727988106445 0.023893112670048122
5.6459099999554265 0.02342638181985346 0.06134228789340668
5.673179999954394 0.010857420800154727 0.023595877028725898
5.7014599999533235 0.023076920413142687 0.060472943838019155
5.728729999952291 0.010530525164256677 0.022785082879284158
5.755999999951259 0.022996322423293192 0.06027243703274898
5.783269999950226 0.010441961916046183 0.02256546953068872
5.810539999949194 0.022900242209002553 0.06003341971584364
5.837809999948162 0.010338069327063493 0.022307834005441673
5.865079999947129 0.02278907205838221 0.05975686759887022
5.892349999946097 0.01021924469974933 0.022013161806933024
5.920629999945026 0.022462031280889194 0.058943295666313844
5.947899999943994 0.009913923764481303 0.021255880269532845
5.9751699999429615 0.022381001863743255 0.05874171759072677
6.002439999941929 0.009825243036972964 0.02103597303938498
6.029709999940897 0.022285127064932464 0.05850321294808003
6.056979999939864 0.009721865263442875 0.02077961209400181
6.084249999938832 0.02217478682729279 0.05822872674718926
6.112529999937761 0.009393476343742213 0.019965116235987068
6.139799999936729 0.02186919640281726 0.05746797751106092
6.167069999935697 0.009319274438101988 0.019781119045725326
6.194339999934664 0.021787961843910297 0.05726570886339655
6.221609999933632 0.009230617328588209 0.019561268087486816
6.2488799999325995 0.02169250611248219 0.05702803423004443
6.276149999931567 0.009127870114894243 0.01930646897271293
6.303419999930535 0.021583196832508422 0.05675586880993233
6.331699999929464 0.008820468260975933 0.018544028015321512
6.358969999928432 0.02129775536273637 0.05604513501387132
6.386239999927399 0.008745826290564862 0.018358937047735502
6.413509999926367 0.02121638458921571 0.05584252871647655
6.440779999925335 0.008657323173402065 0.01813946590164539
6.468049999924302 0.021121378996884266 0.055605976139649904
6.49531999992327 0.008555312537536719 0.01788649172943524
6.522589999922237 0.021013094582761238 0.05533636353967086
6.550869999921167 0.008267790683490595 0.01717335958589805
6.578139999920134 0.02074666812691084 0.054672973559632965
6.605409999919102 0.008192852659151262 0.01698753220411575
6.63267999991807 0.020665292444719485 0.05447035636539921
6.659949999917037 0.008104623814805256 0.016768739358452578
6.687219999916005 0.020570844800413157 0.054235194110718865
6.7144899999149725 0.008003446638657152 0.016517830566042946
6.742769999913902 0.020283637670260424 0.053520067978729546
6.7700399999128695 0.007734750912579913 0.01585139311852668
6.797309999911837 0.020215237344528902 0.053349756563525474
6.824579999910805 0.007659650417313202 0.015665160805489187
6.851849999909772 0.020133978151115728 0.05314743057188709
6.87911999990874 0.0075718066265232364 0.015447321173123196
6.906389999907708 0.020040187277523103 0.052913904548101964
6.933659999906675 0.007471551212641758 0.015198696907747777
6.961939999905605 0.019771488948236104 0.05224486180218646
6.989209999904572 0.007220678505692302 0.0145764659699954
7.01647999990354 0.019702788283054162 0.05207380378878801
7.0437499999025075 0.007145539291730674 0.014390135812558658
7.071019999901475 0.019621785478759035 0.05187204788076327
7.098289999900443 0.007058182397319923 0.0141735021257694
7.12555999989941 0.019528841019702203 0.05164038298377527
7.15383999989834 0.006787970133932841 0.013503304940798433
7.181109999897307 0.019277940675454297 0.05101498467845467
7.208379999896275 0.006724924637343088 0.013346969102334683
7.235649999895243 0.019209137521713715 0.05084348969240926
7.26291999989421 0.006649861192217554 0.01316082519740025
7.290189999893178 0.019128524792313084 0.05064256088559427
7.3174599998921455 0.006563084629559679 0.0129456293236907
7.344729999891113 0.01903640904617121 0.05041296226856451
7.3730099998900425 0.006310219362169467 0.01231845784170904
7.40027999988901 0.0188020876150099 0.04982888677800279
7.427549999887978 0.006246861474367483 0.01216134553617687
7.454819999886945 0.018733223926531095 0.04965724181110742
7.482089999885913 0.0061719795561515625 0.011975650315421138
7.509359999884881 0.01865303759090331 0.04945737654383775
7.536629999883848 0.006085868856235965 0.01176210450686277
7.564909999882778 0.01840087703330262 0.048828840302805876
7.592179999881745 0.00584943459672671 0.011175686677022956
7.619449999880713 0.018343196371080395 0.0486850684789597
7.64671999987968 0.005785881565103623 0.011018088832881467
7.673989999878648 0.018274378773369016 0.04851353917918466
7.701259999877616 0.005711278709085721 0.010833084322048325
7.728529999876583 0.018194705963366475 0.04831495452488621
7.755799999875551 0.00562591197188933 0.010621382387587808
7.78407999987448 0.01795867849408983 0.047726629839461854
7.811349999873448 0.005405036679129616 0.010073555181266958
7.8386199998724155 0.017900684918196963 0.04758207889051791
7.865889999871383 0.005341397239074452 0.009915741603272465
7.893159999870351 0.017832011960668637 0.04741091078961368
7.920429999869318 0.005267163236835293 0.009731650610611542
7.947699999868286 0.01775293249459453 0.047213805603874004
7.974969999867254 0.005182611580688556 0.009521969033277067
8.003249999866183 0.01753233468988058 0.04666357242492092
8.03051999986515 0.004976465163396893 0.009010673489806553
8.057789999864118 0.017474210156750214 0.04651851441170862
8.085059999863086 0.00491284002110115 0.008852894056421423
8.112329999862053 0.01740585837693298 0.04634793408392346
8.139599999861021 0.00483905737435153 0.008669921299009342
8.166869999859989 0.017327543297786296 0.04615249009259914
8.195149999858918 0.0046167030048348545 0.008118427022707486
8.222419999857886 0.01712152967002989 0.0456383299711427
8.249689999856853 0.004563177766899074 0.007985696775691942
8.276959999855821 0.01706330286380442 0.04549301732197364
8.304229999854789 0.004499660057912691 0.007828182578384357
8.331499999853756 0.016995270039835364 0.045323233482397196
8.358769999852724 0.004426404408210627 0.0076465157491045765
8.386039999851691 0.01691768681059791 0.04512961630501744
8.41431999985062 0.004218392402520754 0.0071305944062016735
8.441589999849588 0.01672535768655503 0.044649607781266365
8.468859999848556 0.004164649836893242 0.006997323926527521
8.496129999847524 0.016667122365573994 0.04450427440276794
8.523399999846491 0.004101325559656588 0.006840288346876555
8.550669999845459 0.016599485418249404 0.04433547894560075
8.577939999844427 0.004028666094510358 0.006660099123478869
8.606219999843356 0.016392225612427147 0.043818211350243885
8.633489999842324 0.0038342380606731785 0.00617786961498723
8.660759999841291 0.016343316879801617 0.0436961532711444
8.688029999840259 0.0037803738252570884 0.006044296242613267
8.715299999839226 0.016285159797580273 0.04355101559531116
8.742569999838194 0.0037173222521951206 0.005887935972537228
8.769839999837162 0.016217989299689206 0.04338338458002022
8.79710999983613 0.0036453220900348753 0.005709380975105205
8.825389999835059 0.016024052146742185 0.04289936549445317
8.852659999834026 0.003463755999382423 0.005259052406314524
8.879929999832994 0.01597492175428805 0.04277675470413245
8.907199999831962 0.0034098587785333927 0.005125396177441122
8.93446999983093 0.0159169742613271 0.042632012686050214
8.961739999829897 0.0033471528456636697 0.00496989218785604
8.989009999828864 0.015850431512897445 0.04246570726997856
9.017289999827794 0.0031516613917564884 0.004485026431932937
9.044559999826761 0.01566937724120443 0.042013181233402364
9.071829999825729 0.003106477939889829 0.004372981472844373
9.099099999824697 0.015620185719731006 0.041890239968234155
9.126369999823664 0.003052629837215104 0.004239446096532262
9.153639999822632 0.015562503144980644 0.04174607803062447
9.1809099998216 0.0029903365131422888 0.004084964552419912
9.208179999820567 0.015496549573206786 0.041581245352806384
9.236459999819497 0.0028073651092186402 0.0036311516830478396
9.263729999818464 0.01532742739010029 0.04115854099236982
9.290999999817432 0.002761950837503413 0.0035185332845077966
9.3182699998164 0.015278185984099912 0.04103547538264474
9.345539999815367 0.0027082277500878327 0.0033853070701694854
9.372809999814335 0.015220803340881273 0.0408920633091836
9.400079999813302 0.0026464083861706955 0.003232000197739282
9.428359999812232 0.015038873065170488 0.040437350005062545
9.4556299998112 0.002475297298472845 0.00280760384826495
9.482899999810167 0.0149976658202986 0.0403343635522635
9.510169999809134 0.0024297364279490807 0.0026946209659595155
9.537439999808102 0.014948450943725544 0.0402113645230906
9.56470999980707 0.0023762083995936267 0.0025618777003910687
9.591979999806037 0.014891430667010042 0.04006885830846185
9.619249999805005 0.0023149190613095394 0.0024098846110542915
9.647529999803934 0.014721112853734451 0.03964316781613908
9.674799999802902 0.0021550400974775785 0.0020133466540506184
9.70206999980187 0.014679674062715755 0.03953960296227965
9.729339999800837 0.002109410781545362 0.001900193186987753
9.756609999799805 0.014630556387896565 0.03941684709589666
9.783879999798772 0.002056142338871303 0.001768092966925039
9.81114999979774 0.014573955714963449 0.039275389749982015
9.838419999796708 0.0019954341197339076 0.0016175404363938384
9.866699999795637 0.014414774812021913 0.03887719495885289
9.893969999794605 0.001846189206328952 0.0012473774544830007
9.921239999793572 0.014373252128049407 0.038773247475831774
9.94850999979254 0.0018005638704789997 0.0011342330903940656
9.975779999791508 0.014324378501301749 0.03865089782358888
10.003049999790475 0.0017476143415812162 0.0010029231144015327
10.030319999789443 0.014268343338162516 0.0385106201349128
10.058599999788372 0.0015867027327182148 0.0006038250453865857
10.08586999978734 0.014119695078594454 0.038138466879478194
10.113139999786307 0.0015483534829577874 0.0005087262339720233
10.140409999785275 0.014078092073947168 0.03803431851223671
10.167679999784243 0.0015027991464937607 0.00039575724770646303
10.19494999978321 0.014029440688723915 0.03791252536851086
10.222219999782178 0.0014502229625150687 0.0002653725648560368
10.249489999781145 0.013973924354159561 0.03777354662582999
10.277769999780075 0.001303173699849336 0.00010804137487996357
10.305039999779043 0.013835125205069687 0.03742605039933622
10.33230999977801 0.0012713690214579687 0.0002035453769644313
10.359579999776978 0.013793509201652123 0.03732186964791051
10.386849999775945 0.0012381424426379795 0.00031618536592281643
10.414119999774913 0.013745135302644318 0.03720077128362975
10.44138999977388 0.0012051839642212014 0.00044552114614182514
10.46966999977281 0.013595623679550363 0.0368264583748501
10.496939999771778 0.0011400291078539349 0.0007946068038111598
10.524209999770745 0.013560704613722163 0.03673904277328166
10.551479999769713 0.0011276156993457187 0.0008903450562369741
10.57874999976868 0.013519137937496596 0.036634985634242945
10.606019999767648 0.0011155946501471004 0.0010025143601710695
10.633289999766616 0.013471092243027782 0.03651470899110887
10.660559999765583 0.0011052075581263754 0.001130688392814161
10.688839999764513 0.013331169656064068 0.03616440199338822
10.71610999976348 0.0010927927501629409 0.0014567367703555156
10.743379999762448 0.013296084512670725 0.036076570764975724
10.770649999761416 0.0010925826557177665 0.0015525507187863496
10.797919999760383 0.013254624775038026 0.03597278143682159
10.82518999975935 0.0010940455857459952 0.0016641189022781333
10.852459999758318 0.013207021657494544 0.03585344278773661
10.880739999757248 0.001110187904823201 0.0020150221247572375
10.908009999756215 0.013076431282767144 0.03552587632162929
10.935279999755183 0.001115927664884997 0.002095268643653725
10.96254999975415 0.013041310889123527 0.035437789754921845
10.989819999753118 0.0011237024773047555 0.0021910114254009017
11.017089999752086 0.013000089655956004 0.035334401305220364
11.044359999751054 0.0011339631319318144 0.00230185865388588
11.071629999750021 0.012952925437561325 0.03521610688059784
11.09990999974895 0.001171515896319475 0.0026303368414803963
11.127179999747918 0.012830920970724913 0.03491007603129148
11.154449999746886 0.0011822625969465372 0.002711012474254648
11.181719999745853 0.012795758045886285 0.03482188286414445
11.208989999744821 0.001195571407877849 0.0028065482649441975
11.236259999743789 0.01275474549198774 0.034719017867101964
11.263529999742756 0.001211827220349626 0.0029165646912465704
11.290799999741724 0.012708036179219782 0.03460186444711466
11.319079999740653 0.0012624427548557637 0.003223797809981388
11.34634999973962 0.012594160244313144 0.03431622204239648
11.373619999738589 0.0012768548017161319 0.0033047518236517526
11.400889999737556 0.012559009749075312 0.034228060105190306
11.428159999736524 0.001294361401250832 0.0033999552112251585
11.455429999735491 0.012518250806895614 0.03412583124056123
11.482699999734459 0.0013149321217211796 0.0035090403901039124
11.510979999733388 0.01239541844545633 0.03381772527634164
11.538249999732356 0.001372752603954197 0.0037961521060614345
11.565519999731324 0.012365848655675029 0.03374356072903817
11.592789999730291 0.0013899005119163421 0.003877244569661098
11.620059999729259 0.012330761444330431 0.033655557555123394
11.647329999728226 0.001410285363188435 0.003971999964025308
11.674599999727194 0.012290297329569877 0.03355406818419393
11.701869999726162 0.0014341992115222135 0.004080062300337861
11.730149999725091 0.01217538181908795 0.03326581968984277
11.757419999724059 0.0014955938433585114 0.004348122507102925
11.784689999723026 0.012145731100767554 0.03319136314824389
11.811959999721994 0.0015149401022177544 0.004429223693036555
11.839229999720962 0.012110829217950814 0.03310363655427695
11.86649999971993 0.0015375830771390264 0.004523424762492567
11.893769999718897 0.012070783778783456 0.03300298125907819
11.922049999717826 0.0016092817127864034 0.004812304941692602
11.949319999716794 0.011963597648356639 0.03273354151803742
11.976589999715761 0.0016267153277359503 0.004880408220409027
12.003859999714729 0.011933911190468716 0.032658924278983203
12.031129999713697 0.0016474476915537828 0.004961398033376252
12.058399999712664 0.011899162566265775 0.032571582914631136
12.085669999711632 0.0016718355066688286 0.005054947170934909
12.1129399997106 0.011859483303189977 0.032471848015291904
12.141219999709529 0.0017437372360875612 0.005325275477974234
12.168489999708497 0.011759382529538898 0.03222021845507017
12.195759999707464 0.0017622532178370733 0.00539368560095177
12.223029999706432 0.011729680585135016 0.03214556229762522
12.2502999997054 0.0017841137545596686 0.005474453037868088
12.277569999704367 0.011695125010437124 0.03205870616851403
12.304839999703335 0.0018098560112566053 0.005567260856276235
12.333119999702264 0.011587347788941105 0.03178778184913522
12.360389999701232 0.0018805663850800514 0.005820015373070309
12.3876599997002 0.011562449539417763 0.031725200146670574
12.414929999699167 0.0019000749052192623 0.005888608844850651
12.442199999698135 0.011532776983932735 0.03165061785581624
12.469469999697102 0.0019229532886970713 0.005969051481324872
12.49673999969607 0.011498451007754262 0.031564338820144755
12.524009999695037 0.0019494013427141519 0.006061036330973213
12.552289999693967 0.011397571783567373 0.03131075370348402
12.579559999692934 0.002018091346396411 0.006297148435030486
12.606829999691902 0.01137254842034896 0.031247857517069377
12.63409999969087 0.002038452597008966 0.006365810666097982
12.661369999689837 0.011342946751582539 0.031173453390365147
12.688639999688805 0.002062239182115011 0.00644583416721245
12.715909999687772 0.011308883868431319 0.031087835629750593
12.744189999686702 0.0021383634905429716 0.00669982827600224
12.77145999968567 0.01121456360717843 0.030850676897131724
12.798729999684637 0.002155790042011385 0.0067572781418556715
12.825999999683605 0.011189521736346686 0.03078758212233801
12.853269999682572 0.0021766061259909097 0.006825902955165386
12.88053999968154 0.011160100340800283 0.030713452446662348
12.907809999680508 0.0022008235144902466 0.006905420614933266
12.935079999679475 0.011126412553634335 0.030628572916635566
12.963359999678405 0.0022743427355829127 0.007143215495220012
12.990629999677372 0.01103846966042954 0.030406971302421315
13.01789999967634 0.0022923230272534623 0.0072009882631896005
13.045169999675307 0.011013391678993734 0.03034378551920458
13.072439999674275 0.002313886229962425 0.007269477424198811
13.099709999673243 0.01098411443703562 0.030270019026357176
13.12697999967221 0.002338737155058501 0.007348409723362259
13.154249999671178 0.010950747497608049 0.030185947876570918
13.182529999670107 0.0024092980331891223 0.007570856765504175
13.209799999669075 0.010868650218593956 0.029979075712116554
13.237069999668043 0.002427869585829079 0.007628843454976497
13.26433999966701 0.010843575708787356 0.029915898645771488
13.291609999665978 0.0024497320368083164 0.00769710622554598
13.318879999664945 0.010814475010898605 0.029842576942296084
13.346149999663913 0.0024748006278393353 0.007775380413488353
13.374429999662842 0.010725963505478497 0.029619543584114005
13.40169999966181 0.0025423718986387067 0.007983290435686907
13.428969999660778 0.010704889841415377 0.02956644726583857
13.456239999659745 0.00256128250189136 0.008041389844271052
13.483509999658713 0.01067985544108685 0.029503371224226527
13.51077999965768 0.0025833999833151378 0.008109342557727217
13.538049999656648 0.010650961012657167 0.02943056920221565
13.565319999655616 0.002608844882193706 0.00818689225703384
13.593599999654545 0.010568142523067592 0.029221880766416852
13.620869999653513 0.002673001395813168 0.008381037325189133
13.64813999965248 0.010546980147087659 0.029168560890946438
13.675409999651448 0.0026922089869957366 0.008439155598682913
13.702679999650416 0.010522019714749198 0.029105671180940096
13.729949999649383 0.002714538620927631 0.008506721259571304
13.75721999964835 0.010493358770241601 0.02903345740723484
13.78549999964728 0.0027845272924015285 0.008715844298257114
13.812769999646248 0.01041593297077159 0.028838357172711326
13.840039999645215 0.0028008752270456405 0.008764601258148819
13.867309999644183 0.010394758353406641 0.0287849087594938
13.89457999964315 0.0028203388610047453 0.008822651482354171
13.921849999642118 0.01036996998555717 0.028722284080273663
13.949119999641086 0.0028428392084945964 0.008889759380947826
13.976389999640054 0.010341643777876053 0.02865072116527978
14.004669999638983 0.0029090740814723404 0.00908547949112215
14.03193999963795 0.01026951919602248 0.028468488548338833
14.059209999636918 0.0029257253030693375 0.009134469573057746
14.086479999635886 0.010248346918931173 0.028414999752002235
14.113749999634853 0.002945405261702172 0.009192371386801401
14.141019999633821 0.010223692157530828 0.028352712572154992
14.168289999632789 0.0029680364026015704 0.00925895673704602
14.196569999631718 0.010146073434337044 0.028156599612505495
14.223839999630686 0.003030419562295661 0.009441979790192345
14.251109999629653 0.01012834299145482 0.02811180645082567
14.278379999628621 0.0030473356399113305 0.009491113631865389
14.305649999627589 0.010107187076564439 0.02805835894428288
14.332919999626556 0.0030671935135976325 0.009548792856950428
14.360189999625524 0.010082692280917072 0.02799647585569609
14.387459999624491 0.003089917097818473 0.00961479645130714
14.41573999962342 0.01001003146977053 0.02781288926512193
14.443009999622388 0.0031487824149878385 0.009785794648597967
14.470279999621356 0.009992206712178264 0.027767857775473637
14.497549999620324 0.003165719372672071 0.009834989309920328
14.524819999619291 0.009971097064492174 0.027714527109035103
14.552089999618259 0.0031855261651013715 0.009892377601350422
14.579359999617227 0.009946786402174279 0.027653109167380396
14.606629999616194 0.003208305459306837 0.009957745483768488
14.634909999615124 0.00987882276386487 0.027481390193007105
14.662179999614091 0.003263921898904454 0.010117358864158987
14.689449999613059 0.009860936902209017 0.027436204277564435
14.716719999612026 0.0032810598880015363 0.010166537470090997
14.743989999610994 0.009839901139760188 0.02738306022438408
14.771259999609962 0.0033009353156452374 0.010223571983936086
14.79852999960893 0.009815796713861236 0.027322163270837585
14.826809999607859 0.003360937680304765 0.010395730045242857
14.854079999606826 0.009752281936693308 0.02716168455871859
14.881349999605794 0.003375518032876945 0.010437093025816857
14.908619999604761 0.009734365807675505 0.027116422121842287
14.935889999603729 0.003392822374639337 0.010486184428482037
14.963159999602697 0.009713429390312833 0.027063529003101827
14.990429999601664 0.0034127813582315314 0.01054280750467651
15.017699999600632 0.00968958495878014 0.02700320396722411
15.045979999599561 0.003469550633700802 0.010703876451412242
15.073249999598529 0.009630459668190872 0.026853368154200474
15.100519999597497 0.0034841889154044736 0.010745403942580278
15.127789999596464 0.009612595378885813 0.026808101433140052
15.155059999595432 0.0035014392965881935 0.01079434240258692
15.1823299995944 0.009591843893273166 0.026755518428289715
15.209599999593367 0.003521234609244917 0.010850501265435852
15.237879999592296 0.009528130680517721 0.026594056976392277
15.265149999591264 0.003574554661984086 0.011001066344906718
15.292419999590232 0.00951313129351472 0.02655604998921257
15.3196899995892 0.0035893840171794533 0.011042685071216418
15.346959999588167 0.009495291730301614 0.02651084586876573
15.374229999587135 0.0036067451712847864 0.011091409951913267
15.401499999586102 0.009474684089751717 0.026458627311898297
15.42876999958507 0.003626572367937731 0.011147056425486745
15.457049999584 0.009415060706148615 0.026307529959190834
15.484319999582967 0.0036766706231192714 0.01128767493701055
15.511589999581934 0.009399993824342867 0.02626935188473345
15.538859999580902 0.0036915082146025124 0.011329316926034227
15.56612999957987 0.009382203388086374 0.026224272196850862
15.593399999578837 0.003708773334510141 0.011377772403753372
15.620669999577805 0.00936175923202831 0.026172467854390646
15.648949999576734 0.003762779452270326 0.011529165035162325
15.676219999575702 0.009306010141478582 0.026031188419206597
15.70348999957467 0.0037753418208713585 0.011564065187852357
15.730759999573637 0.009290902924887434 0.025992908080774146
15.758029999572605 0.003790316392463855 0.01160566747373526
15.785299999571572 0.009273184133918089 0.025948009885790047
15.81256999957054 0.0038076421138485417 0.011653802262123758
15.839839999569508 0.009252921404489522 0.02589666522256895
15.868119999568437 0.003858643668328776 0.011795510884093918
15.895389999567405 0.009200841355542 0.02576468358576056
15.922659999566372 0.00387126974408436 0.011830588179617685
15.94992999956534 0.009185719008987125 0.025726364851808015
15.977199999564307 0.003886209017464171 0.011872092526921119
16.004469999563277 0.0091680926060691 0.025681700712942845
16.031739999562244 0.0039034023507563687 0.011919859616649209
16.060019999561174 0.009112072343672728 0.025539734688651006
16.08728999956014 0.003951101921850775 0.012052393760830782
16.11455999955911 0.009099421212387937 0.025507678081182483
16.141829999558077 0.003963768415140456 0.012087583483311182
16.169099999557044 0.009084309325155249 0.02546938013867628
16.196369999556012 0.003978692405414819 0.012128936118327438
16.22363999955498 0.009066852180158791 0.025424998374745655
16.250909999553947 0.003995901325062445 0.012176292527277255
16.279189999552877 0.009014576351285997 0.025292082685912654
16.306459999551844 0.0040409008333698315 0.01230013743788172
16.333729999550812 0.009001895993123288 0.025259845565961392
16.36099999954978 0.004053707762534553 0.012335379506644983
16.388269999548747 0.00898686149578809 0.02522162318491228
16.415539999547715 0.0040686619320438044 0.01237653087019508
16.442809999546682 0.008969532871655361 0.02517756811664107
16.47007999954565 0.004085707339585798 0.012423437408892735
16.49835999954458 0.008920629628554222 0.025053227262461508
16.525629999543547 0.0041277174167996256 0.01253905513102227
16.552899999542515 0.0089079021976326 0.02502087040918699
16.580169999541482 0.004140523082650671 0.012574293844269668
16.60743999954045 0.00889291734288622 0.024982774184023615
16.634709999539417 0.004155387508288588 0.012615198347898371
16.661979999538385 0.00887573319006707 0.024939086364650365
16.690259999537314 0.004200676567026274 0.012739839698328037
16.717529999536282 0.008830024416183413 0.02482286749108109
16.74479999953525 0.0042114828402258775 0.012769449817051637
16.772069999534217 0.008817272114999719 0.0247904473522631
16.799339999533185 0.004224383651629693 0.012804633608365368
16.826609999532153 0.008802355254366123 0.02475252394044114
16.85387999953112 0.004239276046038687 0.012845249407444914
16.881149999530088 0.008785330128002866 0.02470924037529798
16.909429999529017 0.0042820351481867025 0.012961878122219606
16.936699999527985 0.008742646215256 0.02460071226095817
16.963969999526952 0.004292938702834426 0.01299161454625386
16.99123999952592 0.008729889636517663 0.024568281191827968
17.018509999524888 0.004305801862343195 0.013026695755302686
17.045779999523855 0.008715057660700576 0.02453057353690724
17.073049999522823 0.004320574317706494 0.013066984533305348
17.101329999521752 0.008669084520477988 0.02441368299858082
17.12859999952072 0.00436055063078844 0.013176023104910506
17.155869999519687 0.008658384270029407 0.024386479978799613
17.183139999518655 0.004371480990862708 0.01320583274887488
17.210409999517623 0.008645642485458627 0.024354086468514335
17.23767999951659 0.004384290377314803 0.013240767399835818
17.264949999515558 0.0086309109077225 0.024316634012633287
17.292219999514526 0.004398930065466544 0.013280694163164686
17.320499999513455 0.008587883080941938 0.024207231971917764
17.347769999512423 0.0044362710970163866 0.013382544922302397
17.37503999951139 0.008577131453598508 0.024179898277243428
17.402309999510358 0.004447210205095642 0.013412378529775726
17.429579999509325 0.008564422099268887 0.02414758716414722
17.456849999508293 0.004460030520127112 0.013447126124188635
17.48411999950726 0.00854980513487924 0.02411042604892888
17.51239999950619 0.004500552289946391 0.013556726616648085
17.539669999505158 0.008509607199098657 0.024008118230101072
17.566939999504125 0.004509788625830735 0.013581705025578206
17.594209999503093 0.008498862945167551 0.023980703730475117
17.62147999950206 0.0045208120860271706 0.013611516957912073
17.648749999501028 0.008486248248782857 0.023948516407090725
17.676019999499996 0.004533577511022346 0.013646040274495341
17.703289999498963 0.008471811473704682 0.023911679666610564
17.731569999497893 0.004571512177518389 0.013748643461397592
17.75883999949686 0.008434352838580739 0.023816090593842265
17.786109999495828 0.004580798184839474 0.013773756311585839
17.813379999494796 0.008423595079025348 0.023788641580257952
17.840649999493763 0.004591797983762191 0.013803504344778172
17.86791999949273 0.008411043863595813 0.02375661618762015
17.8951899994917 0.004604467830975345 0.013837769253299825
17.922459999490666 0.008396746029937896 0.023720133928839537
17.950739999489596 0.004639951396030906 0.013933742975991148
17.978009999488563 0.008361780253575701 0.023630906084126657
18.00527999948753 0.0046492697407436445 0.013958943380443234
18.0325499994865 0.008351025804336665 0.023603465466137674
18.059819999485466 0.004660231461015352 0.013988588515922995
18.087089999484434 0.00833855181550791 0.023571637079322638
18.1143599994834 0.004672794189016005 0.014022563796101117
18.14263999948233 0.008300841284794025 0.023475405630968282
18.1699099994813 0.004705956176480841 0.01411225837578689
18.197179999480266 0.008291797338884632 0.023452329672701833
18.224449999479233 0.004715345259497017 0.014137502795208423
18.2517199994782 0.008281061764446096 0.023424937167226823
18.27898999947717 0.004726341923659727 0.01416700907970192
18.306259999476136 0.008268677615181352 0.02339333797251042
18.333529999475104 0.004738885457603481 0.014200666252828231
18.361809999474033 0.008233395178849912 0.02330330247866108
18.389079999473 0.004770094072468645 0.014284415271514916
18.41634999947197 0.00822431500979559 0.023280134041048228
18.443619999470936 0.004779503833967302 0.014309663330169808
18.470889999469904 0.008213612692756556 0.02325282634785264
18.49815999946887 0.0047904363917307125 0.014338997676099918
18.52542999946784 0.008201329928700929 0.023221485806046438
18.55370999946677 0.004824063872875817 0.014429237305768616
18.580979999465736 0.00816834746800621 0.023137319342114715
18.608249999464704 0.0048319630363086175 0.014450431894930116
18.63551999946367 0.008159247108968981 0.023114099337306904
18.66278999946264 0.004841360190590449 0.014475646206280057
18.690059999461607 0.008148591316707088 0.023086910313152575
18.717329999460574 0.0048522173224567755 0.014504778236235083
18.744599999459542 0.008136420478320416 0.0230558553221627
18.77287999945847 0.004883687201270859 0.01458922802395346
18.80014999945744 0.008105615990732007 0.02297724657042144
18.827419999456406 0.004891622379516347 0.014610519335989114
18.854689999455374 0.008096510315905303 0.0229540129545569
18.88195999945434 0.00490099404674138 0.01463566533451699
18.90922999945331 0.008085913263871092 0.022926973769066272
18.936499999452277 0.004911765383048716 0.014664567217959057
18.964779999451206 0.008052751485979726 0.02284235007273816
18.992049999450174 0.004941191326952699 0.01474353218451352
19.01931999944914 0.008045121271205824 0.02282288136224997
19.04658999944811 0.004949148185289576 0.014764881749462777
19.073859999447077 0.00803602405983761 0.02279966929585875
19.101129999446044 0.0049584824779389525 0.014789927532410374
19.128399999445012 0.008025496971237445 0.02277280858867803
19.15566999944398 0.004969158544012364 0.01481857384190155
19.18394999944291 0.007994455649897203 0.022693595827949498
19.211219999441877 0.004996760987319604 0.0148923444612592
19.238489999440844 0.0079868151951763 0.02267402755874448
19.265759999439812 0.005004785148600921 0.014913716576259173
19.29302999943878 0.007977775254553343 0.022650869564277976
19.320299999437747 0.005014139809996543 0.01493863275299212
19.347569999436715 0.007967369926191958 0.02262421358931732
19.375849999435644 0.005043926047341052 0.015017977515763281
19.40311999943461 0.007938452842057075 0.022550127123299735
19.43038999943358 0.005050637552186599 0.015035853172640223
19.457659999432547 0.007930789365225177 0.022530495439654352
19.484929999431515 0.005058657730043992 0.015057214748215308
19.512199999430482 0.007921782271546718 0.02250742155079921
19.53946999942945 0.0050679535649519325 0.015081974299713252
19.566739999428417 0.007911466246586008 0.022480994315354774
19.595019999427347 0.005095841697149495 0.01515626296884065
19.622289999426314 0.007884444280468306 0.022411763066998436
19.649559999425282 0.005102591412212809 0.015174240474824519
19.67682999942425 0.007876769165955255 0.02239210152541471
19.704099999423217 0.005110596112321675 0.015195560890313153
19.731369999422185 0.007867805724310672 0.02236913942352814
19.758639999421153 0.005119823816376989 0.015220139028737645
19.78590999942012 0.007857587547102862 0.02234296281818926
19.81418999941905 0.0051459135405920176 0.015289637172610782
19.841459999418017 0.007832359946738254 0.022278328669056435
19.868729999416985 0.005152688711693609 0.015307682551968238
19.895999999415952 0.00782468533893943 0.022258668383956515
19.92326999941492 0.005160667314665246 0.015328933518554688
19.950539999413888 0.00781577548923873 0.022235843536144717
19.977809999412855 0.005169818373515156 0.015353307562104845
20.006089999411785 0.007788581475578815 0.022166171795778844
20.033359999410752 0.0051942046404021 0.015418268105349409
20.06062999940972 0.007782133770628752 0.022149654666736573
20.087899999408688 0.005200993421409117 0.01543634980034625
20.115169999407655 0.007774470913038289 0.02213002444250156
20.142439999406623 0.00520893613332063 0.015457505225757728
20.16970999940559 0.00776562377968204 0.02210736022461024
20.196979999404558 0.0052180027764687775 0.015481654472260242
20.225259999403487 0.007740177308957152 0.022042165618185727
20.252529999402455 0.005240776002736536 0.015542318262073973
20.279799999401423 0.007733701848218866 0.022025577342088543
20.30706999940039 0.005247567405621489 0.015560407001025123
20.334339999399358 0.007726061133635054 0.022006003805341567
20.361609999398325 0.005255465211535193 0.015581442870093998
20.388879999397293 0.007717285072218472 0.021983521624546754
20.417159999396223 0.005280065293588376 0.01564677518657298
20.44442999939519 0.007693494015696967 0.0219225681262758
20.471699999394158 0.005285800124963269 0.015661944831268926
20.498969999393125 0.007687002374722307 0.02190593835963428
20.526239999392093 0.005292630814758836 0.015680013503072132
20.55350999939106 0.007679393392881373 0.021886446079089072
20.580779999390028 0.005300529599035042 0.015700907755866744
20.608049999388996 0.007670696035343427 0.02186416548881631
20.636329999387925 0.005323643367675324 0.0157620563510541
20.663599999386893 0.0076484726600657416 0.021807228333692308
20.69086999938586 0.005329406096394984 0.0157772998530481
20.718139999384828 0.007641975580170101 0.021790584595049456
20.745409999383796 0.005336219701475575 0.015795323384837356
20.772679999382763 0.007634407163228718 0.02177119619836132
20.79994999938173 0.005344057290378901 0.01581605580466272
20.82822999938066 0.007610495008257501 0.02170993269511312
20.855499999379628 0.005365672850949577 0.01587324089780129
20.882769999378596 0.007605056231720807 0.021696000185367215
20.910039999377563 0.005371452938507826 0.015888530375995913
20.93730999937653 0.007598563666024294 0.021679367974070107
20.9645799993755 0.005378240709964399 0.01590648562027619
20.991849999374466 0.007591043931918007 0.021660104259957347
21.019119999373434 0.005386010118823559 0.01592703772741455
21.047399999372363 0.007568657880332785 0.02160275057337957
21.07466999937133 0.005406206746891962 0.015980469040588474
21.1019399993703 0.007563189587075803 0.021588742409039963
21.129209999369266 0.005411994410296939 0.015995778611932465
21.156479999368234 0.007556710744095251 0.021572145317039215
21.1837499993672 0.005418748285427655 0.016013644236934077
21.21101999936617 0.0075492471374234435 0.0215530253581786
21.238289999365136 0.005426443147629301 0.016033999186726433
21.266569999364066 0.007528306976180788 0.021499375988964786
21.293839999363033 0.005445296328564164 0.016083876415051712
21.321109999362 0.007522819391919344 0.021485318368441586
21.34837999936097 0.005451082499145388 0.016099182087103703
21.375649999359936 0.0075163627776044795 0.021468778189093207
21.402919999358904 0.005457795063090964 0.01611693847610729
21.43018999935787 0.007508962108473184 0.021449819433694284
21.4584699993568 0.005478126260431315 0.01617072558292021
21.48573999935577 0.007489460748788979 0.021399678669831168
21.513009999354736 0.005482991192196751 0.016183594223240227
21.540279999353704 0.007483987190989084 0.02138559592008704
21.56754999935267 0.005488767475549938 0.01619887378673246
21.59481999935164 0.007477588495644505 0.02136913274560781
21.622089999350607 0.005495431923506544 0.01621650293519572
21.649359999349574 0.007470288745888621 0.021350351111293353
21.677639999348504 0.005514454591645346 0.016266828337296868
21.70490999934747 0.007452094008978283 0.021303532590566387
21.73217999934644 0.005519339307621385 0.01627974936123655
21.759449999345406 0.007446619466469295 0.021289447273720175
21.786719999344374 0.005525097946073809 0.016294982291464866
21.81398999934334 0.007440257897864289 0.02127307959375324
21.84125999934231 0.005531708048564399 0.016312467717705115
21.86953999934124 0.0074206549034626645 0.021222637667517308
21.896809999340206 0.00554949121514936 0.016359514026731414
21.924079999339174 0.007416060067543805 0.021210815848349274
21.95134999933814 0.005554387069093392 0.01637246455938879
21.97861999933711 0.007410592659973125 0.02119674885820988
22.005889999336077 0.005560120906142996 0.01638763192358672
22.033159999335044 0.007404274816804391 0.021180493653216725
22.060429999334012 0.005566670975312604 0.016404958579119278
22.08870999933294 0.007385929117123324 0.02113328688735372
22.11597999933191 0.005583360405526427 0.0164488996904244
22.143249999330877 0.007381313100377817 0.021121410538005314
22.170519999329844 0.005588290883574043 0.016461858509064786
22.197789999328812 0.007375860335132601 0.021107381192242425
22.22505999932778 0.0055940300043602065 0.016476942872323264
22.252329999326747 0.007369592262532643 0.021091254017246985
22.280609999325677 0.0056120237212125 0.016524241882343027
22.307879999324644 0.0073524376309406225 0.02104711200519027
22.335149999323612 0.005616154436888454 0.01653509854095958
22.36241999932258 0.0073478087879834675 0.02103520262325409
22.389689999321547 0.005621080571282078 0.016548045982722748
22.416959999320515 0.007342377594424132 0.021021228751372245
22.444229999319482 0.00562678200484934 0.016563031324723365
22.47149999931845 0.007336164816466261 0.02100524382112612
22.49977999931738 0.005643625618227177 0.016607307186455866
22.527049999316347 0.0073201381846073055 0.020964004282897353
22.554319999315315 0.005647777714233526 0.016618220083186586
22.581589999314282 0.0073155042698996855 0.02095208182159025
22.60885999931325 0.005652692586295749 0.016631137960898545
22.636129999312217 0.007310101032100169 0.020938179851215377
22.663399999311185 0.005658350745774365 0.016646009594889488
22.691679999310114 0.007292865000272042 0.020893828561097116
22.718949999309082 0.005674104743468078 0.01668742130539469
22.74621999930805 0.007288989898093456 0.020883858535125643
22.773489999307017 0.005678270532174512 0.01669837023126064
22.800759999305985 0.007284358098468503 0.020871941486977352
22.828029999304952 0.0056831677524686874 0.016711241748368355
22.85529999930392 0.007278988686044373 0.020858126522138587
22.882569999302888 0.005688777528790601 0.016725986243226743
22.910849999301817 0.007262850607386961 0.020816600388540163
22.938119999300785 0.005703499516927724 0.01676468522361363
22.965389999299752 0.007258953229260956 0.020806573017806418
22.99265999929872 0.005707671860315733 0.01677565141522397
23.019929999297688 0.00725433019583932 0.020794678497670915
23.047199999296655 0.005712545539072411 0.0167884610888569
23.074469999295623 0.0072489999936808935 0.020780964394107038
23.10173999929459 0.005718102272888381 0.016803066195125727
23.13001999929352 0.007233902207628428 0.020742115051763932
23.157289999292487 0.0057318471046173824 0.016839196631501796
23.184559999291455 0.00722998993296764 0.02073204932507844
23.211829999290423 0.0057360193841689 0.016850162690096315
23.23909999928939 0.007225381811028831 0.020720193146261945
23.266369999288358 0.005740864102749321 0.01686289627592652
23.293639999287326 0.007220095747400456 0.020706592585761907
23.321919999286255 0.005755678868106684 0.01690183897733455
23.349189999285223 0.007205983338016586 0.020670278732248804
23.37645999928419 0.0057591834569855616 0.01691105002414872
23.403729999283158 0.00720206302140769 0.020660192287125234
23.430999999282125 0.005763349544980811 0.016921999841534863
23.458269999281093 0.007197475478818327 0.020648389033439685
23.48553999928006 0.005768160329008398 0.016934644262855958
23.51280999927903 0.007192238051583311 0.020634913590322768
23.541089999277958 0.005782023452108098 0.01697108549008064
23.568359999276925 0.007179058725332311 0.020601000670117386
23.595629999275893 0.005785543346687794 0.016980336800753726
23.62289999927486 0.0071751367248240605 0.020590909866924356
23.650169999273828 0.005789697578442055 0.016991255485976353
23.677439999272796 0.007170574978984878 0.020579172964174663
23.704709999271763 0.0057944698721218435 0.017003798765968803
23.732989999270693 0.0071563827439055094 0.020542653855148973
23.76025999926966 0.005807431511599903 0.017037870364322583
23.787529999268628 0.007153094248850023 0.02053419307110893
23.814799999267596 0.0058109604037870355 0.017047145356097193
23.842069999266563 0.007149176453842387 0.02052411306406876
23.86933999926553 0.005815097552148263 0.017058019167759397
23.8966099992645 0.0071446452976240415 0.02051245484485653
23.923879999263466 0.005819827193983107 0.017070450367573375
23.952159999262395 0.007131361579136741 0.020478273453605755
23.979429999261363 0.005831935115916509 0.017102277892766526
24.00669999926033 0.00712805690629803 0.020469771019260286
24.0339699992593 0.00583546715201011 0.017111561178329016
24.061239999258266 0.007124148763581361 0.020459715824305835
24.088509999257234 0.0058395824023771414 0.017122377460032645
24.1157799992562 0.007119652589510306 0.020448147591611843
24.14405999925513 0.005852609189360702 0.01715662017337527
24.171329999254098 0.0071072295729133214 0.02041618088644004
24.198599999253066 0.005855565286567943 0.01716438961536504
24.225869999252033 0.007103914778349486 0.02040765238598974
24.253139999251 0.005859095041963025 0.017173666934611198
24.28040999924997 0.007100021316528093 0.02039763494217084
24.307679999248936 0.0058631839686071885 0.01718441405238469
24.334949999247904 0.007095564140232713 0.020386167029440294
24.363229999246833 0.005875379695195249 0.017216472252556958
24.3904999992458 0.0070839562899062125 0.020356297843104887
24.41776999924477 0.005878352029801803 0.01722428440247281
24.445039999243736 0.007080636996083078 0.020347757743233164
24.472309999242704 0.005881874485480387 0.017233542561256865
24.49957999924167 0.007076762849739571 0.020337789976776488
24.52684999924064 0.0058859330296052725 0.017244209845035385
24.554119999239607 0.007072348331883416 0.020326431803252554
24.582399999238536 0.005897357077301102 0.01727419832608934
24.609669999237504 0.007061512289017412 0.020298548569730457
24.63693999923647 0.005900357908779852 0.01728203853544885
24.66420999923544 0.007058193708014748 0.020290010282775217
24.691479999234407 0.005903889413471308 0.017291265347252338
24.718749999233374 0.007054343139635488 0.020280103161629537
24.74601999923234 0.005907937918604 0.01730184303522231
24.77429999923127 0.007042710582106926 0.02025003725405483
24.80156999923024 0.005918664190333267 0.01732987112657014
24.828839999229206 0.007039934023058359 0.02024285979281837
24.856109999228174 0.005921670544655866 0.017337725792032632
24.88337999922714 0.007036636582439915 0.02023433573297151
24.91064999922611 0.005925185741249561 0.017346910017723705
24.937919999225077 0.007032831508666516 0.020224499323950873
24.965189999224044 0.0059291965383916345 0.017357389203609408
24.993469999222974 0.007021950369741848 0.020196367701119655
25.02073999922194 0.005939212398998639 0.017383561011397042
25.04800999922091 0.007019162368390174 0.0201891606390725
25.075279999219877 0.005942219448090036 0.017391417517342855
25.102549999218844 0.007015874877324135 0.020180662281066297
25.129819999217812 0.0059457143786519895 0.017400548814172634
25.15708999921678 0.007012100728665539 0.02017090579992109
25.18536999921571 0.005956504406250507 0.01742874338744871
25.212639999214677 0.0070019283157458645 0.020144606441885315
25.239909999213644 0.005959027750467305 0.01743533603925096
25.267179999212612 0.006999133818164639 0.02013738256589903
25.29444999921158 0.005962031023087677 0.01744318270118228
25.321719999210547 0.006995860371190044 0.020128920494977276
25.348989999209515 0.005965502052969862 0.017452251570970745
25.376259999208482 0.0069921204027192365 0.020119252357453377
25.40453999920741 0.005975600303403827 0.017478638553591885
25.43180999920638 0.006982619136933543 0.020094688112259895
25.459079999205347 0.005978135438991061 0.017485262038019478
25.486349999204315 0.006979822731754681 0.02008745928592237
25.513619999203282 0.005981130800761236 0.017493088052178418
25.54088999920225 0.006976567099054143 0.020079043249976447
25.568159999201217 0.005984574599617543 0.01750208579268664
25.596439999200147 0.006966340721690335 0.020052604481701763
25.623709999199114 0.00599401750409867 0.017526760377095663
25.650979999198082 0.0069639983752666215 0.02004654948398743
25.67824999919705 0.005996559830906523 0.017533402673108878
25.705519999196017 0.006961204314142599 0.020039326698928495
25.732789999194985 0.005999543465656454 0.017541198067505537
25.760059999193953 0.006957969960572742 0.020030965655593036
25.78732999919292 0.006002956990294961 0.017550116725284504
25.81560999919185 0.006948396981305226 0.020006216111134734
25.842879999190817 0.006011779243333626 0.01757316956715327
25.870149999189785 0.006946042374889494 0.020000129401165356
25.897419999188752 0.00601432449177397 0.017579819518476203
25.92468999918772 0.00694325459067524 0.019992922825551318
25.951959999186688 0.006017292883236158 0.0175875751042609
25.979229999185655 0.006940044692782865 0.01998462498800091
26.007509999184585 0.00602677998078871 0.017612365069019642
26.034779999183552 0.006931090752262614 0.01996147583992469
26.06204999918252 0.0060289079968938175 0.017617924850443778
26.089319999181487 0.006928728255163885 0.019955368713375776
26.116589999180455 0.006031452209135146 0.01762457211477164
26.143859999179423 0.006925950380025747 0.019948187738061396
26.17112999917839 0.00603440212433648 0.017632279443524634
26.198399999177358 0.006922767842921673 0.01993996061699921
26.226679999176287 0.006043285114690655 0.017655490897872106
26.253949999175255 0.006914400218770322 0.019918327269630165
26.281219999174223 0.006045425504776825 0.017661083030917624
26.30848999917319 0.006912033888235026 0.019912210216066484
26.335759999172158 0.006047965018373569 0.017667718037184255
26.363029999171125 0.006909269270640839 0.019905063497771547
26.390299999170093 0.006050893490864295 0.017675369357772475
26.41756999916906 0.006906116744149093 0.01989691394391757
26.44584999916799 0.006059204093665227 0.017697085182566408
26.473119999166958 0.006898304277681455 0.019876715843458737
26.500389999165925 0.006061352794859642 0.017702699050037296
26.527659999164893 0.006895937875835757 0.019870598589022404
26.55492999916386 0.006063884225459337 0.017709312954394818
26.582199999162828 0.006893189596468341 0.01986349409258681
26.609469999161796 0.006066788540435297 0.017716901172615263
26.637749999160725 0.006884769843248928 0.019841726063440923
26.665019999159693 0.006074556965497857 0.01773720030456838
26.69228999915866 0.006882782515689745 0.01983658878884631
26.719559999157628 0.006076710203475444 0.01774282604405375
26.746829999156596 0.006880419525979953 0.019830480339944057
26.774099999155563 0.006079230429545279 0.01774941069013769
26.80136999915453 0.006877690413252369 0.01982342537801829
26.8286399991535 0.006082108108702466 0.01775692932913797
26.856919999152428 0.00686981130854425 0.019803055083200682
26.884189999151396 0.006089363123641722 0.0177758869366218
26.911459999150363 0.006867815188710047 0.019797895063955462
26.93872999914933 0.006091517397418422 0.017781515400105974
26.9659999991483 0.006865458831110005 0.01979180374555023
26.993269999147266 0.006094023545187621 0.017788063277979216
27.020539999146234 0.006862751475670613 0.019784805015710116
27.048819999145163 0.00610183538796194 0.017808475779679256
27.07608999914413 0.006855384527715947 0.019765758796652655
27.1033599991431 0.0061036413278670034 0.017813194095517293
27.130629999142066 0.006853383201082752 0.019760585301842326
27.157899999141033 0.0061057933943818865 0.01781881680799069
27.18516999914 0.006851036447518055 0.019754518797621134
27.21243999913897 0.0061082828238340214 0.017825321019049323
27.239709999137936 0.006848353215844317 0.019747582418405685
27.267989999136866 0.006115594784245727 0.017844427345570235
27.295259999135833 0.006841471291846202 0.019729790129840996
27.3225299991348 0.006117409723645162 0.017849169192307723
27.34979999913377 0.006839468085911626 0.019724611762839128
27.377069999132736 0.0061195565833132015 0.01785477831650617
27.404339999131704 0.006837133673658458 0.019718577150440453
27.43160999913067 0.006122026874529007 0.017861232537719207
27.4598899991296 0.0068297302113671235 0.0196994366057357
27.48715999912857 0.006128865256244231 0.01787910141894944
27.514429999127536 0.0068280539868791346 0.01969510354810078
27.541699999126504 0.006130685860536111 0.017883858082923254
27.56896999912547 0.006826051985123872 0.01968992828026428
27.59623999912444 0.006132824743961817 0.01788944638069223
27.623509999123407 0.006823732430611962 0.01968393206422947
27.650779999122374 0.006135273684830134 0.01789584483037343
27.679059999121304 0.006816801108385229 0.019666012139429867
27.70632999912027 0.0061416635379086815 0.01791254172135437
27.73359999911924 0.0068151155753251045 0.019661655004044043
27.760869999118206 0.006143486711316926 0.01791730511275791
27.788139999117174 0.006813117631048304 0.019656490212460742
27.81540999911614 0.006145615065879628 0.01792286591449921
27.84267999911511 0.006810815242160206 0.01965053836040509
27.869949999114077 0.006148040639380015 0.017929203322364362
27.898229999113006 0.00680433125298474 0.019633774923100145
27.925499999111974 0.006154005816423447 0.01794479054838538
27.95276999911094 0.0068026395786272556 0.019629401898280108
27.98003999910991 0.006155828688856002 0.017949553167828647
28.007309999108877 0.00680064832749705 0.01962425439808735
28.034579999107844 0.0061579441667499735 0.017955080338583063
28.061849999106812 0.00679836521597854 0.019618352369510372
28.09012999910574 0.00616437568578676 0.017971886034562345
28.11739999910471 0.006792304933922133 0.019602684340369603
28.144669999103677 0.006165907749562049 0.017975888811627705
28.171939999102644 0.0067906100597322485 0.019598303031009845
28.199209999101612 0.006167727664089795 0.017980643715931333
28.22647999910058 0.006788627932467706 0.019593179105303893
28.253749999099547 0.006169828110404119 0.01798613162428131
28.281019999098515 0.006786366025145819 0.019587331881987247
28.309299999097444 0.0061758460107661515 0.018001856549587636
28.33656999909641 0.0067807069527409105 0.019572701099179746
28.36383999909538 0.0061773844819358326 0.018005876081639283
28.391109999094347 0.0067790116070510775 0.019568318559148867
28.418379999093315 0.006179198982902534 0.018010616853947337
28.445649999092282 0.006777040840725834 0.01956322399209176
28.47291999909125 0.006181282424667978 0.018016060344105966
28.50119999909018 0.006770944969225368 0.019547464016089755
28.528469999089147 0.006186908518174939 0.018030761491039105
28.555739999088114 0.006769522607918409 0.01954378719295491
28.583009999087082 0.006188450660586486 0.018034790628029818
28.61027999908605 0.006767829317387175 0.019539409954238973
28.637549999085017 0.006190257482367233 0.01803951134818904
28.664819999083985 0.006765871966462833 0.019534350057337502
28.692089999082953 0.006192322117649417 0.018044905711334103
28.720369999081882 0.006760166771173415 0.01951960009448639
28.74763999908085 0.006197577175439451 0.018058637354312346
28.774909999079817 0.006758737679666171 0.019515905861211547
28.802179999078785 0.006199120450486761 0.018062669463581038
28.829449999077752 0.006757048780843933 0.019511539965344493
28.85671999907672 0.006200917506645309 0.018067364679363873
28.883989999075688 0.006755106727776128 0.019506519605894113
28.912269999074617 0.006206573066019683 0.018082142762598785
28.939539999073585 0.006749771637516888 0.01949272647340239
28.966809999072552 0.006207865493589649 0.018085519442623266
28.99407999907152 0.006748338414989231 0.019489021550389563
29.021349999070488 0.006209407549029878 0.018089548377431264
29.048619999069455 0.006746656064648414 0.019484672573233386
29.075889999068423 0.006211192921941167 0.018094213078012622
29.10315999906739 0.006744731030061457 0.01947969620016421
29.13143999906632 0.006216487265914839 0.018108047318521336
29.158709999065287 0.00673974645448705 0.019466809251911243
29.185979999064255 0.006217786541356406 0.018111441902413095
29.213249999063223 0.006738311513734829 0.0194630998759715
29.24051999906219 0.006219325201037629 0.018115461975198865
29.267789999061158 0.006736637699010117 0.019458772954883408
29.295059999060125 0.006221097132678487 0.01812009156606509
29.322329999059093 0.006734731250830461 0.019453844620920258
29.350609999058022 0.006226049252547772 0.018133031587219683
29.37787999905699 0.006730078536403061 0.019441815633258752
29.405149999055958 0.0062273529585312746 0.01813643775935292
29.432419999054925 0.006728644113829452 0.019438107587410602
29.459689999053893 0.006228886212674811 0.018140443718539512
29.48695999905286 0.006726980662416615 0.019433807447355456
29.514229999051828 0.00623064309488397 0.018145033997429838
29.542509999050758 0.0067219621342728955 0.01942083277403084
29.569779999049725 0.006235271077317029 0.01815712705852679
29.597049999048693 0.006720755612876439 0.01941771389651903
29.62431999904766 0.006236576969242181 0.018160538952605165
29.651589999046628 0.006719323778264341 0.019414012531604463
29.678859999045596 0.006238102964942427 0.018164525957287125
29.706129999044563 0.006717672366872041 0.019409743508747024
29.73339999904353 0.0062398433309786006 0.018169073091778287
29.76167999904246 0.006712977090972961 0.019397604537541024
29.788949999041428 0.0062441643983490724 0.01818036419352076
29.816219999040396 0.006711765815795245 0.019394473360967446
29.843489999039363 0.006245470394861563 0.01818377637061719
29.87075999903833 0.0067103384818840706 0.019390783621575647
29.8980299990373 0.006246987427177109 0.018187739964869998
29.925299999036266 0.006708700645272181 0.019386549683442222
29.953579999035195 0.006251657523562716 0.01819990747129463
29.980849999034163 0.0067043115635934125 0.019375202314952933
30.00811999903313 0.006252760176866267 0.018202772457232008
30.0353899990321 0.006703097667400847 0.019372064353484486
30.062659999031066 0.006254071580865994 0.018206179881641305
30.089929999030034 0.006701676598371065 0.019368390801222102
30.117199999029 0.0062555864362678895 0.018210115975236807
30.14446999902797 0.006700053737618839 0.019364195569926412
30.172749999026898 0.006259968197257716 0.018221502501036824
30.200019999025866 0.006695954606257937 0.019353597809179668
30.227289999024833 0.0062610757969383535 0.018224380349074476
30.2545599990238 0.006694740067262006 0.019350458177291863
30.28182999902277 0.006262383576424057 0.018227778364721114
30.309099999021736 0.00669332688752633 0.01934680501209929
30.336369999020704 0.00626388640308051 0.0182316832111451
30.364649999019633 0.006688913584770305 0.019335395070263495
30.3919199990186 0.0062679834560098735 0.018242329906259513
30.41918999901757 0.006687895630912322 0.019332763649149154
30.446459999016536 0.006269094007554821 0.018245215434231632
30.473729999015504 0.006686682282130429 0.019329627085762358
30.50099999901447 0.0062703965091526195 0.018248599744308258
30.52826999901344 0.006685278483883338 0.01932599816574232
30.555539999012407 0.0062718859896832005 0.018252469919777248
30.583819999011336 0.006681147484564166 0.019315318061463582
30.611089999010304 0.006275713414841455 0.018262415971126433
30.63835999900927 0.006680124396495235 0.019312673359050958
30.66562999900824 0.006276825067122904 0.018265304368059176
30.692899999007206 0.006678913932810393 0.01930954424637088
30.720169999006174 0.0062781207676018145 0.01826867101393237
30.74743999900514 0.0066775208840590405 0.01930594310737277
30.77571999900407 0.0062822378509549415 0.018279369717844052
30.80298999900304 0.006673657335805828 0.01929595444293275
30.830259999002006 0.006283167858390004 0.018281786118790055
30.857529999000974 0.0066726309977478415 0.01929330133060292
30.88479999899994 0.006284278895978602 0.018284672926505152
30.91206999899891 0.006671424984532104 0.019290183714704146
30.939339998997877 0.006285566395086706 0.018288018269163597
30.966609998996844 0.006670043935906088 0.019286613591207313
30.994889998995774 0.0062894210189157205 0.018298034957053844
31.02215999899474 0.00666643369415687 0.019277279799279068
31.04942999899371 0.0062903562512164335 0.018300464942988537
31.076699998992677 0.006665405855465157 0.019274622799847485
31.103969998991644 0.0062914650867146316 0.018303346036963042
31.131239998990612 0.006664205735362749 0.019271520412089682
31.15850999898958 0.0062927430999401 0.018306666738865385
31.185779998988547 0.0066628378273879685 0.019267984252580028
31.214059998987477 0.006296349051916894 0.01831603723848607
31.241329998986444 0.00665946742361001 0.019259270513694027
31.26859999898541 0.006297287747356718 0.018318476230771985
31.29586999898438 0.006658439706309195 0.019256613820217705
31.323139998983347 0.006298392914220407 0.018321347799465926
31.350409998982315 0.006657246806460958 0.01925353009119002
31.377679998981282 0.0062996602661767875 0.01832464080641083
31.40595999898021 0.006653613284190674 0.019244136149998425
31.43322999897918 0.00630303067755622 0.018333399239556236
31.460499998978147 0.006652749686910764 0.019241903738898003
31.487769998977114 0.006303971199637436 0.018335842986183515
31.515039998976082 0.006651723592265402 0.0192392512335382
31.54230999897505 0.006305071345461876 0.018338701514830635
31.569579998974017 0.006650539130782729 0.019236189312410445
31.596849998972985 0.006306326963718246 0.018341964039225722
31.625129998971914 0.006647139195965823 0.019227399264121203
31.652399998970882 0.00630947433874418 0.01835014289949255
31.67966999896985 0.0066462719363555856 0.01922515737847741
31.706939998968817 0.00631041516977371 0.018352587456083036
31.734209998967785 0.006645248852412244 0.019222512649830215
31.761479998966752 0.006311509049712671 0.018355429710614768
31.78874999896572 0.006644073944765738 0.019219475421017318
31.81702999896465 0.0063148990199921595 0.018364238934032162
31.844299998963617 0.006640895281302517 0.019211257423767947
31.871569998962585 0.00631568820226569 0.018366289437854455
31.898839998961552 0.006640025905635727 0.019209010060849963
31.92610999896052 0.006316627936516771 0.018368731151052753
31.953379998959488 0.006639007112932527 0.019206376419156346
31.980649998958455 0.0063177144072315 0.018371554159568593
32.00791999896023 0.006637842777794445 0.019203366515829767
32.03619999896921 0.0063208872018352125 0.018379799039569544
32.063469998977865 0.006634875572810616 0.019195690249740327
32.09073999898652 0.0063216801673933185 0.018381859381522148
32.11800999899518 0.006634009955069575 0.01919344111837029
32.14527999900383 0.006322617505007289 0.018384294874107532
32.17254999901249 0.006633001803385885 0.019190821613079834
32.199819999021145 0.006323695518864136 0.018387095914207396
32.22809999903012 0.006629823016371383 0.0191825611823071
32.25536999903878 0.006326662571220497 0.018394806161314836
32.28263999904743 0.0066290982436075785 0.01918067802971768
32.30990999905609 0.006327457874223619 0.018396872583348323
32.337179999064745 0.006628233270398408 0.01917843056671309
32.3644499990734 0.006328391615128327 0.018399298736282432
32.391719999082056 0.006627231639749097 0.019175828000073114
32.41898999909071 0.006329460214492655 0.018402075319168265
32.44726999909969 0.006624255803536538 0.019168094947408232
32.474539999108345 0.006332232412957995 0.018409279226705433
32.501809999117 0.006623527145812047 0.01916620169414296
32.529079999125656 0.006333028711219546 0.018411348241265113
32.55634999913431 0.006622664040661363 0.019163959079859794
32.58361999914297 0.006333957749603881 0.01841376218103541
32.610889999151624 0.006621669919764206 0.01916137602122614
32.63815999916028 0.00633501606157072 0.018416512038099686
32.666439999169256 0.00661888636593133 0.0191541426249775
32.69370999917791 0.00633760377412096 0.01842323654759337
32.72097999918657 0.0066181551822681595 0.01915224280177874
32.748249999195224 0.006338399823571317 0.018425304921054764
32.77551999920388 0.006617295075214691 0.01915000797216848
32.802789999212536 0.006339323142596221 0.018427704005308243
32.83005999922119 0.0066163093687166 0.01914744677297131
32.85833999923017 0.006342114026143819 0.01843495643866211
32.885609999238824 0.006613707936538038 0.01914068663031454
32.91287999924748 0.006342783471104063 0.01843669583677654
32.940149999256136 0.006612975488752059 0.019138783517302915
32.96741999926479 0.006343578120115102 0.01843876057754379
32.99468999927345 0.006612119421775642 0.01913655918035495
33.0219599992821 0.006344494786609477 0.018441142380487552
33.04922999929076 0.0066111429546626965 0.019134021983491234
33.077509999299735 0.00634710597423105 0.01844792786325211
33.10477999930839 0.006608713969143864 0.019127709953725702
33.13204999931705 0.006347778096980949 0.018449674225007318
33.1593199993257 0.006607981427554477 0.019125806591258065
33.18658999933436 0.006348570281476618 0.01845173256698196
33.213859999343015 0.00660713035941396 0.019123595238434987
