0.001020000000000002 0.07602465651118717 0.1901910736871404
0.034349999999999846 0.06027858688834619 0.14539422289989723
0.06869000000000607 0.07366494185885686 0.188957644158938
0.10100999999999354 0.05988157662237104 0.14192013030972506
0.13433999999999358 0.07381689132193492 0.1892302472467633
0.1676700000000269 0.05912046635527812 0.14008809714168846
0.20100000000006024 0.07318465257278761 0.18684767110027645
0.23433000000009357 0.05821143899848002 0.13892011335628895
0.2676600000001269 0.0725787717097447 0.18440557999587215
0.30099000000016024 0.057385610077647864 0.13745442392812945
0.3343200000001936 0.0718654562688219 0.1824661242991188
0.3676500000002269 0.05667546877327733 0.13555490094497857
0.40098000000026024 0.07108786876627315 0.18084723151453597
0.4343100000002936 0.05600035977714856 0.13355799198856433
0.4676400000003269 0.07032705457078248 0.1792073788934645
0.5009700000003549 0.05530161899919228 0.13170830316799886
0.5343000000002032 0.06960960114230241 0.17743487866862528
0.5676300000000515 0.05458113882594873 0.12999756608856883
0.6009599999998998 0.06891530750723462 0.17561363239381178
0.6342899999997481 0.05386499275810663 0.12831653013403166
0.6676199999995964 0.06822176471463814 0.17383777456256855
0.7009499999994447 0.05316678285640796 0.12660802570604313
0.734279999999293 0.06752503555971279 0.17212352201687597
0.7676099999991414 0.05248286011165904 0.12488692380661082
0.8009399999989897 0.0668324626332929 0.17043951023854031
0.834269999998838 0.051805339080472794 0.1231857855562124
0.8686099999986817 0.06562038590231956 0.1674516649558755
0.90193999999853 0.050615417836058496 0.12024204269873717
0.9352699999983783 0.06497505384620716 0.16584163710825495
0.9685999999982267 0.049972910569813456 0.11866257513566403
1.0019299999980964 0.06433537432277969 0.16425042609595764
1.0352599999983148 0.04933792918568458 0.11709338544819703
1.068589999998533 0.06370078848425331 0.1626800774858772
1.1019199999987515 0.04871004525711764 0.11553596755603524
1.1352499999989698 0.06307210465247637 0.16112686963145606
1.1685799999991882 0.048088289456572286 0.11399407280616725
1.2019099999994065 0.062449969278174366 0.1595877631275333
1.2352399999996249 0.047472268222750635 0.11246904621426967
1.2685699999998432 0.061834354558326976 0.15806256143642283
1.3019000000000616 0.046862138305392875 0.11095993316383446
1.33523000000028 0.06122492784024936 0.15655235265547018
1.3685600000004983 0.04625811542054359 0.10946553194125519
1.4018900000007166 0.06062157981255034 0.1550577220446936
1.435220000000935 0.04566021267102671 0.10798548638887295
1.4685500000011533 0.06002425444354387 0.15357842684207146
1.5018800000013717 0.045068305496202554 0.10652001459250382
1.53521000000159 0.05943292490659058 0.1521139799405824
1.5685400000018084 0.04448227950218797 0.10506929145661648
1.6018700000020267 0.05884757983043665 0.15066411258101153
1.635200000002245 0.04390208470203816 0.10363322233222227
1.6685300000024634 0.058268154538138266 0.1492287815109239
1.7018600000026818 0.043327702434631465 0.1022115814248381
1.7351900000029001 0.057694576855147 0.1478079752366579
1.7685200000031185 0.04275910385715731 0.10080418535503011
1.8018500000033368 0.0571267932470092 0.14640160355631204
1.8351800000035552 0.04219624108211162 0.09941093028751347
1.8685100000037735 0.0565647637499892 0.14500951913989368
1.901840000003992 0.04163906001553497 0.09803173837290569
1.9351700000042102 0.05600844800368732 0.14363157674261995
1.9685000000044286 0.04108751127773491 0.09666651221700295
2.001830000004647 0.05545779968440445 0.1422676568487713
2.0351600000048653 0.040541550785266 0.09531513254454893
2.0684900000050837 0.054912769400973345 0.14091765351055274
2.101820000005302 0.04000113541956518 0.09397747640569332
2.1351500000055204 0.05437330869106116 0.13958145752468454
2.1684800000057387 0.0394662203899212 0.09265342829976042
2.201810000005957 0.053839371009451124 0.13825895232254526
2.2351400000061754 0.03893675963345944 0.09134287859479118
2.2684700000063938 0.053310910579594584 0.13695001891096403
2.301800000006612 0.03841270717434253 0.09004571791625393
2.3351300000068305 0.05278789459750999 0.13565454038869662
2.368460000007049 0.0378940177184216 0.08876183474336719
2.401790000007267 0.05227044653817814 0.1343724023655346
2.4351200000074855 0.0373806464103793 0.08749111649147823
2.468450000007704 0.051758334851714986 0.1331034912832041
2.5017800000079222 0.03687254845456944 0.08623345117139136
2.5351100000081406 0.051251513500120915 0.131847693322662
2.568440000008359 0.03636967901694865 0.08498872785955847
2.602780000008584 0.05035786203296033 0.12963365068168198
2.6361100000088022 0.03548938372424171 0.08280970560630152
2.6694400000090206 0.04988052684359323 0.12845090938978787
2.702770000009239 0.03501567818150275 0.08163717938661774
2.7361000000094573 0.04940794300828977 0.1272799445353634
2.7694300000096757 0.034546669155323007 0.0804762785804769
2.802760000009894 0.04894007245431319 0.1261206617591104
2.8360900000101124 0.03408231958295349 0.0793269113327888
2.8694200000103307 0.04847687719739524 0.12497296680414882
2.902750000010549 0.03362259243180632 0.07818898600777668
2.9360800000107674 0.04801831934905254 0.1238367655476802
2.9694100000109858 0.033167450719918556 0.07706241114461276
3.002740000011204 0.04756436110854256 0.12271196409169294
3.0360700000114225 0.03271685753979281 0.0759470954336483
3.069400000011641 0.047114964764502276 0.12159846881477643
3.102730000011859 0.03227077606800244 0.07484294772704958
3.1360600000120775 0.0466700927052387 0.12049618638125814
3.169390000012296 0.03182916956844595 0.07374987708094194
3.2027200000125142 0.04622970743156607 0.11940502373325446
3.2360500000127326 0.03139200139682474 0.07266779279780922
3.269380000012951 0.045793771566004615 0.1183248881038268
3.3027100000131693 0.030959235008773622 0.07159660443640803
3.3360400000133876 0.04536239983200674 0.11725568703900846
3.369370000013606 0.03053083396850853 0.07053622182818797
3.4027000000138243 0.04493545860053527 0.11619732841974262
3.4360300000140427 0.030106761957110154 0.06948655508643986
3.469360000014261 0.044512853322446255 0.1151497204781915
3.5026900000144794 0.029686982778904802 0.06844751462200538
3.5360200000146977 0.04409454717636918 0.1141127718147561
3.569350000014916 0.02927146036683381 0.06741901115502325
3.6026800000151344 0.04368050348968122 0.11308639140666932
3.636010000015353 0.028860158787751722 0.06640095573804405
3.669340000015571 0.043270685744300263 0.11207048861698876
3.7026700000157895 0.02845304224760703 0.06539325976796517
3.736000000016008 0.04286505758157255 0.11106497320755304
3.769330000016226 0.02805007509636992 0.0643958350022511
3.8026600000164446 0.042463582807227285 0.11006975534990637
3.835990000016663 0.02765122183358504 0.06340859357262252
3.8693200000168813 0.042066225395086865 0.10908474563348092
3.9026500000170996 0.027256447113651716 0.062431447996047496
3.935980000017318 0.04167294949196054 0.10810985507626603
3.9693100000175363 0.02686571574926655 0.06146431118011497
4.002640000017637 0.04128371941961495 0.10714499513887477
4.035970000016375 0.026478992716809424 0.060507096427353524
4.069300000015113 0.04089849967893322 0.1061900777378666
4.102630000013852 0.02609624316001613 0.05955971744842081
4.13596000001259 0.04051725495333802 0.1052450152503992
4.169290000011328 0.025717432393098982 0.05862208837636995
4.202620000010066 0.040139950113138534 0.10430972051719278
4.235950000008804 0.025342525903822688 0.05769412377616412
4.269280000007543 0.03976655021779629 0.10338410685026833
4.302610000006281 0.024971489356802712 0.05677573865208174
4.335940000005019 0.03939710260457685 0.1024680880424067
4.369270000003757 0.02460428859704744 0.055866848458352436
4.402600000002495 0.03903162951195904 0.10156157836966884
4.436940000001195 0.02396081950753237 0.05427410619543993
4.470269999999934 0.03839710543996988 0.0999878175148683
4.503599999998672 0.023614687109960064 0.05341736915702722
4.53692999999741 0.038052536187313746 0.09913315409459944
4.570259999996148 0.02327201074637475 0.052569186861950445
4.603589999994886 0.03771142204465261 0.09828706165698753
4.636919999993625 0.022932761727011197 0.05172948829417212
4.670249999992363 0.03737373396135968 0.09744946808513122
4.703579999991101 0.022596911478453663 0.05089820272355938
4.736909999989839 0.03703944301600093 0.09662030158353874
4.770239999988577 0.022264431546302643 0.05007525971796323
4.803569999987316 0.03670852041931316 0.09579949068676541
4.836899999986054 0.021935293599552153 0.049260589147803735
4.870229999984792 0.03638093751642579 0.09498696426845088
4.90355999998353 0.021609469433038764 0.04845412119544035
4.936889999982268 0.03605666579015365 0.0941826515457822
4.970219999981007 0.02128693097103085 0.0476557863613114
5.003549999979745 0.03573567686376111 0.09338648208733202
5.036879999978483 0.02096765026911429 0.04686551546990714
5.070209999977221 0.03541794250278141 0.0925983858177104
5.103539999975959 0.020651599517018226 0.04608323967643102
5.136869999974698 0.035103434617824836 0.09181829302372657
5.170199999973436 0.020338751041593883 0.0453088904759702
5.203529999972174 0.03479212526666087 0.09104613435889641
5.236859999970912 0.02002907730811554 0.04454239970612672
5.27018999996965 0.034484056956394116 0.09028184084662882
5.303519999968389 0.019722550923256366 0.04378369955645445
5.336849999967127 0.034179287184651796 0.08952534388836364
5.370179999965865 0.01941914463689265 0.04303272256869217
5.403509999964603 0.03387763071909944 0.08877657526650262
5.436839999963341 0.019118831343718834 0.042289401644524105
5.47016999996208 0.03357906024483637 0.08803546714569732
5.503499999960818 0.018821584085603082 0.04155367004891053
5.536829999959556 0.033283548602715096 0.08730195208022096
5.570159999958294 0.018527376053177114 0.040825461414972786
5.6034899999570325 0.032991068791189626 0.08657596301547832
5.636819999955771 0.018236180586562956 0.04010470974707969
5.670149999954509 0.03270159396726824 0.085857433292158
5.703479999953247 0.017947971178282285 0.03939134942746447
5.736809999951985 0.03241509744772508 0.08514629664821971
5.7701399999507235 0.017662721473989174 0.03868531521573626
5.803469999949462 0.032131552710235045 0.08444248722334624
5.8367999999482 0.017380405273632937 0.0379865422538761
5.870129999946938 0.03185093339425005 0.08374593956067544
5.903459999945676 0.01710099653293562 0.03729496606766913
5.9367899999444145 0.03157321330244112 0.08305658860954246
5.970119999943153 0.016824469364384087 0.0366105225706459
6.003449999941891 0.03129836640081385 0.08237436972614587
6.036779999940629 0.016550798038188375 0.035933148066391585
6.070109999939367 0.03102636682023141 0.08169921867997587
6.1034399999381055 0.016279956983643262 0.035262779250966325
6.136769999936844 0.030757188856762374 0.08103107165118306
6.170099999935582 0.01601192078906999 0.03459935321522556
6.20342999993432 0.03049092272626608 0.08036986523269896
6.236759999933058 0.015746664203192373 0.033942807449549584
6.271099999931758 0.03002417073502517 0.07921030917303895
6.3044299999304965 0.015284972508263104 0.0328000414575369
6.337759999929235 0.029773214237104995 0.07858683185026916
6.371089999927973 0.015034808236256693 0.032180853729735226
6.404419999926711 0.029524778862771824 0.07796961827494231
6.437749999925449 0.014787152952915661 0.03156787632881963
6.4710799999241875 0.02927884300713546 0.07735861475305361
6.504409999922926 0.014541985276781856 0.030961056327527547
6.537739999921664 0.029035385183930784 0.07675376788716104
6.571069999920402 0.014299283940390482 0.030360341081148157
6.60439999991914 0.028794384026659126 0.07615502457822831
6.6377299999178785 0.01405902779151813 0.029765678228599324
6.671059999916617 0.028555818289946022 0.07556233202916651
6.704389999915355 0.013821195794430752 0.02917701569910003
6.737719999914093 0.028319666849843883 0.07497563774457872
6.771049999912831 0.013585767030498852 0.028594301710405112
6.8043799999115695 0.028085908704980622 0.07439488953472351
6.837709999910308 0.013352720699486897 0.028017484774600643
6.871039999909046 0.027854522977278303 0.0738200355161367
6.904369999907784 0.013122036120466807 0.027446513698115016
6.937699999906522 0.027625488912767948 0.07325102411516182
6.9710299999052605 0.012893692732550921 0.026881337584938603
7.004359999903999 0.027398850157716703 0.0726878040691381
7.037689999902737 0.01266767009556824 0.026321905836368398
7.071019999901475 0.027174696977891544 0.07213032442642264
7.104349999900213 0.012443947890932838 0.025768168155315685
7.1376799998989515 0.026952831510801304 0.07157853454979879
7.17100999989769 0.012222505922117708 0.02522007454632824
7.204339999896428 0.026733233526702982 0.07103238411676482
7.237669999895166 0.012003324115166025 0.02467757531907644
7.270999999893904 0.026515882922297673 0.07049182311867908
7.3043299998926425 0.011786382519731409 0.02414062108839765
7.337659999891381 0.02630075972154211 0.06995680186521192
7.370989999890119 0.011571661309040082 0.0236091627735191
7.404319999888857 0.026087844075837415 0.06942727098517842
7.437649999887595 0.011359140780510923 0.023083151602554253
7.4709799998863335 0.025877116264498068 0.06890318142325214
7.504309999885072 0.011148801356445914 0.02256253911224748
7.53763999988381 0.025668556694950495 0.06838448444509426
7.570969999882548 0.010940623583925446 0.022047277146031163
7.604299999881286 0.02546214590308793 0.06787113163813085
7.637629999880025 0.010734588135517864 0.021537317859465777
7.670959999878763 0.025257864553317133 0.06736307490775584
7.704289999877501 0.0105306758092083 0.021032613720251003
7.737619999876239 0.025055693439079433 0.0668602664787632
7.770949999874977 0.010328867528427876 0.020533117507171017
7.804279999873716 0.02485567756707852 0.06636265889832238
7.837609999872454 0.010129144342773344 0.020038782311049275
7.870939999871192 0.0246579187017264 0.06587020503415753
7.90426999986993 0.009931487428179175 0.019549561535503468
7.937599999868668 0.024462210648557914 0.0653828580762017
7.970929999867407 0.00973587808688714 0.01906540889543562
8.004259999866145 0.024268534740428227 0.06490057153535345
8.037589999864883 0.009542297747580752 0.018586278418619706
8.070919999863621 0.02407687243947887 0.06442329924508661
8.105259999862321 0.00920049386298405 0.017740271449095957
8.13858999986106 0.02374136106237279 0.06358783402266033
8.171919999859798 0.009017950355482252 0.017288459544340107
8.205249999858536 0.023560593928397267 0.06313769155096294
8.238579999857274 0.00883723904332434 0.01684118262191836
8.271909999856012 0.023381645617128632 0.06269207831487433
8.30523999985475 0.008658344155156983 0.016398401641970484
8.338569999853489 0.023204500372133507 0.06225095507310652
8.371899999852227 0.008481250012202013 0.015960077794729965
8.405229999850965 0.023029142532229874 0.06181428282304724
8.438559999849703 0.0083059410290649 0.015526172500912594
8.471889999848441 0.022855556531991783 0.0613820227998052
8.50521999984718 0.008132401713813242 0.015096647413037623
8.538549999845918 0.022683761356323218 0.060954136477753273
8.571879999844656 0.007960616668459597 0.01467146441801459
8.605209999843394 0.022513921440211138 0.06053058556940716
8.638539999842132 0.007790570589138679 0.014250585633712731
8.67186999984087 0.022345804722843532 0.06011133202993291
8.705199999839609 0.007622248266595743 0.013833973412191725
8.738529999838347 0.022179396045820532 0.05969633805418262
8.771859999837085 0.007455634586374883 0.013421590340501055
8.805189999835823 0.022014680347557603 0.059285566078559615
8.838519999834562 0.007290714528903064 0.013013399240802137
8.8718499998333 0.021851642663169746 0.05887897878065207
8.905179999832038 0.007127473169788568 0.012609363171345311
8.938509999830776 0.02169026812456576 0.05847653907939954
8.971839999829514 0.006965895679677647 0.012209445425825916
9.005169999828253 0.021530541960847915 0.0580782101358035
9.03849999982699 0.006805967325048567 0.011813609535626934
9.071829999825729 0.02137244949794348 0.05768395535349358
9.105159999824467 0.006647673467940929 0.011421819266899114
9.138489999823205 0.021215976159258965 0.05729373837970453
9.171819999821944 0.006490999565768485 0.01103403862364738
9.205149999820682 0.021061107464797058 0.056907523101923374
9.23847999981942 0.006335931171786879 0.010650231845565905
9.271809999818158 0.020907829032397296 0.056525273651764074
9.305139999816896 0.006182453935036359 0.010270363410769257
9.338469999815635 0.020756170491342374 0.05614695440209205
9.371799999814373 0.006030553600642419 0.00989439803342762
9.405129999813111 0.020606282411033683 0.055772529969144724
9.43845999981185 0.005880216009257921 0.00952230066529891
9.471789999810587 0.020457939425669425 0.05540196521048868
9.505119999809326 0.005731427097399711 0.009154036496550333
9.538449999808064 0.020311127564425213 0.05503522522432025
9.571779999806802 0.005584172897240003 0.008789570952760783
9.60510999980554 0.020165832953397134 0.05467227535346231
9.638439999804278 0.00543843953672174 0.008428869696464059
9.671769999803017 0.020022041814919844 0.05431308118061251
9.705099999801755 0.005294213239267376 0.008071898627048935
9.738429999800493 0.019879740468280338 0.05395760852928699
9.771759999799231 0.005151480324282254 0.0077186238816584485
9.80508999979797 0.01973891532888994 0.053605823464797364
9.838419999796708 0.005010227206323159 0.0073690118326030785
9.871749999795446 0.019599552908318496 0.053257692292374426
9.905079999794184 0.00487044039515383 0.007023029087116495
9.938409999792922 0.019461639814447373 0.05291318155788982
9.97173999979166 0.004732106495886179 0.00668064249029765
10.00607999979036 0.019220072445486847 0.05230974568263269
10.039409999789099 0.004491683248347811 0.0060855743865939615
10.072739999787837 0.0190899925947976 0.05198479009337342
10.106069999786575 0.004361179154507844 0.005762567773059946
10.139399999785313 0.01896146448965308 0.051663106075849896
10.172729999784051 0.004231988229058792 0.005442811401823455
10.20605999978279 0.018834232156305863 0.051344665144059665
10.239389999781528 0.004104099064570099 0.005126277036526794
10.272719999780266 0.01870828428501159 0.05102943899064627
10.306049999779004 0.003977500324670147 0.004812936617892838
10.339379999777742 0.018583609638264886 0.05071739948957488
10.37270999977648 0.0038521807442292166 0.004502762263081106
10.406039999775219 0.018460197050141014 0.050408518692290905
10.439369999773957 0.003728129129647151 0.004195726265254773
10.472699999772695 0.01833803542716106 0.050102768834559
10.506029999771433 0.003605334358820711 0.0038918010946908943
10.539359999770172 0.018217113747744262 0.04980012232980169
10.57268999976891 0.0034837853810687496 0.0035909593994576383
10.606019999767648 0.018097421061946006 0.04950055177153079
10.639349999766386 0.003363471217500358 0.0032931740045594182
10.672679999765124 0.017978946492690495 0.049204029936000815
10.706009999763863 0.0032443809605353646 0.002998417911526108
10.739339999762601 0.01786167923426718 0.04891052977757937
10.772669999761339 0.0031265037743027912 0.0027066643005224655
10.805999999760077 0.017745608553494163 0.048620024432100006
10.839329999758816 0.0030098288945207274 0.002417886527328328
10.872659999757554 0.017630723788907954 0.04833248721510808
10.905989999756292 0.002894345628582373 0.002132058126158576
10.93931999975503 0.017517203922234437 0.04804789162335954
10.972649999753768 0.0027800433554336923 0.001849152807686938
11.005979999752507 0.017404903175182618 0.04776621133246728
11.039309999751245 0.0026669115253464826 0.0015691444593013415
11.072639999749983 0.017293754290991004 0.047487420198077945
11.105969999748721 0.002554939660346256 0.0012920071467803496
11.13929999974746 0.017183746917740716 0.047211492255261334
11.172629999746198 0.0024441173537845806 0.0010177151107293447
11.205959999744936 0.01707487077540315 0.04693840171886565
11.239289999743674 0.002334434269931518 0.0007462427687010553
11.272619999742412 0.016967115655168397 0.04666812298269596
11.30594999974115 0.0022258801448226118 0.0004775647157728713
11.339279999739889 0.016860471419588352 0.04640063061888133
11.372609999738627 0.0021184447853227484 0.0002116557217157755
11.405939999737365 0.016754928002044478 0.046135899377808265
11.439269999736103 0.002013148254559116 5.150926724040161e-05
11.472599999734841 0.01665047540717879 0.04587390418901993
11.50592999973358 0.0019228221872438225 0.00031195512939508063
11.539259999732318 0.016547103710445876 0.04561462015885143
11.572589999731056 0.0018494015624824778 0.0005697065682319646
11.605919999729794 0.016444803057736435 0.04535802257089605
11.639249999728532 0.0017902360429680186 0.0008247881122303014
11.67257999972727 0.016343563665970784 0.045104086887171047
11.705909999726009 0.0017438052890378364 0.0010772241156198348
11.739239999724747 0.01624348643978546 0.04485278874397647
11.772569999723485 0.0017079078643552625 0.0013270387568931064
11.805899999722223 0.016144581664985447 0.04460410395514813
11.839229999720962 0.0016819004759660585 0.00157425604435657
11.873569999719662 0.015971017639358154 0.0441676985281414
11.9068999997184 0.0016555226203391893 0.0020046926049288594
11.940229999717138 0.015877725918177044 0.043933126853579196
11.973559999715876 0.0016503930668689826 0.002237919606062899
12.006889999714614 0.015785373566513217 0.04370091710155233
12.040219999713353 0.0016507299465643446 0.0024687986756144475
12.07354999971209 0.015693952386847676 0.04347104865949358
12.106879999710829 0.0016559394375579295 0.0026973502758709245
12.140209999709567 0.015603454234134007 0.04324350104812913
12.173539999708305 0.00166573401592085 0.002923594738013513
12.206869999707044 0.015513871016241796 0.043018253920856786
12.240199999705782 0.0016793585046889212 0.003147552263882414
12.27352999970452 0.015425194693781783 0.04279528706396807
12.306859999703258 0.001696309242701255 0.003369242924078364
12.340189999701996 0.015337417280059995 0.04257458039635953
12.373519999700735 0.0017168372473096438 0.0035886866561751773
12.406849999699473 0.015250530841332877 0.04235611396878891
12.440179999698211 0.001740122583076431 0.0038059032689496952
12.47350999969695 0.015164527496479785 0.04213986796598457
12.506839999695687 0.0017659570956016777 0.004020912440094726
12.540169999694426 0.01507952951538849 0.041925822703958726
12.573499999693164 0.0017941389902097482 0.0042337337156750365
12.606829999691902 0.014995497595630125 0.041713958631439674
12.64015999969064 0.001824482562210683 0.00444438651131529
12.673489999689378 0.014912323109552594 0.04150425632883925
12.706819999688117 0.0018568173299712276 0.004652890113165942
12.740149999686855 0.014829998407239309 0.04129669650984047
12.773479999685593 0.0018909460681255652 0.004859263676049164
12.806809999684331 0.014748515890647962 0.04109126001808905
12.84013999968307 0.0019266656391628834 0.005063526225135284
12.873469999681808 0.014667868014415776 0.040887927830524085
12.906799999680546 0.0019637888139423243 0.005265696655831764
12.940129999679284 0.014588047285154504 0.040686681054413754
12.973459999678022 0.0020021445213451727 0.005465793731895818
13.00678999967676 0.014509046261298786 0.04048750092819908
13.040119999675499 0.002041550558323224 0.005663836090541441
13.073449999674237 0.014430857553386798 0.04029036882190473
13.106779999672975 0.002081922341871212 0.005859842235755863
13.140109999671713 0.014353473823614626 0.040095266235185
13.173439999670451 0.00212350688240448 0.006053830546104422
13.20676999966919 0.014276887785850569 0.03990217479857838
13.240099999667928 0.0021657063355139394 0.006245819269135033
13.273429999666666 0.014201092205877506 0.03971107627306347
13.306759999665404 0.0022083743273102474 0.006435826524264776
13.340089999664142 0.014126079900502964 0.039521952548637884
13.37341999966288 0.002252003830072846 0.006623870302946422
13.406749999661619 0.014052002050207402 0.039334785645395165
13.440079999660357 0.002296065911049028 0.006809968468202143
13.473409999659095 0.013978756216305179 0.039149557711570804
13.506739999657833 0.0023403060139890464 0.006994138754790047
13.540069999656572 0.013906270121003539 0.03896625102484119
13.57339999965531 0.0023854350219146836 0.007176398771624459
13.606729999654048 0.013834536806700437 0.03878484799046955
13.640059999652786 0.0024304189170822887 0.0073567659984119516
13.673389999651524 0.013763549366685779 0.03860533114319331
13.706719999650263 0.0024760922705125976 0.007535257790836081
13.741059999648963 0.013638663313847443 0.038289511930367226
13.7743899996477 0.00255717156308366 0.007846802241928685
13.807719999646439 0.013571706337213276 0.038120187411527784
13.841049999645177 0.0026015187751953217 0.008015188566190545
13.874379999643915 0.013505423499774127 0.037952567677834725
13.907709999642654 0.002646602106081253 0.008181879470336995
13.941039999641392 0.013439808913213726 0.03778663784008707
13.97436999964013 0.0026912559518195156 0.008346889753318987
14.007699999638868 0.013374856727714655 0.037622383103852464
14.041029999637606 0.00273625229177088 0.008510234117509174
14.074359999636345 0.013310561131570586 0.03745978877331968
14.107689999635083 0.002781142750262755 0.008671927170766924
14.141019999633821 0.013246916351277616 0.037298840248367604
14.17434999963256 0.002825796977712569 0.008831983423907008
14.207679999631297 0.013183985484612302 0.03713952302538681
14.241009999630036 0.0028708577569556137 0.00899041729202077
14.274339999628774 0.013121832605961892 0.036981822698378686
14.307669999627512 0.002915461187643964 0.009147243096097046
14.34099999962625 0.013060311344440079 0.036825724955802386
14.374329999624988 0.0029601082525049227 0.009302475060279924
14.407659999623727 0.012999416098044891 0.036671215584060946
14.440989999622465 0.003004817009024441 0.009456127313722806
14.474319999621203 0.012939141302176438 0.03651828046542516
14.507649999619941 0.0030490702019506655 0.009608213890810458
14.54097999961868 0.012879481430569273 0.03636690557743405
14.574309999617418 0.0030934106802835704 0.009758748729526978
14.607639999616156 0.012820430994415322 0.03621707699397181
14.640969999614894 0.0031377088945342413 0.00990774567477537
14.674299999613632 0.012761984542780325 0.03606878088526777
14.70762999961237 0.00318155397278308 0.010055218475246708
14.740959999611109 0.01270413666252268 0.03592200351607566
14.774289999609847 0.0032253921612053205 0.010201180784685793
14.807619999608585 0.012646881977637081 0.03577673124682823
14.840949999607323 0.0032692263501232772 0.01034564616306799
14.874279999606062 0.012590215149937523 0.03563295053248261
14.9076099996048 0.0033126104276344215 0.010488628076721351
14.940939999603538 0.012534130878654515 0.03549064792424117
14.974269999602276 0.0033557918977683565 0.010630139896528057
15.007599999601014 0.01247862390033194 0.035349810067375476
15.040929999599753 0.0033991133482680347 0.01077019490025588
15.07425999959849 0.012423688988638992 0.0352104237017703
15.107589999597229 0.0034419882645122524 0.010908806272225124
15.140919999595967 0.012369394945937806 0.03507247566117977
15.174249999594705 0.003484420695528012 0.011045987102276111
15.207579999593444 0.012315785412222668 0.03493595287291651
15.240909999592182 0.003527160937852325 0.011181750387601053
15.27423999959092 0.012262730453656225 0.034800842358495565
15.307569999589658 0.0035694830087311664 0.011316109032288857
15.340899999588396 0.012210225010381492 0.03466713123378984
15.374229999587135 0.0036113666689625568 0.01144907584842425
15.407559999585873 0.012158264059275115 0.03453480670672082
15.440889999584611 0.0036531724666325482 0.0115806635551996
15.47421999958335 0.012106842613676005 0.03440385607865748
15.507549999582087 0.003694902267370348 0.011710884778637354
15.540879999580826 0.012055955723301093 0.034274266743505866
15.574209999579564 0.0037361981969653573 0.011839752053377506
15.608549999578264 0.011966177810353695 0.034045634910695455
15.641879999577002 0.0038087352989268908 0.01206531394360999
15.67520999957574 0.011918182371734587 0.03392340894536883
15.708539999574478 0.003848329324395383 0.01218687964131826
15.741869999573217 0.011870670066280065 0.033802413324401925
15.775199999571955 0.003887524708310219 0.01230722137269824
15.808529999570693 0.011823636673298 0.033682637298659834
15.841859999569431 0.0039263249323149285 0.01242634982751012
15.87518999956817 0.01177707799959038 0.03356407019069474
15.908519999566908 0.003964733455458003 0.012544275627024426
15.941849999565646 0.011730989879878972 0.03344670139285855
15.975179999564384 0.004003276164714631 0.012661009322600947
16.008509999563124 0.011685368176041266 0.033330520367258476
16.041839999561862 0.004041493658245798 0.01277656139632155
16.0751699995606 0.01164023019058602 0.03321551664724476
16.10849999955934 0.0040793237924121595 0.012890942260168625
16.141829999558077 0.01159570797750109 0.03310167983301415
16.175159999556815 0.004116769987826618 0.013004162257135299
16.208489999555553 0.011551638112922924 0.03298899959804924
16.24181999955429 0.004153835642308534 0.01311623166037057
16.27514999955303 0.011508016584948377 0.03287746568327865
16.308479999551768 0.0041909438944618405 0.013227160675466365
16.341809999550506 0.01146483940818166 0.03276706789970829
16.375139999549244 0.004227789034279117 0.013336959435883422
16.408469999547982 0.011422102624923602 0.03265779612795505
16.44179999954672 0.004264258277293931 0.013445638009668137
16.47512999954546 0.011379802304614994 0.03254964031890184
16.508459999544197 0.00430035497818726 0.013553206393213113
16.541789999542935 0.011337934543358408 0.032442590490100454
16.575119999541673 0.004336082468590963 0.013659674515620335
16.60844999954041 0.011296495464673373 0.032336636730756485
16.64177999953915 0.004371444057195584 0.013765052236847097
16.675109999537888 0.011255481218944485 0.03223176919848747
16.708439999536626 0.00440692542116472 0.013869349349693305
16.741769999535364 0.011214887983335586 0.03212797811924517
16.775099999534103 0.004442042811112712 0.013972575575715851
16.80842999953284 0.011174711961866368 0.032025253786205354
16.84175999953158 0.004476799175732404 0.014074740571556887
16.875089999530317 0.01113494938536741 0.03192358656419758
16.908419999529055 0.004511197776441156 0.014175853924058845
16.941749999527794 0.011095596511389139 0.03182296688375441
16.975079999526532 0.004545241851507287 0.01427592515248488
17.00840999952527 0.011056649624266779 0.03172338524434215
17.041739999524008 0.004578934616265795 0.014374963708096988
17.075069999522746 0.011018105034547032 0.031624832213228427
17.108399999521485 0.0046124630920932885 0.014472978975710316
17.141729999520223 0.010979959079403523 0.03152729842480495
17.17505999951896 0.004645892385065076 0.014569980271739169
17.2083899995177 0.010942321277682576 0.03143077458312993
17.241719999516437 0.0046789754267061445 0.014665976846695017
17.275049999515176 0.01090512484028583 0.03133525145704308
17.308379999513914 0.004711715381419013 0.014760977882666282
17.341709999512652 0.010868314514290711 0.03124071988392929
17.37503999951139 0.004744115390954762 0.014854992496260433
17.40836999951013 0.010831886757770914 0.031147170767376053
17.441699999508867 0.004776178573760337 0.014948029736816526
17.475029999507605 0.010795838054441176 0.031054595078572333
17.509369999506305 0.004832464831398986 0.015111364090003576
17.542699999505043 0.010733069794346517 0.03089339895219201
17.57602999950378 0.004862964728442831 0.015199124879283765
17.60935999950252 0.010699059613832662 0.030806058334464925
17.642689999501258 0.0048932727640698115 0.015286002172099078
17.676019999499996 0.010665392161637643 0.030719597860739967
17.709349999498734 0.0049232752776138256 0.015372003685953928
17.742679999497472 0.010632064437703592 0.03063400982705744
17.77600999949621 0.004952974943831512 0.01545713708898111
17.80933999949495 0.01059907346152622 0.0305492865789736
17.842669999493687 0.004982374420145708 0.015541409997865685
17.875999999492425 0.010566416272319912 0.030465420513037245
17.909329999491163 0.005011476346153287 0.015624829979710153
17.9426599994899 0.010534089929151502 0.030382404077178293
17.97598999948864 0.005040283344244112 0.015707404551656978
18.009319999487378 0.010502091510393718 0.030300229768642772
18.042649999486116 0.0050687980189840776 0.015789141179878285
18.075979999484854 0.010470418114455149 0.030218890135869092
18.109309999483592 0.005097022957667563 0.015870047280930333
18.14263999948233 0.010439066859047386 0.030138377777244596
18.17596999948107 0.005125216407271815 0.015950130221564773
18.209299999479807 0.01040803488157882 0.03005868534183831
18.242629999478545 0.005153189733939079 0.01602939731720765
18.275959999477283 0.010377319338937374 0.029979805527946546
18.30928999947602 0.005180877715718957 0.016107855835856277
18.34261999947476 0.010346945945471808 0.02990173108513572
18.375949999473498 0.005208282899224037 0.01618551299313875
18.409279999472236 0.010316997645374193 0.029824454812277246
18.442609999470974 0.0052354078136204185 0.01626237595612201
18.475939999469713 0.010287355905777784 0.029747969557614162
18.50926999946845 0.005262254970596625 0.016338451842490276
18.54259999946719 0.010258017974777656 0.029672268220526377
18.575929999465927 0.005288826864454643 0.016413747720189775
18.609259999464665 0.010228981119123848 0.029597343748533067
18.642589999463404 0.005315125971925516 0.01648827060730662
18.675919999462142 0.010200242624935463 0.029523189139157857
18.70924999946088 0.005341154752466104 0.016562027474043006
18.74257999945962 0.010171799797635162 0.029449797440317393
18.775909999458356 0.0053669156479221325 0.01663502524009708
18.809239999457095 0.010143649961655732 0.0293771617476124
18.842569999455833 0.0053925374521118785 0.016707270776183947
18.87589999945457 0.010115790460457186 0.029305275206303882
18.90922999945331 0.005418045047224207 0.016778770904701812
18.942559999452047 0.010088218656549408 0.02923413101189043
18.975889999450786 0.005443289136881191 0.016849532399598743
19.009219999449524 0.010060931931487271 0.02916372240733267
19.042549999448262 0.005468272120063622 0.0169195619849849
19.075879999447 0.01003392768531508 0.02909404268450766
19.10920999944574 0.005492996378496762 0.016988866337486197
19.142539999444477 0.010007203337307757 0.029025085183942423
19.175869999443215 0.0055174642766314674 0.0170574520851674
19.209199999441953 0.009980756325411289 0.02895684329520254
19.24252999944069 0.0055416781617594335 0.01712532580722126
19.27585999943943 0.00995458410631822 0.02888931045557097
19.309189999438168 0.005565640364156077 0.017192494036355477
19.342519999436906 0.009928684155076084 0.028822480150925145
19.376859999435606 0.005607835356834956 0.017310776538970174
19.410189999434344 0.00988344594641466 0.028705748460167158
19.443519999433082 0.0056304372045440365 0.01737413148616973
19.47684999943182 0.00985901214197027 0.02864270130065183
19.51017999943056 0.005652811558961135 0.017436848747720557
19.543509999429297 0.0098348244957851 0.028580289305280004
19.576839999428035 0.005674960407253127 0.017498933893156376
19.610169999426773 0.009810880853798998 0.02851850691577562
19.64349999942551 0.005697103754062294 0.017560392456539287
19.67682999942425 0.009787179075920416 0.028457348609955968
19.710159999422988 0.005719030314063844 0.01762122993482773
19.743489999421726 0.009763803314898012 0.0283968089028086
19.776819999420464 0.005740734996964925 0.017681451789841596
19.810149999419203 0.009740698346032639 0.028336882346835512
19.84347999941794 0.005762219757752707 0.017741063446397032
19.87680999941668 0.009717827695190917 0.028277563528644745
19.910139999415417 0.005783486538459837 0.017800070292339765
19.943469999414155 0.009695189289749107 0.028218847072414288
19.976799999412894 0.005804537268188081 0.017858477680454676
20.01012999941163 0.009672781071008996 0.028160727639314764
20.04345999941037 0.005825373862775596 0.017916290926867084
20.076789999409108 0.009650600993909686 0.028103199925166855
20.110119999407846 0.0058459982253158405 0.01797351531157565
20.143449999406585 0.009628647028094295 0.028046258663994017
20.176779999405323 0.005866412245905117 0.01803015607902969
20.21010999940406 0.009606917156419592 0.027989898624058984
20.2434399994028 0.005886617801578509 0.018086218437618484
20.276769999401537 0.009585409375859388 0.027934114610372873
20.310099999400276 0.0059066167564159056 0.01814170755961575
20.343429999399014 0.009564121697299699 0.027878901463862515
20.376759999397752 0.0059264109616052885 0.01819662858056903
20.41008999939649 0.009543052145417175 0.027824254061314946
20.44341999939523 0.005946002255401317 0.01825098660214186
20.476749999393967 0.009522198758790346 0.027770167315599448
20.510079999392705 0.00596539246347072 0.018304786688749797
20.543409999391443 0.009501559589700226 0.027716636174845988
20.57673999939018 0.005984583398366494 0.018358033870080614
20.61006999938892 0.009481132704070916 0.027663655623144656
20.643399999387658 0.006003737145067856 0.018410733140461488
20.676729999386396 0.009460916181531887 0.02761122067955757
20.710059999385134 0.006022716381416604 0.018462889458392695
20.743389999383872 0.009440908115653568 0.02755932640032821
20.77671999938261 0.006041499834128605 0.01851450774672525
20.81004999938135 0.009421106613235919 0.027507967873907635
20.843379999380087 0.006060089282020398 0.018565592894270733
20.876709999378825 0.009401509795023744 0.027457140227005183
20.910039999377563 0.0060784864909425584 0.018616149754091538
20.9433699993763 0.009382115795013357 0.027406838619836726
20.97669999937504 0.006096693214228344 0.01866618314364521
21.010029999373778 0.009362922760971837 0.027357058248456134
21.043359999372516 0.006114711192370281 0.01871569784662741
21.076689999371254 0.009343928853878358 0.027307794342845693
21.110019999369992 0.006132542153051478 0.018764698610718167
21.14334999936873 0.009325132248195422 0.027259042168581438
21.17667999936747 0.006150187811865049 0.018813190150623882
21.210009999366207 0.009306531132080242 0.02721079702591167
21.243339999364945 0.006167649871320902 0.018861177144791075
21.277679999363645 0.009273938713427077 0.027126261044263522
21.311009999362383 0.006198000019444705 0.01894458551322531
21.34433999936112 0.009256391715770085 0.027080749950292304
21.37766999935986 0.006214475353183313 0.018989860861229335
21.410999999358598 0.009239030183492924 0.027035697227351108
21.444329999357336 0.006230784670446687 0.019034679983565006
21.477659999356074 0.009221930640821219 0.026991098865847274
21.510989999354813 0.0062469294244037465 0.019079046873315963
21.54431999935355 0.009205003779697574 0.026946950882855703
21.57764999935229 0.006262911058456555 0.019122965497853084
21.610979999351027 0.00918824808309815 0.02690324932217436
21.644309999349765 0.006278731006527094 0.01916643979754662
21.677639999348504 0.009171662044127449 0.026859990252825483
21.710969999347242 0.006294390693224238 0.019209473687298306
21.74429999934598 0.009155244165825804 0.026817169770820826
21.777629999344718 0.006309891533286427 0.019252071054498554
21.810959999343456 0.009138992961379766 0.026774783998717577
21.844289999342195 0.0063253383827838175 0.019294235762101763
21.877619999340933 0.009122906953619725 0.026732829083442322
21.91094999933967 0.006340663433106464 0.019335971645539907
21.94427999933841 0.009106984675860352 0.026691301199954776
21.977609999337147 0.006355832422298757 0.019377282515198324
22.010939999335886 0.009091224671227804 0.026650196548128058
22.044269999334624 0.006370846739829683 0.019418172154428426
22.077599999333362 0.009075625492838024 0.026609511354680482
22.1109299993321 0.006385707765617199 0.01945864432217892
22.14425999933084 0.009060185703896995 0.026569241872531624
22.177589999329577 0.006400416870185776 0.019498702750619934
22.210919999328315 0.009044903877328259 0.026529384379159193
22.244249999327053 0.006414975414327229 0.01953835114564262
22.27757999932579 0.009029778595948668 0.026489935178786173
22.31090999932453 0.006429384749463195 0.019577593187425357
22.344239999323268 0.009014808452680323 0.026450890601381616
22.377569999322006 0.006443646217730192 0.01961643253197698
22.410899999320744 0.008999992050286454 0.02641224700316025
22.444229999319482 0.006457761151685171 0.01965487280721767
22.47755999931822 0.008985328001312465 0.02637400076462848
22.51088999931696 0.0064717308745625415 0.019692917617908368
22.544219999315697 0.00897081492808205 0.026336148292782635
22.577549999314435 0.006485556700155049 0.019730570541043324
22.610879999313173 0.008956451462752923 0.026298686021108963
22.64420999931191 0.006499239932936774 0.01976783513077951
22.67753999931065 0.008942236247335145 0.02626161040771846
22.710869999309388 0.006512781868181161 0.019804714913307375
22.744199999308126 0.008928167933454412 0.02622491793520254
22.777529999306864 0.006526183791524587 0.01984121339017042
22.810859999305602 0.008914245182556235 0.026188605112442698
22.84418999930434 0.006539446979676455 0.01987733403895353
22.87751999930308 0.00890046666558375 0.02615266847362241
22.910849999301817 0.006552572700091797 0.019913080310851594
22.944179999300555 0.00888683106339283 0.026117104577938477
22.977509999299293 0.0065655622106540745 0.01994845563130232
23.01083999929803 0.008873337066213627 0.026081910008890485
23.04416999929677 0.006578416760442907 0.019983463402883928
23.077499999295508 0.008859983374100655 0.026047081377300607
23.110829999294246 0.006591137589235019 0.020018107001484875
23.145169999292946 0.008836511066441344 0.025985860054655863
23.178499999291684 0.006613317699262877 0.020078514506927103
23.211829999290423 0.008823914963059232 0.025953007353818336
23.24515999928916 0.006625318914841637 0.02011119829339325
23.2784899992879 0.0088114456884687 0.02592048544185488
23.311819999286637 0.006637199225918544 0.020143552811102694
23.345149999285375 0.008799102133894676 0.025888291425535392
23.378479999284114 0.006648959690430445 0.020175580941539373
23.411809999282852 0.008786883197375084 0.02585642243210229
23.44513999928159 0.006660649343095183 0.0202072855471358
23.47846999928033 0.008774787784878058 0.025824875608448927
23.511799999279066 0.006672271262045504 0.020238669470828974
23.545129999277805 0.008762814809188835 0.025793648117511392
23.578459999276543 0.006683775473755539 0.02026973553634903
23.61178999927528 0.008750963190498617 0.02576273714469668
23.64511999927402 0.00669516301711226 0.020300486550273167
23.678449999272758 0.00873923185621972 0.025732139891676553
23.711779999271496 0.006706434923970939 0.02033092529751812
23.745109999270234 0.008727661638401663 0.025701853579607192
23.778439999268972 0.00671759221934487 0.020361054547524127
23.81176999926771 0.008716236506785324 0.025671875449317927
23.84509999926645 0.006728635921184777 0.020390877048170886
23.878429999265187 0.008704927783945826 0.025642202759534882
23.911759999263925 0.00673956704065326 0.02042039553061814
23.945089999262663 0.008693734432420053 0.025612832788568518
23.9784199992614 0.006750386581727552 0.02044961270574186
24.01174999926014 0.008682655421822227 0.025583762832004364
24.045079999258878 0.006761095541632622 0.020478531266610034
24.078409999257616 0.008671689728992127 0.025554990205911565
24.111739999256354 0.006771694910681192 0.02050715388696167
24.145069999255092 0.008660836337646916 0.025526512243045918
24.17839999925383 0.006782185672203011 0.020535483222705597
24.21172999925257 0.00865009423887797 0.025498326296913287
24.245059999251307 0.00679256880295287 0.02056352191153188
24.278389999250045 0.008639462430593547 0.025470429737539657
24.311719999248783 0.006802845272435354 0.02059127257125759
24.34504999924752 0.008628939917943557 0.0254428199553125
24.37837999924626 0.006813016043582865 0.02061873780260237
24.411709999244998 0.008618525713041558 0.025415494358338453
24.445039999243736 0.0068230820723996785 0.020645920187289946
24.478369999242474 0.008608218834929127 0.025388450372043625
24.511699999241213 0.006833044308150793 0.020672822287759463
24.54502999923995 0.008598018309844413 0.025361685441593895
24.57835999923869 0.006842903693339286 0.02069944665021861
24.611689999237427 0.008587923170850331 0.025335197029896506
24.645019999236165 0.006852661163594066 0.020725795799969582
24.678349999234904 0.008577932458140647 0.025308982618199583
24.711679999233642 0.006862317647896465 0.020751872247237735
24.74500999923238 0.008568045218485532 0.025283039706380794
24.778339999231118 0.006871874068377637 0.020777678480909945
24.811669999229856 0.008558260506044912 0.025257365811959254
24.844999999228595 0.006881331340747754 0.02080321697430776
24.878329999227333 0.008548577381659594 0.02523195847061732
24.91165999922607 0.006890690373815401 0.02082849018141264
24.94498999922481 0.008538994912909659 0.02520681523661139
24.978319999223547 0.006899952069654436 0.020853500539008696
25.012659999222247 0.008522097911153215 0.025162478205797978
25.045989999220986 0.0069161524155123555 0.020897249939977325
25.079319999219724 0.00851305968953986 0.0251387630231914
25.112649999218462 0.006924889591144235 0.02092084385506565
25.1459799992172 0.008504112447608292 0.02511528655824158
25.17930999921594 0.006933538766728642 0.020944200134009883
25.212639999214677 0.008495255390263079 0.025092046725949668
25.245969999213415 0.006942100711837984 0.020967320855724836
25.279299999212153 0.008486487727593972 0.025069041452741025
25.31262999921089 0.006950576191052993 0.02099020808474794
25.34595999920963 0.008477808674782095 0.025046268680173345
25.379289999208368 0.006958965964143138 0.021012863872671428
25.412619999207106 0.008469217452551359 0.02502372636304928
25.445949999205844 0.006967270785573687 0.021035290256588013
25.479279999204582 0.008460713286547517 0.025001412469649598
25.51260999920332 0.006975491404901946 0.02105748926097828
25.54593999920206 0.008452295407664678 0.024979324982077333
25.579269999200797 0.00698362856642265 0.021079462895468026
25.612599999199535 0.008443963052089165 0.024957461896213395
25.645929999198273 0.006991683009883953 0.02110121315811453
25.67925999919701 0.008435715460916704 0.02493582122077287
25.71258999919575 0.0069996554695881405 0.021122742030954544
25.745919999194488 0.008427551880622053 0.024914400978437445
25.779249999193226 0.0070075466750118 0.021144051484689452
25.812579999191964 0.008419471562850056 0.024893199205577865
25.845909999190702 0.007015357350592333 0.021165143475354586
25.87923999918944 0.008411473764322941 0.0248722139526536
25.91256999918818 0.007023133224446032 0.021186019946206613
25.945899999186917 0.008403557746824108 0.02485144328178146
25.979229999185655 0.007030845943672314 0.02120668282591387
26.012559999184393 0.0083957227772391 0.024830885270066272
26.04588999918313 0.0070384796522471324 0.02122713403169829
26.07921999918187 0.008387968127822942 0.02481053800845734
26.112549999180608 0.007046035060336741 0.021247375465149876
26.145879999179346 0.008380293075605172 0.024790399599194934
26.179209999178084 0.0070535128730717656 0.021267409016179073
26.212539999176823 0.008372696902974486 0.02477046815945183
26.24586999917556 0.0070609137906878505 0.02128723656014131
26.2791999991743 0.008365178897135062 0.024750741819079547
26.312529999173037 0.0070682385085764085 0.021306859960268376
26.345859999171775 0.008357738350575294 0.024731218721740778
26.379189999170514 0.00707548771705857 0.021326281065603414
26.412519999169252 0.008350374560618823 0.024711897023188545
26.44584999916799 0.007082662101404402 0.021345501712211057
26.47917999916673 0.008343086829771584 0.024692774893586567
26.512509999165466 0.007089762342185057 0.021364523723399476
26.545839999164205 0.008335874465472903 0.024673850516276907
26.579169999162943 0.007096789115000001 0.02138334890987581
26.61249999916168 0.008328736780274015 0.024655122087224868
26.64582999916042 0.007103743090595359 0.021401979067847687
26.679159999159157 0.008321673091670978 0.024636587815485278
26.712489999157896 0.007110624934931642 0.02142041598119926
26.745819999156634 0.008314682722024513 0.024618245922602977
26.779149999155372 0.007117435308807041 0.02143866142044759
26.81247999915411 0.00830776499872643 0.024600094643967285
26.84580999915285 0.007124174868513245 0.021456717144030524
26.879139999151587 0.008300919254091044 0.02458213222844563
26.913479999150287 0.0071360012115941895 0.021488401952673986
26.946809999149025 0.008289003671561268 0.024550866198547183
26.980139999147763 0.007142358656699655 0.021505433951207742
27.0134699991465 0.008282544948268855 0.02453391929052584
27.04679999914524 0.007148652086018115 0.021522294446929546
27.080129999143978 0.008276151308466262 0.024517143152735787
27.113459999142716 0.0071548820594852245 0.021538984940294714
27.146789999141454 0.008269822182283892 0.024500536290217312
27.180119999140192 0.007161049132861752 0.021555506921133727
27.21344999913893 0.00826355700374981 0.024484097218424594
27.24677999913767 0.007167153858600228 0.021571861869118525
27.280109999136407 0.008257392734753677 0.02446782446164919
27.313439999135145 0.007173196785408621 0.021588051254406437
27.346769999133883 0.00825129328777352 0.02445171655430789
27.38009999913262 0.007179178458191937 0.021604076536163586
27.41342999913136 0.008245255711934352 0.024435772039987924
27.446759999130098 0.007185099418566821 0.0216199391656291
27.480089999128836 0.008239279459801185 0.024419989473323245
27.513419999127574 0.0071909602042457 0.02163564058301759
27.546749999126313 0.008233363987636522 0.02440436741873997
27.58007999912505 0.007196761349211545 0.021651182219739606
27.61340999912379 0.008227508755180746 0.024388904449224036
27.646739999122527 0.007202503383998637 0.0216665654967807
27.680069999121265 0.008221713225996297 0.024373599148175273
27.713399999120004 0.007208186835340413 0.021681791825201024
27.74672999911874 0.008215976867414376 0.024358450109518426
27.78005999911748 0.007213812226484428 0.021696862607056833
27.813389999116218 0.008210299150282263 0.024343455934894287
27.846719999114956 0.007219380077032711 0.021711779233724027
27.880049999113695 0.00820467954926718 0.024328615237201312
27.913379999112433 0.007224890902904679 0.02172654308830735
27.94670999911117 0.008199117542557754 0.02431392663881926
27.98003999910991 0.007230345216622025 0.021741155543431034
28.013369999108647 0.008193612612160006 0.02429938877172022
28.046699999107386 0.007235743526970317 0.021755617961971563
28.080029999106124 0.00818816424342439 0.024285000275992008
28.113359999104862 0.007241086339038416 0.02176993169689112
28.1466899991036 0.008182771925621557 0.024270759803735054
28.18001999910234 0.007246374154484925 0.021784098092880733
28.213349999101077 0.008177435151482504 0.02425666601537646
28.246679999099815 0.007251607471402299 0.02179811848465052
28.280009999098553 0.008172153417523975 0.02424271758159069
28.31333999909729 0.0072567867842996394 0.02181199419615254
28.34666999909603 0.008166926223876714 0.02422891318120124
28.379999999094768 0.007261912584139552 0.02182572654291226
28.413329999093506 0.008161753073901656 0.02421525150309023
28.446659999092244 0.007266985358606259 0.02183931683116258
28.479989999090982 0.008156633475003616 0.02420173124599856
28.51331999908972 0.007272005591392405 0.021852766356811326
28.54664999908846 0.008151566937751875 0.02418835111828166
28.579979999087197 0.007276973762950446 0.02186607640778382
28.613309999085935 0.008146552976537547 0.024175109837132336
28.646639999084673 0.0072818903501062895 0.021879248260781026
28.67996999908341 0.008141591109232404 0.02416200612942454
28.71329999908215 0.007286755826436121 0.021892283184499206
28.746629999080888 0.008136680857331546 0.024149038730902905
28.780969999079588 0.007295320808530348 0.02191523022950781
28.814299999078326 0.0081281067065605 0.02412639463866828
28.847629999077064 0.007299910113484632 0.021927525261211667
28.880959999075802 0.008123474368150863 0.02411416118551779
28.91428999907454 0.00730445321860429 0.021939696521466878
28.94761999907328 0.008118888696240889 0.024102050972463207
28.980949999072017 0.007308950527664226 0.02195174509113107
29.014279999070755 0.008114349282696498 0.024090062921722222
29.047609999069493 0.007313402441711637 0.02196367204495564
29.08093999906823 0.008109855721723847 0.024078195961430016
29.11426999906697 0.007317809359309813 0.02197547845038672
29.147599999065708 0.008105407610215165 0.024066449027326797
29.180929999064446 0.0073221716762507105 0.0219871653686754
29.214259999063184 0.008101004547911073 0.024054821062380327
29.247589999061923 0.0073264897858258396 0.021998733852490737
29.28091999906066 0.008096646137276009 0.024043311016708202
29.3142499990594 0.0073307640785287296 0.02201018494872864
29.347579999058137 0.008092331983331258 0.024031917847566753
29.380909999056875 0.007334994942440276 0.02202151969687982
29.414239999055614 0.008088061693665272 0.024020640518407355
29.447569999054352 0.00733918276265888 0.022032739128718948
29.48089999905309 0.008083834878759966 0.02400947800077491
29.514229999051828 0.007343327922056053 0.022043844269037383
29.547559999050566 0.00807965115159004 0.02399842927161
29.580889999049305 0.007347430800629273 0.022054836137141987
29.614219999048043 0.008075510127815155 0.023987493317023656
29.64754999904678 0.007351491775749896 0.022065715743535552
29.68087999904552 0.008071411425727093 0.023976669128267236
29.714209999044257 0.007355511222450928 0.022076484092647952
29.747539999042996 0.008067354666501991 0.023965955705762543
29.780869999041734 0.007359489512958396 0.0220871421821367
29.814199999040472 0.008063339473560083 0.023955352054039203
29.84752999903921 0.007363427016838897 0.022097691001954356
29.88085999903795 0.008059365473107705 0.02394485718647532
29.914189999036687 0.007367324101089867 0.022108131534959163
29.947519999035425 0.008055432294182041 0.023934470123188056
29.980849999034163 0.007371181130445881 0.022118464758269507
30.0141799990329 0.008051539568065147 0.023924189890667247
30.04750999903164 0.0073749984668031185 0.02212869164246456
30.080839999030378 0.008047686928907227 0.023914015523440746
30.114169999029116 0.007378776469358139 0.022138813149363834
30.147499999027854 0.008043874013469399 0.023903946061065717
30.180829999026592 0.007382515494894882 0.022148830234169914
30.21415999902533 0.008040100461025212 0.023893980551326077
30.24748999902407 0.007386215897807857 0.022158743846523166
30.280819999022807 0.008036365913570598 0.023884118048356218
30.314149999021545 0.0073898780296993705 0.02216855492817027
30.347479999020283 0.008032670015321153 0.023874357612818642
30.38080999901902 0.007393502239742444 0.022178264415162463
30.41413999901776 0.008029012413462877 0.02386469831368032
30.447469999016498 0.007397088874487534 0.02218787323597926
30.480799999015236 0.008025392757578853 0.023855139225181787
30.514129999013974 0.007400638278026395 0.022197382312250102
30.547459999012712 0.008021810699803456 0.023845679428058375
30.58078999901145 0.007404150792006736 0.022206792559265054
30.61411999901019 0.008018265894942811 0.02383631801226027
30.647449999008927 0.007407636002551898 0.022216104885575128
30.681789999007627 0.008012056198611228 0.023819918372647297
30.715119999006365 0.007413720916496502 0.022232286817647218
30.748449999005103 0.008008712252553618 0.02381108740722171
30.78177999900384 0.007417024917400039 0.02224107298784972
30.81510999900258 0.008005401984556126 0.023802345381074286
30.848439999001318 0.007420295621502814 0.022249770613513853
30.881769999000056 0.008002125100118329 0.02379369151640498
30.915099998998794 0.007423533320181752 0.02225838046997497
30.948429998997533 0.007998881306527483 0.023785125041098087
30.98175999899627 0.00742673830313012 0.022266903327017307
31.01508999899501 0.00799567031295112 0.02377664518595779
31.048419998993747 0.00742991085788891 0.022275339949662243
31.081749998992485 0.007992491830913773 0.02376825118965975
31.115079998991224 0.007433051270453239 0.02228369109745776
31.148409998989962 0.007989345573418793 0.023759942294043768
31.1817399989887 0.007436159824469546 0.022291957525921724
31.21506999898744 0.007986231255504461 0.023751717746911538
31.248399998986176 0.007439236802009975 0.02230013998514302
31.281729998984915 0.007983148594275402 0.023743576801171784
31.315059998983653 0.007442282483139828 0.022308239219237525
31.34838999898239 0.007980097308740941 0.023735518714540493
31.38171999898113 0.007445297145950437 0.022316255968324317
31.415049998979867 0.007977077119581844 0.023727542750029418
31.448379998978606 0.007448281066716245 0.022324190966460655
31.481709998977344 0.007974087749625713 0.02371964817478034
31.515039998976082 0.007451234519754158 0.022332044942996454
31.54836999897482 0.007971128923452198 0.023711834261430642
31.58169999897356 0.0074541577775392165 0.02233981862346246
31.615029998972297 0.007968200367720168 0.023704100288668428
31.648359998971035 0.007457051110576818 0.022347512726006435
31.681689998969773 0.007965301810819225 0.02369644553872341
31.71501999896851 0.007459914787540378 0.022355127966433574
31.74834999896725 0.007962432983080192 0.023688869300642068
31.781679998965988 0.007462749075352493 0.02236266505343254
31.815009998964726 0.007959593616750027 0.02368137086573574
31.848339998963464 0.007465554238799576 0.022370124691617477
31.881669998962202 0.007956783446102955 0.023673949533087324
31.91499999896094 0.007468330541068657 0.022377507580806366
31.94832999895968 0.00795400220701592 0.023666604605065977
31.981659998958417 0.007471078243278416 0.022384814415621346
32.01498999896248 0.007951249637495161 0.02365933539008047
32.04831999897306 0.007473797604776511 0.022392045885266665
32.081649998983636 0.007948525477313617 0.02365214120029213
32.114979998994215 0.0074764888830923795 0.022399202674761032
32.148309999004795 0.007945829468086196 0.02364502135382418
32.181639999015374 0.0074791523338518795 0.02240628546397172
32.21496999902595 0.007943161353285877 0.02363797517298538
32.24829999903653 0.007481788210679685 0.022413294927337013
32.28162999904711 0.007940520878253143 0.023631001984703026
32.31495999905769 0.007484396765599977 0.02242023173401053
32.34828999906827 0.007937907790184329 0.02362410112179969
32.38161999907885 0.007486978248748111 0.02242709655027042
32.41494999908943 0.007935321838184795 0.02361727192228269
32.44827999910001 0.007489532908506292 0.022433890037043547
32.48160999911059 0.007932762773173785 0.023610513728156146
32.51493999912117 0.007492060991151295 0.02244061284912835
32.54927999913207 0.007928265529851597 0.02359863662911854
32.58260999914265 0.007496467989258071 0.0224523326073367
32.61593999915323 0.007925851633432512 0.023592261813232263
32.649269999163806 0.007498853072155586 0.022458675141634465
32.682599999174386 0.007923462041668827 0.023585951182902853
32.715929999184965 0.0075012141251169515 0.02246495377455915
32.749259999195544 0.007921096542145789 0.023579704176857064
32.782589999206124 0.007503551358362782 0.02247116906469726
32.8159199992167 0.007918754923589622 0.023573520237019085
32.84924999922728 0.0075058649807528965 0.022477321567615505
32.88257999923786 0.00791643697636335 0.02356739881064218
32.91590999924844 0.007508155199796529 0.022483411835494405
32.94923999925902 0.007914142492353227 0.023561339347255572
32.9825699992696 0.007510422221731371 0.02248944041651768
33.01589999928018 0.007911871264393633 0.023555341300574018
33.04922999929076 0.007512666251354604 0.022495407855849248
33.08255999930134 0.007909623087059225 0.023549404127787277
33.11588999931192 0.007514887492134582 0.022501314693368357
33.1492199993225 0.007907397756241163 0.023543527289104915
33.18254999933308 0.007517086145824803 0.022507161466178705
33.215879999343656 0.007905195069059512 0.02353771024933282
33.249209999354235 0.007519262413330786 0.02251294870883047
33.282539999364815 0.007903014824207966 0.023531952477562346
33.315869999375394 0.007521416493898592 0.022518676950866734
33.349199999385974 0.00790085682169206 0.023526253444561274
33.38252999939655 0.0075235485853341055 0.02252434671869974
33.41585999940713 0.00789872086287291 0.023520612626426463
33.44918999941771 0.007525658884343533 0.02252995853483375
33.48251999942829 0.007896606750466995 0.023515029501719464
33.51584999943887 0.00752774758613306 0.022535512918475664
33.54917999944945 0.007894514288517174 0.023509503553198474
33.58250999946003 0.007529814884412401 0.022541010385424
33.61583999947061 0.007892443282710326 0.023504034267651797
33.64916999948119 0.007531860971784487 0.022546451446781024
33.68249999949177 0.007890393539762619 0.023498621134565578
33.71582999950235 0.007533886039295612 0.022551836611472975
33.749159999512926 0.007888364867705389 0.023493263647544893
33.782489999523506 0.007535890276684776 0.02255716638376315
33.815819999534085 0.00788635707628127 0.023487961303236826
33.849149999544665 0.00753787387244742 0.022562441265283617
33.882479999555244 0.007884369976416283 0.023482713603162342
33.91580999956582 0.007539837013736173 0.022567661752792567
33.9491399995764 0.007882403380277236 0.023477520050341205
33.98246999958698 0.00754177988616156 0.02257282834030594
34.01579999959756 0.007880457101528515 0.02347238015366626
34.04912999960814 0.007543702674380647 0.022577941519219547
34.08245999961872 0.007878530955244156 0.023467293424361824
34.1157899996293 0.007545605561378954 0.022583001776699252
34.14911999963988 0.007876624757433226 0.023462259376882955
34.18244999965046 0.007547488728903873 0.022588009594526337
34.21577999966104 0.007874738325890474 0.02345727752939286
34.24910999967162 0.007549352357314577 0.022592965453238634
34.2824399996822 0.007872871479544297 0.023452347403896123
34.315769999692776 0.0075511966259781405 0.02259786982932166
34.349099999703355 0.007871024038602514 0.02344746852583901
34.382429999713935 0.007553021712585872 0.02260272319620782
34.416769999724835 0.007867767029865691 0.023438866852221185
34.450099999735414 0.007556213449731897 0.022611211144873966
34.483429999745994 0.007866024508037528 0.023434265056099246
34.51675999975657 0.0075579351839669675 0.02261578966743505
34.55008999976715 0.007864299526255447 0.023429709581279656
34.58341999977773 0.007559639575993037 0.022620322072808285
34.61674999978831 0.007862591931382057 0.023425200022997306
34.65007999979889 0.0075613267774922175 0.02262480876439321
34.68340999980947 0.00786090157104724 0.023420735979218232
34.71673999982005 0.007562996939308619 0.022629250143346713
34.75006999983063 0.007859228294015641 0.023416317050151125
34.78339999984121 0.0075646502110884315 0.02263364660761713
34.81672999985179 0.007857571949982711 0.02341194283916881
34.85005999986237 0.0075662867415365875 0.022637998552554883
34.883389999872946 0.00785593238978377 0.023407612952319745
34.916719999883526 0.007567906678325076 0.02264230637096798
34.950049999894105 0.007854309465079368 0.023403326997450957
34.983379999904685 0.00756951016827545 0.022646570453055404
35.016709999915264 0.007852703028523922 0.023399084585962182
35.05003999992584 0.0075710973570036755 0.022650791186995534
35.08336999993642 0.007851112933823012 0.02339488533155132
35.116699999947 0.0075726683893668776 0.022654968956470345
35.15002999995758 0.007849539035920006 0.02339072884998128
35.18335999996816 0.007574223409138825 0.022659104144373554
35.21668999997874 0.00784798119029606 0.023386614760689817
35.25001999998932 0.007575762559127618 0.022663197130390333
35.2833499999999 0.0078464392538109 0.023382542685779217
35.31668000001048 0.007577285981275606 0.022667248292651543
35.35001000002106 0.007844913084241734 0.02337851224890608
