0.001020000000000002 0.15078222865499136 0.3766138752029913
0.04344000000000263 0.06448596547529939 0.1742157248971643
0.08686999999999902 0.1442216473506186 0.3648254989371824
0.13029999999998954 0.05887583100432293 0.15754924443863727
0.17272000000003196 0.13872964864253845 0.3511656121889861
0.2161500000000754 0.0537824127414347 0.14439026917930642
0.2585700000001178 0.1336227426468244 0.3379684046265208
0.30200000000016125 0.04894410356377554 0.13197179522642655
0.3444200000002037 0.12880044049435502 0.32549093119146333
0.3878500000002471 0.044361216088216526 0.12019514363131867
0.43027000000028953 0.124239236780901 0.31370306006311965
0.47370000000033297 0.040018450175684395 0.10902897775881826
0.5161200000002859 0.11992317672200203 0.30255710175872697
0.5595500000000883 0.03590177459338606 0.09844248391864818
0.6019699999998952 0.11583731713235468 0.2920113116741341
0.6453999999996975 0.03199853798238528 0.08840451467241328
0.6878199999995045 0.11196807800549502 0.28202865972088986
0.7312499999993068 0.02829703869361966 0.07888531487857398
0.7736699999991138 0.10830289768261657 0.27257551129337143
0.8170999999989161 0.024786347821858516 0.06985690377676601
0.8595199999987231 0.10483014212540065 0.26362098975323267
0.9029499999985254 0.021456216644722415 0.06129300752124589
0.9453699999983324 0.10153922767184187 0.2551365800736005
0.9887999999981347 0.018297015804116912 0.05316888135343811
1.0312199999982883 0.09842028873118656 0.24709582676318842
1.0746499999985728 0.015299688593945593 0.045461156539894354
1.1170699999988507 0.09546341688069282 0.239474050348909
1.1604999999991352 0.01245571964188541 0.038147862105830654
1.2029199999994131 0.09265980453162304 0.2322482501958767
1.2463499999996976 0.009757098910853967 0.031208372407964813
1.2887699999999755 0.09000119488944014 0.2253969194895733
1.33220000000026 0.007260896722325216 0.02462323419523127
1.374620000000538 0.0874798390407342 0.2188999215399834
1.4180500000008225 0.005055424193359803 0.0183740514420605
1.4604700000011004 0.08508845935463283 0.21273838674222834
1.503900000001385 0.0032608708022361377 0.012443501583836447
1.5463200000016628 0.08282017748801562 0.20689445961128428
1.5897500000019473 0.00214955178060805 0.006815194926002022
1.6321700000022252 0.08066901377986413 0.20135130490466224
1.6756000000025097 0.0022145488722593587 0.001473592138812041
1.7180200000027877 0.07862841194828629 0.19609306114691805
1.7614500000030722 0.004008925571296951 0.0035960307600557684
1.80387000000335 0.07669247524170875 0.19110477019950167
1.8473000000036346 0.005866276359829392 0.008407630823792367
1.8897200000039125 0.07485573975418747 0.18637231638714002
1.933150000004197 0.00762913493722972 0.012974454444081296
1.975570000004475 0.07311304561618848 0.18188237161321785
2.0190000000047594 0.009303938831102254 0.01730903511876214
2.0614200000050373 0.07145951349821467 0.1776223321200976
2.104850000005322 0.0108941877448816 0.021423251577645797
2.1472700000055998 0.06989052745792557 0.17358027687461863
2.1907000000058843 0.012403597287793833 0.025328363924603803
2.233120000006162 0.06840171941928841 0.16974492482643155
2.2765500000064467 0.013837018532962042 0.029035040977931637
2.3189700000067246 0.06698895369787283 0.16610560013875508
2.362400000007009 0.015198486988736713 0.03255339574921301
2.404820000007287 0.06564847272822627 0.16265219363428285
2.4482500000075715 0.016490773830748928 0.03589301699091774
2.4906700000078494 0.06437672957700247 0.159375127949124
2.534100000008134 0.01771740045939707 0.03906299952068926
2.576520000008412 0.0631698608956286 0.15626532882250244
2.6199500000086964 0.018881707792908875 0.042071971535684316
2.6623700000089743 0.062024536140964155 0.1533141977283825
2.705800000009259 0.019987811685106105 0.04492811847248701
2.7482200000095367 0.06093759864825066 0.15051358620756794
2.791650000009821 0.021037883032243854 0.04763920620203255
2.834070000010099 0.05990605622322542 0.1478557726062868
2.8775000000103836 0.022034612883044313 0.05021260305424491
2.9199200000106615 0.05892707219758164 0.14533343729250525
2.963350000010946 0.022980712164039407 0.05265530285391007
3.005770000011224 0.05799795715755019 0.14293964129395986
3.0492000000115085 0.023878753342491676 0.054973944238501105
3.0916200000117864 0.057116161034886814 0.14066780595731743
3.135050000012071 0.024731177559525804 0.057174828261807864
3.177470000012349 0.056279265702271486 0.13851169356164927
3.2209000000126333 0.02554030127600926 0.059263935985442995
3.2633200000129112 0.05548497807810426 0.1364653891766432
3.3067500000131957 0.02630882059187789 0.06124694399005648
3.3491700000134736 0.05473112375817114 0.13452328365793909
3.392600000013758 0.027038452051334816 0.06312923692934902
3.435020000014036 0.05401563999951963 0.13268005719527798
3.4784500000143206 0.02773101690414281 0.06491592573111271
3.5208700000145985 0.05333656981434254 0.13093066356713035
3.564300000014883 0.02838839701088103 0.06661186211524006
3.606720000015161 0.05269215095799551 0.12927031560140412
3.6501500000154454 0.029012378748649592 0.0682216518169243
3.6925700000157233 0.052080726572367286 0.12769447169365122
3.736000000016008 0.029604657855099692 0.0697496670795772
3.7784200000162858 0.05150041125702798 0.12619882304579777
3.8218500000165703 0.030166844029890786 0.0712000585028627
3.864270000016848 0.050949619890488185 0.12477928163169283
3.9077000000171327 0.03070046530909676 0.07257676629444099
3.9501200000174106 0.0504268484046726 0.12343196862721895
3.993550000017695 0.031206972199594896 0.07388353089112787
4.035970000016375 0.04993066961373549 0.1221532035733719
4.079400000014731 0.03168774161901611 0.0751239029922468
4.121820000013125 0.04945972924709974 0.1209394941774411
4.165250000011481 0.0321440806332528 0.07630125318405234
4.207670000009875 0.049012742187267366 0.11978752660124492
4.251100000008231 0.03257723001179702 0.0774187810962279
4.293520000006625 0.04858848889671574 0.11869415623669832
4.336950000004981 0.032988367591974876 0.07847952410681147
4.379370000003375 0.04818581200938188 0.11765639900043201
4.422800000001731 0.033378611437508976 0.07948636572614465
4.465220000000125 0.04780361307969472 0.11667142314900625
4.508649999998481 0.033749275576179016 0.08044204365378338
4.551069999996875 0.0474408497356964 0.11573654135176303
4.5944999999952305 0.03410111553115225 0.08134915659199216
4.636919999993625 0.04709653280511805 0.11484920341527927
4.68034999999198 0.03443507404878854 0.08221017129564911
4.7227699999903745 0.04676972357844389 0.11400698934816988
4.765189999988769 0.03471930331403572 0.08294328407060236
4.808619999987124 0.04645953120932722 0.11320760260674634
4.8510399999855185 0.03502147754421436 0.08372234312006288
4.894469999983874 0.04616511026639625 0.1124488638327259
4.936889999982268 0.0353083114503252 0.08446185483733659
4.980319999980624 0.04588565840784098 0.11172870478048935
5.022739999979018 0.035580583583864955 0.08516382608153572
5.066169999977374 0.04562041417923002 0.11104516259298203
5.108589999975768 0.035839032979362084 0.08583016182615033
5.152019999974124 0.045368654925244 0.11039637441528916
5.194439999972518 0.03608436116080982 0.08646267036237498
5.237869999970874 0.04512969480946105 0.10978057229125149
5.280289999969268 0.036317234045983304 0.087063068222204
5.323719999967624 0.044902882939801825 0.10919607832059475
5.366139999966018 0.036538283747049705 0.08763298483862592
5.409569999964374 0.044687601578363934 0.10864130006537076
5.451989999962768 0.03674811026800984 0.08817396698239666
5.495419999961124 0.0444832644301536 0.10811472634476571
5.537839999959518 0.03694728316265694 0.08868748294932338
5.581269999957874 0.04428931503765354 0.10761492297598485
5.623689999956268 0.03713634310729441 0.08917492654312298
5.667119999954624 0.04410522525501004 0.10714052874625235
5.709539999953018 0.03731580336085516 0.08963762088634031
5.7529699999513735 0.04393049380388847 0.10669025167839852
5.795389999949768 0.037486151151776115 0.09007682199270173
5.838819999948123 0.04376464490290077 0.10626286552702924
5.8812399999465175 0.03764784898987772 0.09049372217744267
5.924669999944873 0.04360722697136021 0.10585720643881968
5.967089999943267 0.03780133592134727 0.09088945327608844
6.010519999941623 0.04345781139600369 0.10547216976785068
6.052939999940017 0.03794702871928335 0.09126508970809244
6.096369999938373 0.04331599136150355 0.10510670705736747
6.138789999936767 0.0380853230127125 0.09162165139173784
6.182219999935123 0.04318138074051592 0.10475982317479371
6.224639999933517 0.03821659435973346 0.09196010652818831
6.268069999931873 0.04305361304081856 0.10443057360075558
6.310489999930267 0.03834119926238855 0.09228137419895477
6.353919999928623 0.04293234040899574 0.10411806185537387
6.396339999927017 0.03845947613417955 0.09258632685557044
6.439769999925373 0.04281723267836368 0.10382143705006674
6.482189999923767 0.0385717462166173 0.09287579268423274
6.525619999922123 0.04270797647118085 0.10353989156621779
6.568039999920517 0.03867831445116854 0.09315055785212856
6.611469999918873 0.04260427434217284 0.10327265885153869
6.653889999917267 0.03877947030536999 0.09341136863640909
6.6973199999156225 0.0425058439690531 0.10301901133169533
6.739739999914017 0.038875488557442606 0.09365893344663867
6.7831699999123725 0.04241241738192714 0.10277825842326394
6.8255899999107665 0.038966630041505246 0.09389392474673519
6.869019999909122 0.042323740235400975 0.10254974465834232
6.9114399999075165 0.03905314235616708 0.09411698088024334
6.954869999905872 0.04223957115091015 0.10233284788941921
6.997289999904266 0.03913526053313576 0.09432870779431113
7.040719999902622 0.04215972834590287 0.10212697759924838
7.083139999901016 0.039213207677533224 0.09452968068733858
7.126569999899372 0.04208394451253106 0.10193157329041469
7.168989999897766 0.039287195571393596 0.09472044556915193
7.212419999896122 0.04201201333304461 0.1017461029592881
7.254839999894516 0.039357425247751765 0.09490152073960978
7.298269999892872 0.041943738977493594 0.10157006164821514
7.340689999891266 0.039424087536938046 0.09507339819352367
7.384119999889622 0.04187893556885214 0.10140297006383525
7.426539999888016 0.03948736358247862 0.09523654495429135
7.469969999886372 0.041817426678766534 0.10124437328001834
7.512389999884766 0.03954742533560285 0.09539140434701165
7.555819999883122 0.041759044846522375 0.10109383949334916
7.598239999881516 0.03960443601813779 0.09553839719057544
7.641669999879872 0.04170363112290132 0.10095095884985472
7.684089999878266 0.03965855056723966 0.09567792294741251
7.7275199998766215 0.04165103463710884 0.10081534232819767
7.769939999875016 0.039709916055073013 0.09581036080262839
7.813369999873371 0.041601112187186096 0.10068662068042356
7.8557899998717655 0.03975867208907169 0.09593607069593446
7.899219999870121 0.04155372784952549 0.10056444342680937
7.941639999868515 0.039804951188616156 0.096055394293737
7.985069999866871 0.041508752608921506 0.10044847790264821
8.027489999865265 0.039848879145984784 0.09616865591876023
8.070919999863621 0.04146606400684083 0.10033840834977603
8.113339999862015 0.03989057536789564 0.09627616343167444
8.156769999860371 0.04142554580957558 0.10023393506095601
8.199189999858765 0.03993015319930915 0.09637820906351902
8.242619999857121 0.04138708769105781 0.10013477356251022
8.285039999855515 0.03996772022993167 0.09647507020958956
8.328469999853871 0.041350584931909906 0.10004065383815153
8.370889999852265 0.04000337858794212 0.096567010182258
8.413309999850659 0.04131954401407201 0.09996058150364417
8.456739999849015 0.04003722521594599 0.09665427892657785
8.499159999847409 0.04128651606834799 0.09987542317603237
8.542589999845765 0.040069352134681324 0.0967371136966988
8.585009999844159 0.041255165391067994 0.09979458948194964
8.628439999842515 0.040099846693213204 0.09681573970385937
8.670859999840909 0.04122540682456155 0.09971786085044565
8.714289999839265 0.0401287918048725 0.09689037072178053
8.756709999837659 0.04119715953263914 0.09964502885407844
8.800139999836015 0.04015626617283374 0.09696120966995458
8.842559999834409 0.04117034678339426 0.09957589564637548
8.885989999832764 0.040182344504569145 0.0970284491655038
8.928409999831159 0.041144895740390375 0.09951027342657293
8.971839999829514 0.040207097713981454 0.0970922720456735
9.014259999827908 0.041120737264490614 0.09944798392674814
9.057689999826264 0.040230593113218416 0.09715285186090439
9.100109999824658 0.041097805725884506 0.09938885792745156
9.143539999823014 0.04025289459735215 0.09721035335265027
9.185959999821408 0.041076038827072 0.0993327348022599
9.229389999819764 0.04027406281628554 0.0972649328945474
9.271809999818158 0.04105537743277299 0.09927946207707317
9.315239999816514 0.04029415534044822 0.09731673892134918
9.357659999814908 0.04103576540971199 0.09922889501956522
9.401089999813264 0.04031322681602656 0.09736591232755165
9.443509999811658 0.04101714947452406 0.09918089624431081
9.486939999810014 0.040331329114149606 0.09741258685407317
9.529359999808408 0.040999479048414944 0.09913533534053887
9.572789999806764 0.04034851147200713 0.09745688944974296
9.615209999805158 0.04098270612086985 0.09909208851880402
9.658639999803514 0.04036482062604363 0.09749894061519271
9.701059999801908 0.040966785117938165 0.09905103827139161
9.744489999800264 0.040380300939031 0.09753885473289259
9.786909999798658 0.04095167277987555 0.09901207305982318
9.830339999797014 0.040394994520237426 0.09757674037438324
9.872759999795408 0.040937328042900845 0.09897508700505986
9.916189999793763 0.040408941340953186 0.09761270059811533
9.958609999792158 0.040923711927843276 0.09893997960548351
10.002039999790513 0.040422179342101905 0.0976468332290259
10.044459999788907 0.040910787435121 0.0989066554619833
10.087889999787263 0.04043474453739082 0.09767923112292687
10.130309999785657 0.04089851944308087 0.09887502401848547
10.173739999784013 0.040446671111198484 0.09770998241795947
10.216159999782407 0.040886874613055846 0.09884499931478441
10.259589999780763 0.040457991511813174 0.09773917077623429
10.302009999779157 0.040875821298981596 0.09881649975580498
10.345439999777513 0.04046873653922056 0.09776687561141584
10.387859999775907 0.0408653294618625 0.09878944788995758
10.431289999774263 0.04047893542913239 0.0977931723026404
10.473709999772657 0.04085537058751498 0.09876377019751859
10.517139999771013 0.04048861593160247 0.09781813239998494
10.559559999769407 0.0408459176099929 0.09873939689288846
10.602989999767763 0.0404978043882297 0.09784182382068796
10.645409999766157 0.040836944836776246 0.09871626173094672
10.688839999764513 0.0405065258011692 0.09786431102914994
10.731259999762907 0.040828427880182705 0.09869430183179206
10.774689999761263 0.040514803903133 0.09788565521617887
10.817109999759657 0.04082034359077935 0.09867345750672607
10.860539999758013 0.040522661221400025 0.0979059144657457
10.902959999756407 0.040812669994700346 0.09865367210022402
10.946389999754762 0.04053011913863258 0.09792514390903895
10.988809999753157 0.04080538623349417 0.098634891831062
11.032239999751512 0.04053719795135924 0.09794339587800849
11.074659999749906 0.04079847250801538 0.09861706564928685
11.118089999748262 0.04054391692491088 0.09796072004543133
11.160509999746656 0.040791910024134515 0.09860014509773807
11.203939999745012 0.04055029434571322 0.0979771635609028
11.246359999743406 0.04078568094269863 0.09858408418009779
11.289789999741762 0.04055634757155724 0.09799277117816807
11.332209999740156 0.04077976832941188 0.09856883923383686
11.375639999738512 0.040562093077916694 0.09800758537734655
11.418059999736906 0.04077415611069868 0.09855436881519575
11.461489999735262 0.040567546503434304 0.09802164648039513
11.503909999733656 0.040768829028845155 0.09854063358446519
11.547339999732012 0.04057272269227252 0.09803499276161975
11.589759999730406 0.040763772600915016 0.0985275962000709
11.633189999728762 0.04057763573438655 0.09804766054922753
11.675609999727156 0.040758973079434324 0.09851522121435696
11.719039999725512 0.04058229900392385 0.0980596843266679
11.761459999723906 0.04075441741510011 0.09850347498263634
11.804889999722262 0.040586725195358 0.09807109682543613
11.847309999720656 0.040750093220861316 0.09849232556664589
11.890739999719012 0.04059092635789774 0.0980819291126922
11.933159999717406 0.040745988739076866 0.09848174265092435
11.9755799997158 0.04059450000039899 0.09809114747617587
12.019009999714156 0.040742092809148533 0.09847169745943463
12.06142999971255 0.04059830121180186 0.09810094832845007
12.104859999710905 0.040738394837501635 0.09846216267762609
12.1472799997093 0.04060190939709363 0.09811025149418784
12.190709999707655 0.04073488476808218 0.09845311237786092
12.23312999970605 0.04060533435531377 0.09811908223902321
12.276559999704405 0.04073155305594567 0.09844452194898157
12.3189799997028 0.04060858538856715 0.09812746454668231
12.362409999701155 0.040728390640492274 0.09843636803056333
12.40482999969955 0.040611671326072685 0.09813542118201068
12.448259999697905 0.040725388921170946 0.09842862844638978
12.4906799996963 0.040614600549962576 0.09814297375579928
12.534109999694655 0.04072253973498696 0.09842128214905266
12.576529999693049 0.040617381016028076 0.09815014278217182
