0.001020000000000002 0.2300450147948241 0.5742893675066529
0.05455000000000603 0.10679582882335481 0.28116177134605014
0.1080799999999908 0.2199485513062437 0.5562826821192468
0.16060000000001984 0.1005348191210843 0.2625430408732976
0.21413000000007337 0.21231200249581691 0.5372088002849829
0.2676600000001269 0.09365589197861501 0.24482909700829225
0.32119000000018044 0.20463594213417105 0.5173276381097991
0.37371000000023297 0.0874975729545695 0.22937548398538343
0.4272400000002865 0.19803278682625555 0.5001504394320011
0.48077000000034004 0.0811545528571318 0.2133638559787543
0.5343000000002032 0.19122261377747451 0.4825532816575717
0.5868199999999641 0.07554146279897 0.19914669455445289
0.6403499999997205 0.18533126743535155 0.46734918478581466
0.6938799999994769 0.0697468537596585 0.18444098257835995
0.7474099999992333 0.17921068603382884 0.45159653655185705
0.7999299999989943 0.06463180253920797 0.17144260247833332
0.8534599999987507 0.17392541177488485 0.4379950096228047
0.906989999998507 0.05932403252198171 0.15794530507172722
0.959509999998268 0.1688081570754888 0.42484018086837994
1.0130399999981692 0.054665133384872326 0.14608872644413795
1.0665699999985199 0.16362270566264103 0.4115277124504213
1.1200999999988706 0.04979372327439102 0.13368751012357016
1.1726199999992146 0.15900683308152208 0.3996766787619954
1.2261499999995653 0.045551888010778696 0.12288389942818334
1.279679999999916 0.15427948783169343 0.38755212639837167
1.33220000000026 0.041420953116126036 0.11235987776487821
1.3857300000006108 0.1501067560438597 0.37684725217836945
1.4392600000009614 0.0372121751615474 0.10163775285578769
1.4927900000013121 0.14578231961252697 0.36576163616197643
1.5453100000016562 0.03345199837556734 0.09205506457705681
1.5988400000020069 0.14200473794813417 0.35607352989810437
1.6523700000023576 0.029574407454816987 0.08217337513511946
1.7048900000027016 0.1383386815366181 0.3466737713897605
1.7584200000030523 0.026151951337571536 0.07344968243210293
1.811950000003403 0.13461351081207007 0.33712936184829845
1.8654800000037537 0.02257541424653564 0.06433348958903018
1.9180000000040978 0.13128871461874503 0.32860675503294523
1.9715300000044484 0.019460614787546904 0.056393109245167494
2.025060000004799 0.12786189234986745 0.3198290121270264
2.077580000005143 0.016430403539203442 0.04866771782889856
2.131110000005494 0.12484525774143307 0.31209811427086454
2.1846400000058446 0.013323904292843691 0.04074849949209369
2.2381700000061953 0.12168875485871346 0.3040148674111731
2.2906900000065393 0.010565476884827563 0.03371533871719956
2.34422000000689 0.11895108847730917 0.2969999986746519
2.3977500000072407 0.007801571258399198 0.026391442124051867
2.4502700000075848 0.11629305244237409 0.290189495684845
2.5038000000079355 0.005541878618054663 0.01998795877020676
2.557330000008286 0.11355632865001951 0.28318206448199046
2.60985000000863 0.003695649587478811 0.01376010575648845
2.663380000008981 0.11114208890465538 0.2769980017806484
2.7169100000093316 0.002458504600276523 0.007380743914708887
2.7704400000096823 0.10861467801356117 0.270528186168284
2.8229600000100263 0.002564877872517801 0.0017092359354653475
2.876490000010377 0.1064215182045586 0.26491180328984676
2.9300200000107277 0.004668568748694368 0.004199912628632951
2.982540000011072 0.1042914059299216 0.25945765769400664
3.0360700000114225 0.006674402065569018 0.009363886391966503
3.089600000011773 0.10209334457170059 0.2538324252442159
3.142120000012117 0.008624556851146492 0.014384787227861295
3.195650000012468 0.1001570618327492 0.24887532301942628
3.2491800000128186 0.010628958334505278 0.019539585734329457
3.3027100000131693 0.09812338778159291 0.24367159302610686
3.3552300000135133 0.012407634535864574 0.024111905647183907
3.408760000013864 0.09636323593241669 0.23916567298417624
3.4622900000142147 0.014266889369130453 0.028891238235007055
3.514810000014559 0.09465375586078761 0.23478849790667944
3.5683400000149095 0.015887492484711885 0.033054521829767314
3.62187000001526 0.09288202948682456 0.23025405278134237
3.6743900000156042 0.017464167423426713 0.037102244312237076
3.727920000015955 0.09132718013423025 0.22627319423161874
3.7814500000163056 0.01909011767480817 0.04127624543498465
3.8339700000166497 0.08981700520295122 0.22240703928930738
3.8875000000170004 0.02052603588338553 0.04496274257697053
3.941030000017351 0.08827194940254657 0.2184531984758653
3.9945600000177017 0.02203438909719624 0.048835044891815116
4.047080000015955 0.08689784403753809 0.21493566864557723
4.100610000013928 0.02334327698552463 0.05219186924668717
4.1541400000119015 0.08546575326811168 0.21127119633305158
4.206660000009913 0.024615948174638858 0.0554555331561124
4.260190000007887 0.08421560627766345 0.20807118806895897
4.31372000000586 0.02593575570318474 0.05883978469845008
4.366240000003872 0.08300114458945618 0.20496273003139942
4.419770000001845 0.027094805154262765 0.06181212454151597
4.473299999999819 0.08175105090942447 0.20176426000243497
4.525819999997831 0.028221256824218496 0.06470097775063133
4.579349999995804 0.08064580333886495 0.19893551919439867
4.6328799999937775 0.029374829662450863 0.06765905020723606
4.686409999991751 0.07948661140545332 0.1959698467560167
4.738929999989763 0.030400943242899436 0.07029057505298919
4.792459999987736 0.07848093806670087 0.19339612121966887
4.84598999998571 0.03147282850966038 0.0730364672572037
4.898509999983721 0.07750412356777947 0.19089558373155402
4.952039999981695 0.032408194635551335 0.07543302094219495
5.005569999979668 0.07649214831231643 0.18830554643634034
5.05808999997768 0.03331731687819606 0.077762437649187
5.1116199999756535 0.07560325678615809 0.18602989439880924
5.165149999973627 0.03425446818932587 0.08016328503868131
5.217669999971639 0.07473982482691233 0.18381955042299225
5.271199999969612 0.035082499589944804 0.08228502671251414
5.324729999967586 0.07385589394442804 0.1815574710073209
5.378259999965559 0.03595235467006397 0.08451357634873258
5.430779999963571 0.07306989521481055 0.17954548236278622
5.484309999961544 0.036706323789621464 0.08644565163387075
5.537839999959518 0.07224988662634024 0.17744718442613827
5.5903599999575295 0.03743919214390623 0.08832375137318715
5.643889999955503 0.07153455273211173 0.17561620630793806
5.6974199999534765 0.038199778532977624 0.09027248583400871
5.749939999951488 0.07083961399714556 0.1738375220916688
5.803469999949462 0.03886716215594377 0.09198292341777714
5.856999999947435 0.07012324035346018 0.1720046389574792
5.909519999945447 0.03951563498817123 0.09364499475840171
5.96304999994342 0.0694907044677675 0.17038577197275862
6.016579999941394 0.040180857516762036 0.09534869018160697
6.070109999939367 0.06882625369330397 0.16868588585674527
6.122629999937379 0.040771925514372254 0.09686245408195848
6.1761599999353525 0.06825070423273738 0.1672129472065409
6.229689999933326 0.04138950228572458 0.09844365389735099
6.282209999931338 0.0676915336480467 0.1657819733914101
6.335739999929311 0.04192757367399169 0.09982182788715876
6.389269999927285 0.0671111376029857 0.16429729697269302
6.441789999925296 0.04245038618789565 0.10116098335473112
6.49531999992327 0.066602327809404 0.16299525207862375
6.548849999921243 0.04299007528291188 0.10254289917566162
6.601369999919255 0.066108177558731 0.16173075194017006
6.6548999999172285 0.043465990624132145 0.10376203876917289
6.708429999915202 0.06560136849919529 0.16043444812886554
6.760949999913214 0.043928221783668175 0.10494616869173301
6.814479999911187 0.06515172105424527 0.1592838689988052
6.868009999909161 0.04439964721545775 0.10615339541806268
6.921539999907134 0.06468178844562678 0.15808196159516896
6.974059999905146 0.044820392771153794 0.10723133146506303
7.027589999903119 0.06427278612627074 0.15703542223282074
7.081119999901093 0.045257676362417176 0.10835118469830762
7.1336399998991045 0.06387556074802314 0.15601903485723545
7.187169999897078 0.04564050772792427 0.10933204394752982
7.240699999895051 0.06346532847114861 0.1549698919582121
7.293219999893063 0.04601231685588869 0.1102846752629616
7.346749999891037 0.06310415074462483 0.15404536535199576
7.40027999988901 0.04639413141148674 0.11126250996874587
7.452799999887022 0.06275356339388183 0.15314778261742434
7.506329999884995 0.046732422849392385 0.11212929453608966
7.559859999882969 0.06239577874694591 0.15223225273034435
7.613389999880942 0.04708642593910639 0.11303592207075885
7.665909999878954 0.062076869455958805 0.15141576712542903
7.719439999876927 0.04739410171704095 0.11382428398872824
7.772969999874901 0.061745215709629986 0.15056710810170681
7.825489999872913 0.04769291627458905 0.11458994018059832
7.879019999870886 0.06145522448279217 0.14982465543199597
7.93254999986886 0.04800190599794307 0.11538129748874804
7.985069999866871 0.06117366941825142 0.14910381171380216
8.038599999864845 0.04827368076625338 0.11607768920438577
8.092129999862818 0.06088430637570763 0.14836339137643817
8.14464999986083 0.048537537727534 0.11675379431778099
8.198179999858803 0.0606282658752384 0.14770787998610313
8.251709999856777 0.0488071623211358 0.11744435161016309
8.30523999985475 0.060360107654986554 0.1470217295130305
8.357759999852762 0.0490471627606971 0.11805934971615972
8.411289999850736 0.06012733997115127 0.14642581296140378
8.464819999848709 0.04929709559302719 0.11869949180248751
8.51733999984672 0.05990131799889286 0.14584718058187063
8.570869999844694 0.04951533182493629 0.119258740129502
8.624399999842668 0.05966736433497421 0.1452485777334478
8.67691999984068 0.04972723439064508 0.11980175913043345
8.730449999838653 0.05946185774859004 0.14472247717888242
8.783979999836626 0.04994532029307097 0.12036035025322356
8.836499999834638 0.059262363069723656 0.14421177970955767
8.890029999832612 0.0501380314079728 0.12085420753378262
8.943559999830585 0.059058279735990316 0.1436896272127952
8.997089999828559 0.050340154913573354 0.1213719274095415
9.04960999982657 0.05887686549746262 0.1432252228858344
9.103139999824544 0.05051536190195283 0.12182094092620943
9.156669999822517 0.05868773009789785 0.14274131847276106
9.209189999820529 0.0506855066578461 0.12225697949561631
9.262719999818502 0.058522802737115194 0.1423191247136968
9.316249999816476 0.050861991398290396 0.12270874517033015
9.368769999814488 0.058362675166021116 0.1419092257688881
9.422299999812461 0.051016817605646796 0.12310524616107044
9.475829999810435 0.05819767721988156 0.14148709042102192
9.528349999808446 0.051167127837304704 0.12349018002022483
9.58187999980642 0.05805207860117268 0.14111438752009153
9.635409999804393 0.05132111896516011 0.12388433755866624
9.688939999802367 0.05789918390569537 0.14072321878579874
9.741459999800378 0.051457816266703316 0.12423441864085616
9.794989999798352 0.057766832025129666 0.14038442852393196
9.848519999796325 0.051600540328818 0.12459974356641146
9.901039999794337 0.05763831100594496 0.14005545001946063
9.95456999979231 0.051724822978243545 0.12491803866759854
10.008099999790284 0.057504918985941116 0.13971418656925083
10.060619999788296 0.05184549844444719 0.12522709313902425
10.11414999978627 0.05738807171707771 0.13941509228787563
10.167679999784243 0.05197002590260902 0.12554584521955459
10.220199999782254 0.05727463724963999 0.1391247382821592
10.273729999780228 0.0520797585231243 0.12582688095187367
10.327259999778201 0.057158273950108425 0.13882704753793718
10.379779999776213 0.05218627675436327 0.12609968180549158
10.433309999774186 0.057055125968116904 0.13856302521070285
10.48683999977216 0.05229491301758271 0.12637776026754866
10.540369999770133 0.05694729005411603 0.13828714932414554
10.592889999768145 0.05239178698514412 0.12662586645392215
10.646419999766119 0.05685352104075392 0.1380471350952539
10.699949999764092 0.05249247912861266 0.12688361360561062
10.752469999762104 0.05676247569124681 0.13781409553237367
10.805999999760077 0.05258055788986992 0.1271091984783923
10.85952999975805 0.05666839882341457 0.13757342398809103
10.912049999756062 0.052666069763069645 0.12732820653861276
10.965579999754036 0.05658561820920216 0.1373615394893335
11.01910999975201 0.05275391704027077 0.1275530753600873
11.071629999750021 0.0565052636367005 0.1371558671212747
11.125159999747995 0.05283167744910066 0.12775223416812143
11.178689999745968 0.05642319991327205 0.13694593163708912
11.232219999743942 0.05291308991404553 0.12796063346728337
11.284739999741953 0.056350127541970885 0.1367588987105428
11.338269999739927 0.05298378210936627 0.1281416921430134
11.3917999997379 0.056274071752004724 0.13656433122313238
11.444319999735912 0.05305242497546747 0.12831749958653882
11.497849999733885 0.056207639425416955 0.13639429386037571
11.551379999731859 0.05312345600834222 0.12849932488172566
11.60389999972987 0.056143143279533625 0.13622921394527143
11.657429999727844 0.053185869390649176 0.12865917965299012
11.710959999725818 0.05607679432997992 0.1360594807831128
11.76347999972383 0.05324645691521579 0.128814355718343
11.817009999721803 0.05601814913988467 0.13590937630819644
11.870539999719776 0.053308422430812574 0.1289729750262092
11.92406999971775 0.05595666488261297 0.13575208631894098
11.976589999715761 0.05336352027380575 0.12911409269579233
12.030119999713735 0.05590335423232329 0.1356156354087812
12.083649999711708 0.05342095000430758 0.12926110217916786
12.13616999970972 0.05585158863304018 0.1354831402867962
12.189699999707694 0.05347104195382978 0.12938940012301448
12.243229999705667 0.055797947440814344 0.13534591571552346
12.295749999703679 0.053519676317240854 0.12951396281311034
12.349279999701652 0.055750882698767046 0.13522545201820613
12.402809999699626 0.05356977948644359 0.12964221714610868
12.455329999697637 0.055705194251536416 0.13510851191834705
12.508859999695611 0.05361400232530045 0.12975548212542654
12.562389999693584 0.055658401182126616 0.13498880696424242
12.615919999691558 0.053660432028083675 0.1298743335493291
12.66843999968957 0.05561685483968992 0.13488246800256176
12.721969999687543 0.053700632519078306 0.12997729731045737
12.775499999685517 0.055573489455558844 0.13477153011920429
12.828019999683528 0.053739669598403594 0.1300772795282623
12.881549999681502 0.05553571986390826 0.1346748571722456
12.935079999679475 0.053780178521759536 0.1301809741532156
12.987599999677487 0.05549904865179667 0.13458099619751973
13.04112999967546 0.053815670681099374 0.13027187781020633
13.094659999673434 0.05546121680850913 0.1344842146332237
13.147179999671446 0.053850126312335655 0.1303601251181452
13.200709999669419 0.0554278736661541 0.13439887126751593
13.254239999667393 0.053885465015793166 0.13045058431309098
13.306759999665404 0.05539550886063083 0.1343160325220305
13.360289999663378 0.05391679679770067 0.13053083142643418
13.413819999661351 0.05536250847911961 0.13423161104104686
13.467349999659325 0.05394954642553196 0.13061466332738858
13.519869999657336 0.0553330761025227 0.13415627729126411
13.57339999965531 0.05397802982919642 0.13068761565787623
13.626929999653283 0.05530249095338657 0.13407803320206746
13.679449999651295 0.054005685890864304 0.1307584476816115
13.732979999649269 0.055275732497194204 0.1340095428739807
13.786509999647242 0.054034257414580456 0.13083158386404392
13.839029999645254 0.05524975488236639 0.1339430515632234
13.892559999643227 0.05405940335290627 0.13089598741164998
13.9460899996412 0.055223073833432945 0.13387479517080747
13.998609999639212 0.054083812298962974 0.13095850223486805
14.052139999637186 0.055199452377452385 0.13381433401375986
14.10566999963516 0.054108735647781625 0.1310222993246679
14.159199999633133 0.055174727076978236 0.13375107984393564
14.211719999631145 0.05413093277382174 0.13107914966594691
14.265249999629118 0.05515325387613134 0.13369611678344384
14.318779999627091 0.054154031568212524 0.13113827644264386
14.371299999625103 0.055132403817713234 0.13364274903133744
14.424829999623077 0.054174211851424896 0.13118996160481622
14.47835999962105 0.055110833089312194 0.13358756513611736
14.530879999619062 0.054193803880133506 0.13124013920804423
14.584409999617035 0.055091876088634084 0.133539042347941
14.637939999615009 0.054213954631209815 0.13129171920859273
14.69045999961302 0.05507347415638986 0.1334919405926449
14.743989999610994 0.05423176942958341 0.13133734532349006
