0.001020000000000002 0.337015773819097 0.8410562217507245
0.06566000000000724 0.16592191960188896 0.43331887753030873
0.13130999999999055 0.3220272032360849 0.8145554377355091
0.19494000000005418 0.15740537987462067 0.40693216416627376
0.2595800000001188 0.31195107227885854 0.7883252864983037
0.3242200000001835 0.1484961749387571 0.3850736953516898
0.3888600000002481 0.30197675604901175 0.7616342750022653
0.45350000000031276 0.13994775708342533 0.3643479077520606
0.5181400000002767 0.29255600972628704 0.73677143374975
0.5827799999999825 0.13183053611533546 0.34427592407280105
0.6474199999996884 0.2836091582811203 0.7134430286860671
0.7120599999993942 0.12408444475643345 0.32496064529573543
0.7766999999991 0.2751193645167507 0.6913886265033753
0.8413399999988058 0.11666875945085563 0.3064263800560352
0.9059799999985116 0.26707873404534355 0.6705318580071062
0.9706199999982175 0.10955862391498249 0.28862913877515384
1.0352599999983148 0.2594683555650048 0.6508210464719832
1.0998999999987382 0.10273333359176084 0.2715128854047122
1.1645399999991617 0.2522419816004807 0.632138746432076
1.2291799999995852 0.09617321055473615 0.25503284449553965
1.292810000000002 0.24577244516506835 0.6154200575752222
1.3574500000004255 0.09030158941262567 0.2402713687897906
1.422090000000849 0.23925180258470524 0.5986106072683794
1.4867300000012724 0.0842772839795598 0.2251026649120469
1.551370000001696 0.2330049750967903 0.5825264621225124
1.6160100000021194 0.0784709935575062 0.21046880521234934
1.6806500000025428 0.22700743231660292 0.5671000155529682
1.7452900000029663 0.0728704729895926 0.19634194408486572
1.8099300000033898 0.22124093779680656 0.5522814706178547
1.8745700000038132 0.0674652297078776 0.18269748787789197
1.93820000000423 0.21605001462556328 0.5389300162704558
2.0028400000046536 0.06263463113998857 0.17050927405923844
2.067480000005077 0.21077071166008735 0.5253816952693668
2.1321200000055005 0.057657061426118934 0.1579300410939899
2.196760000005924 0.2056833938935535 0.5123320153008981
2.2614000000063474 0.052847407209695156 0.14576930820008327
2.326040000006771 0.20077765250472623 0.4997541048478715
2.3906800000071944 0.04819875098146953 0.1340113284989619
2.4543100000076112 0.19635501474249095 0.48839762824063326
2.5189500000080347 0.04404466325433254 0.12351003244035486
2.583590000008458 0.19185258649843406 0.4768623987648768
2.6482300000088816 0.039762022841690725 0.11267040123403849
2.712870000009305 0.18750581149106438 0.46573051899696516
2.7775100000097286 0.03561910589431416 0.10218025342308978
2.842150000010152 0.18330872421633537 0.4549863610933902
2.905780000010569 0.03187180462448347 0.09269018683587538
2.9704200000109924 0.17954952833619553 0.44535268389600535
3.035060000011416 0.02805530941052725 0.08301796427957475
3.0997000000118393 0.1756960225997768 0.43549667780969914
3.164340000012263 0.024360672623273127 0.07365094598097421
3.2289800000126863 0.17197259636016182 0.42597642674128133
3.2936200000131097 0.02078368903389538 0.064579395325437
3.3572500000135266 0.16860931282035185 0.41737016913334646
3.42189000001395 0.01758446008957315 0.05646360776850878
3.4865300000143735 0.16518818494938192 0.40862526532123855
3.551170000014797 0.014285877394019098 0.04809560179698247
3.6158100000152205 0.1618772467375693 0.4001635013888172
3.680450000015644 0.011184997828948107 0.039984858685737645
3.7450900000160674 0.1586719291871762 0.3919729182174425
3.8087200000164843 0.008630029586633614 0.032681544745871705
3.8733600000169077 0.15581547759016923 0.38466961270285926
3.938000000017331 0.00635011535068275 0.025192042131150227
4.002640000017637 0.15286064620245832 0.37712129895787205
4.06728000001519 0.004643083938032255 0.01792637605110281
4.131920000012743 0.149997474810867 0.3698079416470712
4.195550000010334 0.003811865508257406 0.011352992047275468
4.260190000007887 0.14743466900442614 0.3632586311884123
4.32483000000544 0.004035462256570588 0.004640625180851732
4.3894700000029925 0.14479310054481787 0.35651226110829937
4.454110000000545 0.005912684065786489 0.0018732425712930656
4.518749999998098 0.14223193333236472 0.34997151408431293
4.583389999995651 0.008379953426761011 0.008193702440018047
4.647019999993242 0.1399323830318615 0.34409666195236444
4.711659999990795 0.010569934624326427 0.013804573032372147
4.776299999988348 0.13756833543586633 0.3380601155167029
4.840939999985901 0.012852272795221276 0.01964831299342551
4.905579999983454 0.1352757963821264 0.33220545410781455
4.970219999981007 0.015069611674550343 0.025320925566485464
5.033849999978598 0.13321365957498665 0.32693730160451295
5.098489999976151 0.017041510959141637 0.030366779239654473
5.1631299999737035 0.13109721481201475 0.3215327863485551
5.227769999971256 0.019091802611218456 0.035613064894934876
5.292409999968809 0.12904362714279372 0.3162895011289524
5.357049999966362 0.021083491095971407 0.040706985403715645
5.420679999963953 0.127194045157612 0.3115663988841222
5.485319999961506 0.022857906795316296 0.045242788968202774
5.549959999959059 0.12529729946596635 0.3067246172490101
5.614599999956612 0.024701110285190734 0.04995407821467568
5.679239999954165 0.12345632586410371 0.3020256454648873
5.743879999951718 0.02649075597229733 0.05452887435531961
5.807509999949309 0.12179746211608321 0.2977905067608533
5.872149999946862 0.02808441064337952 0.05860326228086521
5.9367899999444145 0.1200966091428174 0.2934494677535704
6.001429999941967 0.02973922967971576 0.06283357616800878
6.06606999993952 0.11844540489066135 0.28923520395458535
6.130709999937073 0.03134747870591059 0.06694115217430463
6.194339999934664 0.11695768723333734 0.28543688005417955
6.258979999932217 0.03277960043778372 0.07059789760106572
6.32361999992977 0.11543185058734995 0.28154230757319043
6.388259999927323 0.03426691356665823 0.07439517950926788
6.452899999924876 0.11395029833419101 0.2777606029814028
6.517539999922429 0.03571110589267823 0.07808221523657455
6.58116999992002 0.11261609384301509 0.27435382083406123
6.645809999917573 0.036995967556498255 0.08136230582040938
6.7104499999151255 0.11124671697942988 0.27085808776666775
6.775089999912678 0.03833138335711517 0.08477125684249742
6.839729999910231 0.10991738339038137 0.2674631680755324
6.904369999907784 0.03962841185227628 0.08808222858908143
6.967999999905375 0.10872131496980296 0.2644076887470259
7.032639999902928 0.0407815062770881 0.09102601955126577
7.097279999900481 0.10749245258416373 0.26126924920590877
7.161919999898034 0.04198143772780316 0.09408928820773266
7.226559999895587 0.10629890371577135 0.2582212017429475
7.29119999989314 0.043148185644181436 0.09706505514937014
7.354829999890731 0.10522617706856896 0.2554812892636482
7.419469999888284 0.044184152724931036 0.09970765430260542
7.4841099998858365 0.10412266210324173 0.25266342147447496
7.548749999883389 0.04526348492253218 0.10246072256558936
7.613389999880942 0.10305081972028296 0.24992659771316816
7.677019999878533 0.04624327751759527 0.10496040749321534
7.741659999876086 0.10208890089961488 0.24747007439258617
7.806299999873639 0.047241410342236945 0.10750657024416466
7.870939999871192 0.10109788195191638 0.2449398214878662
7.935579999868745 0.048211275628370354 0.1099807618055837
8.000219999866298 0.10013527198233108 0.2424822304273877
8.063849999863889 0.04909024792925554 0.11222358525722065
8.128489999861442 0.09927285938658326 0.24028006860420392
8.193129999858995 0.04998715234842488 0.11451180037217457
8.257769999856547 0.0983827937266415 0.2380078200743707
8.3224099998541 0.05085866544247708 0.11673534452385503
8.387049999851653 0.09751821131994987 0.2358007207546975
8.450679999849244 0.05164703573377039 0.11874724358953426
8.515319999846797 0.09674511224735105 0.23382676136177727
8.57995999984435 0.05245300239212513 0.12080366329808578
8.644599999841903 0.09594563515809995 0.2317859411397727
8.709239999839456 0.05323616336288728 0.1228019794779045
8.773879999837009 0.09516901688299417 0.22980353144750332
8.8375099998346 0.05394315723987686 0.12460637791651408
8.902149999832153 0.09447604632579232 0.2280342254530332
8.966789999829706 0.054667446540769604 0.12645454675558332
9.031429999827258 0.09375784763508654 0.2262009739462334
9.096069999824811 0.05537125818746158 0.12825052854881225
9.160709999822364 0.0930601489754097 0.2244200842707822
9.224339999819955 0.05600549569962543 0.12986858137701285
9.288979999817508 0.0924390241906986 0.22283424067700563
9.353619999815061 0.05665702407082262 0.1315297216773259
9.418259999812614 0.09179372143031606 0.22118710820586696
9.482899999810167 0.05729016337239823 0.13314401671368215
9.54753999980772 0.0911667842022097 0.2195868779543919
9.61116999980531 0.057859102530324 0.1345948845340228
9.675809999802864 0.09060999243931545 0.21816532423815094
9.740449999800417 0.05844480367479166 0.13608820979919
9.80508999979797 0.09002997625614662 0.21668486925441321
9.869729999795522 0.05901403959227725 0.13753956554806157
9.933359999793113 0.0895038140284945 0.21534114756189826
9.997999999790666 0.059524301258080385 0.13884075526794382
10.06263999978822 0.0889675768001108 0.21397160211232835
10.127279999785772 0.06005103384312904 0.1401837046911547
10.191919999783325 0.08844631428861816 0.21264030946211987
10.256559999780878 0.06056300947851612 0.14148903794192202
10.320189999778469 0.08797450499828152 0.21143503498718408
10.384829999776022 0.06102076001508815 0.14265627888095933
10.449469999773575 0.08749216960138462 0.21020314668729334
10.514109999771128 0.06149461659136635 0.14386438999972606
10.57874999976868 0.0870232669014932 0.20900557018805888
10.643389999766233 0.06195522546229037 0.1450387317297852
10.707019999763824 0.08659997439828726 0.2079242187242314
10.771659999761377 0.06236594423542973 0.14608600897542123
10.83629999975893 0.08616600107059635 0.20681583401256365
10.900939999756483 0.06279232971193227 0.14717306752090042
10.965579999754036 0.08574409671140992 0.20573827636962694
11.030219999751589 0.06320680363313114 0.14822976454113013
11.09384999974918 0.08536427600144336 0.20476796078824355
11.158489999746733 0.06357536042074219 0.14916951274902557
11.223129999744286 0.08497375432876242 0.20377054469120637
11.287769999741839 0.0639590807022985 0.15014778834699927
11.352409999739391 0.08459409787217687 0.2028008883075083
11.417049999736944 0.06433208005583213 0.15109874578842497
11.480679999734535 0.08425327486018519 0.20193019977655657
11.545319999732088 0.06466281972474164 0.15194206865384308
11.609959999729641 0.08390183239796756 0.2010326054408873
11.674599999727194 0.06500817304451179 0.15282254093175185
11.739239999724747 0.08356017341506805 0.20016001037155284
11.802869999722338 0.06532100714376743 0.15362022859657376
11.867509999719891 0.08325433709843388 0.1993787111024492
11.932149999717444 0.06564068541548296 0.15443524368750072
11.996789999714997 0.08293804559357476 0.19857091016985962
12.06142999971255 0.06595152550696215 0.15522774182445964
12.126069999710102 0.08263056585103445 0.1977856253495447
12.189699999707694 0.06623229016286802 0.15594366794940973
12.254339999705246 0.08235611908194429 0.19708452446233204
12.3189799997028 0.06652003868140444 0.15667729472378378
12.383619999700352 0.0820714511739783 0.1963575044671262
12.448259999697905 0.06679982265885476 0.1573906289634608
12.512899999695458 0.08179472223319662 0.19565076890444288
12.576529999693049 0.06705180546262401 0.15803317302468534
12.641169999690602 0.08154844092868752 0.1950216260701798
12.705809999688155 0.0673108161848982 0.15869354323905238
12.770449999685708 0.08129222947380454 0.19436729246631312
12.83508999968326 0.06756264648327459 0.15933561656047424
12.899729999680813 0.0810431730766017 0.19373123858670294
12.963359999678405 0.0677887913427988 0.15991227979796907
13.027999999675957 0.08082216889011229 0.19316667084686712
13.09263999967351 0.06802192853844102 0.1605066888167972
13.157279999671063 0.0805915705828828 0.19257775543133349
13.221919999668616 0.0682485905175062 0.161084595865002
13.285549999666207 0.08038255654539106 0.19204382944095766
13.35018999966376 0.068451536866311 0.16160210299445144
13.414829999661313 0.08016910640916186 0.1914987048811878
13.479469999658866 0.06866137743600154 0.16213711481022353
13.544109999656419 0.07996156455802605 0.19096867215814273
13.608749999653972 0.06886537902118373 0.1626572445153629
13.672379999651563 0.07977399903638072 0.19048953136122648
13.737019999649116 0.06904749838070623 0.1631216388254253
13.801659999646668 0.07958188532276522 0.18999889436652762
13.866299999644221 0.06923636361506025 0.16360316776404815
13.930939999641774 0.07939509826302149 0.1895218622418371
13.995579999639327 0.06941996381512305 0.16407127627398044
14.059209999636918 0.07922678444790665 0.18909189223343947
14.123849999634471 0.06958338670302733 0.16448798796359076
14.188489999632024 0.07905387768732408 0.18865030137087402
14.253129999629577 0.06975336739712035 0.16492136206293084
14.31776999962713 0.07888577312075995 0.18822097486608236
14.382409999624683 0.0699186007836935 0.165342634502752
14.446039999622274 0.07873473841772816 0.1878351350402374
14.510679999619827 0.07006524086192822 0.16571654176407158
14.57531999961738 0.07857912131287237 0.1874376918185927
14.639959999614932 0.0702182200611845 0.1661065603677958
14.704599999612485 0.07842783349730498 0.1870513044456068
14.768229999610076 0.07035690044203768 0.16646016998638213
14.83286999960763 0.07829230682265798 0.18670506971161238
14.897509999605182 0.07049849486722382 0.16682115154547095
14.962149999602735 0.07815225316056584 0.1863473644522884
15.026789999600288 0.07063616842360676 0.16717213746738624
15.09142999959784 0.0780161023749939 0.18599962553249583
15.155059999595432 0.07076060766001036 0.16748942213800078
15.219699999592985 0.07789449371182611 0.1856889339117651
15.284339999590538 0.0708880379990593 0.16781428168468615
15.34897999958809 0.07776844935833338 0.1853669970333649
15.413619999585643 0.07101193311185905 0.16813012831657925
15.478259999583196 0.07764592339349263 0.18505404426141236
15.541889999580787 0.07112358985304146 0.168414807589512
15.60652999957834 0.07753680537986052 0.18477524971431958
15.671169999575893 0.071238269161632 0.16870714774375184
15.735809999573446 0.07742337115377207 0.1844855078371732
15.800449999570999 0.07134976109452762 0.16899136152587202
15.865089999568552 0.07731310863349838 0.1842038645357036
15.928719999566143 0.07144994509213998 0.1692467755974647
15.993359999563696 0.07721519999577753 0.18395369451471577
16.05799999956125 0.07155319970263929 0.16950984095156496
16.122639999558803 0.07711311623976513 0.1836929309233959
16.187279999556356 0.07165360055702497 0.16976557966837946
16.250909999553947 0.07702052837784001 0.18345635247474235
16.3155499995515 0.07174355366689866 0.16999472782636138
16.380189999549053 0.07692604224923283 0.18321498483998555
16.444829999546606 0.07183649000945047 0.1702314403789318
16.50946999954416 0.07683417493262135 0.1829803038915001
16.57410999954171 0.07192683380265674 0.1704615476791238
16.637739999539303 0.07675109512896638 0.18276800458203457
16.702379999536856 0.07200753915634028 0.17066712290129127
16.76701999953441 0.07666606252978414 0.18255077182586232
16.83165999953196 0.0720911678184799 0.17088011401011904
16.896299999529514 0.0765833907347323 0.1823395669162231
16.960939999527067 0.07217245933979766 0.171087150547089
17.024569999524658 0.07650884369732258 0.18214905629431177
17.08920999952221 0.07224486546533326 0.17127157063101528
17.153849999519764 0.07643232019810031 0.18195354721141088
17.218489999517317 0.07232011619864132 0.17146320980747642
17.28312999951487 0.07635792485226245 0.18176347194116538
17.347769999512423 0.07239326013396785 0.1716494812881053
17.411399999510014 0.07629103517437774 0.18159251475794447
17.476039999507567 0.07245821852948775 0.17181491683697647
17.54067999950512 0.07622217053081237 0.1814165587478156
17.605319999502672 0.07252592847642447 0.17198733770854568
17.669959999500225 0.07615522426013865 0.1812455009532532
17.733589999497816 0.07258735213773726 0.17214376476053506
17.79822999949537 0.07609520621152632 0.18109209104230084
17.862869999492922 0.07265001437598784 0.1723033197618462
17.927509999490475 0.07603323498799286 0.18093373412281233
17.992149999488028 0.07271093726374067 0.17245844345460393
18.05678999948558 0.07597299298151428 0.18077979251197585
18.120419999483172 0.07276604386709828 0.17259876830144627
18.185059999480725 0.07591914133945066 0.18064212934181256
18.249699999478278 0.07282242616125556 0.17274231886230673
18.31433999947583 0.07586337445919644 0.18049961253946423
18.378979999473383 0.07287724059073841 0.1728818750936445
18.443619999470936 0.07580916624303136 0.18036107565403414
18.507249999468527 0.0729266783885989 0.17300775044761796
18.57188999946608 0.0757608480573656 0.18023754327294306
18.636529999463633 0.07297740851810575 0.17313689677134203
18.701169999461186 0.07571066520018788 0.18010928318706876
18.76580999945874 0.07302672542618971 0.17326244284392445
18.83044999945629 0.0756618872305368 0.17998461047088465
18.894079999453883 0.07307107630148302 0.17337535225568912
18.958719999451436 0.07561853443018973 0.17987375860432087
19.02335999944899 0.07311671946238407 0.17349153506308612
19.08799999944654 0.07557337718308876 0.17975832989769458
19.152639999444094 0.073161088850903 0.17360447299181736
19.216269999441685 0.07553238297625653 0.17965350371798028
19.28090999943924 0.07320087509299378 0.17370574810600115
19.34554999943679 0.07549058893031713 0.17954666173299882
19.410189999434344 0.07324194011729102 0.17381026447474968
19.474829999431897 0.07544995462056314 0.17944278137431713
19.53946999942945 0.07328185711001567 0.1739118564117459
19.60309999942704 0.07541317147895732 0.17934870984213092
19.667739999424594 0.0733175475042056 0.17400269247942468
19.732379999422147 0.07537556230565812 0.17925255335520252
19.7970199994197 0.07335449246312076 0.17409671011174854
19.861659999417252 0.07533899844711034 0.17915906642866908
19.926299999414805 0.07339040276554909 0.17418809225077103
19.989929999412396 0.07530599412217032 0.17907464608091228
20.05456999940995 0.07342241805540273 0.17426956204422694
20.119209999407502 0.07527215126349551 0.17898810678071975
20.183849999405055 0.07345565530965747 0.17435413213069406
20.248489999402608 0.07523925055745495 0.178903973715705
20.31312999940016 0.07348796012677905 0.17443632723253
20.376759999397752 0.07520963711177253 0.1788282142127562
20.441399999395305 0.07351667792776495 0.17450939356590256
20.506039999392858 0.07517918379804933 0.17875033044941757
20.57067999939041 0.0735465786730517 0.17458546236227557
20.635319999387963 0.07514957962961843 0.17867461551913655
20.698949999385555 0.07357373049428229 0.1746545390762022
20.763589999383107 0.07512300890278456 0.17860662806548078
20.82822999938066 0.07360139834736457 0.17472491801067136
20.892869999378213 0.0750956059896184 0.17853653422686966
20.957509999375766 0.07362829671188564 0.17479333728387392
21.02214999937332 0.07506896837142485 0.17846839519306545
21.08577999937091 0.07365265245557684 0.1748552889606958
21.150419999368463 0.07504512790717621 0.17840738213331653
21.215059999366016 0.07367754263506543 0.1749185912520601
21.27969999936357 0.0750204701259527 0.178344299065325
21.34433999936112 0.07370173937115532 0.174980127682145
21.408979999358674 0.0749965020482668 0.17828297785387193
21.472609999356266 0.0737235863535054 0.17503568689739568
21.53724999935382 0.07497511143893931 0.17822822334156996
21.60188999935137 0.07374597704797947 0.17509262169678186
21.666529999348924 0.07495292401947751 0.17817144972904764
21.731169999346477 0.07376774285599907 0.1751479653502308
21.79580999934403 0.07493135815997765 0.17811626403317904
21.85943999934162 0.07378733892770217 0.17519778954530052
21.924079999339174 0.07491216576358428 0.17806712564888416
21.988719999336727 0.07380748053314579 0.17524899515060088
22.05335999933428 0.07489220139455988 0.17801603025281443
22.117999999331833 0.07382705905482467 0.17529876710659087
22.182639999329385 0.07487279715908546 0.17796636597644522
22.246269999326977 0.07384463561743082 0.17534344627555543
22.31090999932453 0.07485557715347924 0.17792226720327875
22.375549999322082 0.07386275350654237 0.17538949718394203
22.440189999319635 0.07483761324347549 0.17787628187097004
22.504829999317188 0.07388036402274778 0.17543425641569632
22.56845999931478 0.07482132992261359 0.1778345778141177
22.633099999312332 0.07389612873541807 0.17547432000579732
22.697739999309885 0.07480470383497395 0.17779200979126664
22.762379999307438 0.07391242575040413 0.17551573327465597
22.82701999930499 0.0747885400479339 0.1777506231643522
22.891659999302544 0.07392826561019028 0.1755559828351405
