0.001020000000000002 0.09397200418458129 0.23492419271597953
0.034349999999999846 0.03184791604217296 0.08605461399454617
0.06667000000000685 0.08951495632505546 0.22625018091232407
0.09999999999999393 0.02835531371961053 0.07614490769830562
0.13231999999999156 0.08570813725969251 0.2168145067593108
0.1656500000000249 0.024948346404255584 0.06730670228815017
0.1979700000000572 0.08220241102734371 0.2077820980019185
0.23130000000009054 0.021725785607587533 0.05906472379340055
0.26362000000012287 0.07892670428811333 0.19931246207168796
0.2969500000001562 0.01869348983516106 0.05131679973422454
0.33028000000018953 0.07543634279328326 0.19030937391629754
0.36260000000022186 0.015841815870211495 0.044026791501283746
0.3959300000002552 0.07262623503111243 0.1830531692097237
0.4282500000002875 0.01315996804978603 0.037167558162698455
0.46158000000032084 0.06998791958042294 0.17624531648922082
0.49390000000035317 0.010637714566542389 0.030713943815174893
0.5272300000002353 0.06751074468058949 0.1698556487520264
0.5595500000000883 0.008265476598291133 0.02464220885267654
0.5928799999999366 0.06518399454688828 0.1638566204512082
0.6251999999997895 0.00603428209029977 0.018929959021007914
0.6585299999996378 0.06299804940728648 0.15822293767993045
0.6918599999994861 0.0036428409994693207 0.01281242693510487
0.724179999999339 0.060944092497869695 0.15293127557247654
0.7575099999991873 0.001923589194515185 0.007868112761311163
0.7898299999990402 0.05901392843909015 0.14796005195193418
0.8231599999988886 0.001174215153612157 0.0032121014311048413
0.8554799999987415 0.05720005526491179 0.14328924107905872
0.8888099999985898 0.002042688114493707 0.0011721206605197487
0.9211299999984427 0.055495660515828105 0.13890021751289394
0.954459999998291 0.0036320249778969416 0.00530014582093008
0.9867799999981439 0.05389362523747088 0.13477562431570833
1.0201099999982155 0.005131212861323342 0.009186694558860342
1.0534399999984339 0.052176461779473216 0.1303607927215955
1.0857599999986456 0.006544530091114109 0.012845660125093694
1.119089999998864 0.050791017678556205 0.1267946619212479
1.1514099999990757 0.007875814352063526 0.01629015217970986
1.184739999999294 0.0494874857497698 0.12343987868527195
1.2170599999995058 0.009130507224694773 0.019532540146205424
1.2503899999997241 0.048261021618009936 0.12028386724491913
1.2827099999999358 0.010311609395386001 0.022584492767196984
1.3160400000001542 0.04710722362032038 0.11731482702811435
1.348360000000366 0.011424603626156049 0.02545701624027119
1.3816900000005843 0.04602197572946409 0.1145216790282233
1.414010000000796 0.012472032846034597 0.0281604906405164
1.4473400000010144 0.04500092101882913 0.11189401719640113
1.4806700000012327 0.013591683029534507 0.031046402208745327
1.5129900000014445 0.04404028154278139 0.10942206409657596
1.5463200000016628 0.014501060236632224 0.033391069541077734
1.5786400000018745 0.043136503855820685 0.10709662939332176
1.611970000002093 0.015357435967412014 0.03559919075794005
1.6442900000023046 0.0422862449299759 0.10490907214951717
1.677620000002523 0.016163842870543843 0.037678564284304716
1.7099400000027347 0.04148635927914457 0.10285126607553208
1.743270000002953 0.016923318046600855 0.03963655389186416
1.7755900000031648 0.04073388689175139 0.10091556722461315
1.8089200000033832 0.017638980792586856 0.04148011192437462
1.8422500000036015 0.03992597388953745 0.09883967635303526
1.8745700000038132 0.01831274527556359 0.04321580163821892
1.9079000000040316 0.0392740624419442 0.09716271666234677
1.9402200000042433 0.018947021034347866 0.044849818283643206
1.9735500000044617 0.038660530218919464 0.09558415049359947
2.0058700000046734 0.019544081840294214 0.0463880091102542
2.0392000000048918 0.03808314060487927 0.09409826670317978
2.0715200000051035 0.020106073158157045 0.04783589234133023
2.104850000005322 0.03753964837099011 0.09269968410328122
2.1371700000055336 0.020635019213284034 0.04919867516965937
2.170500000005752 0.03702808792097434 0.09138333217327821
2.2028200000059637 0.021132980066675633 0.050481270812618995
2.236150000006182 0.03654660665848419 0.09014443296209151
2.2694800000064004 0.02166645131265177 0.05185311608558729
2.301800000006612 0.036093458480903284 0.08897848409650244
2.3351300000068305 0.022098580366274212 0.05296559581658977
2.367450000007042 0.03566699765673298 0.08788124281765564
2.4007800000072606 0.022505517337122583 0.05401324090880122
2.4331000000074723 0.035265673063497927 0.08684871098340041
2.4664300000076906 0.022888704019634054 0.05499975921905431
2.4987500000079024 0.03488802276838465 0.0858771209174658
2.5320800000081207 0.023249501489645885 0.05592865137346026
2.5644000000083325 0.034532668916775644 0.08496292211671586
2.597730000008551 0.023589194496094867 0.05680322199702603
2.631060000008769 0.034149820220295446 0.08397906934344279
2.663380000008981 0.023908995621789275 0.057626590360648766
2.6967100000091992 0.03384186518006471 0.08318679021743769
2.729030000009411 0.024210049227981756 0.058401700477295204
2.7623600000096293 0.03355190950163367 0.08244083868006458
2.794680000009841 0.024493435191271788 0.059131330672135274
2.8280100000100594 0.033278916889342924 0.08173854522839363
2.860330000010271 0.024760172443318407 0.05981810265421883
2.8936600000104895 0.03302190983803921 0.08107739206665299
2.9259800000107012 0.02501122232466868 0.06046449010986832
2.9593100000109196 0.03277996633891844 0.08045500457685151
2.9916300000111313 0.02524749175880181 0.06107282684395532
3.0249600000113497 0.03255221676906783 0.07986914326333361
3.058290000011568 0.02550128036589716 0.06172560560582241
3.0906100000117798 0.03233784095566794 0.07931769615817652
3.123940000011998 0.02570614644527991 0.06225313353301898
3.15626000001221 0.03213606540221958 0.07879867163649301
3.189590000012428 0.02589906561571753 0.06274990124957025
3.22191000001264 0.03194616066849887 0.07831019164650233
3.2552400000128583 0.026080823686573607 0.06321767023805824
3.28756000001307 0.031767511111989055 0.07785048532041872
3.3208900000132884 0.026251995917249693 0.06365810324063803
3.3532100000135 0.031599431926834676 0.07741788293613716
3.3865400000137185 0.026413153461105395 0.06407276964530695
3.41886000001393 0.03144126914664025 0.0770108102186362
3.4521900000141486 0.026564872120059646 0.064463150586902
3.485520000014367 0.03127201653344802 0.07657566089940282
3.5178400000145786 0.02670769524928296 0.06483064378647319
3.551170000014797 0.031134868144277687 0.07622265693193464
3.5834900000150087 0.026842135538960643 0.06517656812549122
3.616820000015227 0.031005732862419477 0.0758902828482344
3.649140000015439 0.026968676704353323 0.06550216798564268
3.682470000015657 0.030884150031950445 0.07557735219166917
3.714790000015869 0.027087775084608353 0.06580861735552279
3.7481200000160872 0.030769685024800042 0.07528274559389647
3.780440000016299 0.027199861155954522 0.06609702371759285
3.8137700000165173 0.030661927797057564 0.07500540704997727
3.8471000000167357 0.027320692341047614 0.0664076109566425
3.8794200000169474 0.03056049152372664 0.07474434039368427
3.9127500000171658 0.027417855537346547 0.06665763892597099
3.9450700000173775 0.030465011307688084 0.0744986059649011
3.978400000017596 0.02750935237276053 0.06689308566028007
4.010720000017331 0.030375142959952695 0.07426731746372761
4.044050000016069 0.027595507559389887 0.06711478667875692
4.076370000014846 0.030290561846402993 0.07404963897108541
4.109700000013584 0.027676627571606605 0.06732353057681273
4.14202000001236 0.030210961798676328 0.07384478213637857
4.175350000011099 0.0277530016445624 0.0675200616011229
4.207670000009875 0.030136054079599513 0.07365200351712176
4.241000000008613 0.027824902721903855 0.0677050820882763
4.274330000007351 0.030055588171345127 0.07344513951639264
4.306650000006128 0.027892588352611214 0.0678792547714746
4.339980000004866 0.02999064492981307 0.07327799527647727
4.3723000000036425 0.0279563015396076 0.06804320496123228
4.405630000002381 0.02992949320907301 0.07312061093139866
4.437950000001157 0.028016271542182003 0.06819752260800449
4.471279999999895 0.029871915314380604 0.07297242596225884
4.503599999998672 0.028072714635887012 0.06834276425643493
4.53692999999741 0.029817705823966593 0.07283291146542581
4.569249999996186 0.028125834832060104 0.06847945489616425
4.602579999994925 0.029766670909839754 0.07270156839901398
4.634899999993701 0.0281758245576974 0.06860808970964305
4.668229999992439 0.029718627697374544 0.0725779259338366
4.7015599999911775 0.028229347039180674 0.06874567114922847
4.733879999989954 0.029673403658612485 0.07246153988872406
4.767209999988692 0.0282726987838553 0.06885723286326195
4.7995299999874685 0.029630836038277982 0.0723519912518511
4.832859999986207 0.028313520031859718 0.06896228218379319
4.865179999984983 0.029590771311511218 0.07224888478225555
4.898509999983721 0.028351955970881026 0.0690611927692597
4.930829999982498 0.029553064670862828 0.07215184768885052
4.964159999981236 0.028388143619647033 0.06915431725602605
4.9964799999800125 0.029517579540600077 0.07206052837900323
5.029809999978751 0.02842221227620878 0.069241988411195
5.063139999977489 0.029479316899422185 0.07196216461868854
5.095459999976265 0.028454283943787576 0.06932452022800906
5.1287899999750035 0.029448558742781076 0.07188300502810607
5.16110999997378 0.02848447373300178 0.06940220896142213
5.194439999972518 0.029419595332043857 0.07180846504662997
5.226759999971295 0.02851289024218273 0.06947533410658346
5.260089999970033 0.02939232369929023 0.07173827959120471
5.292409999968809 0.028539635918891748 0.06954415932757252
5.325739999967547 0.029366646673592015 0.07167219850547912
5.358059999966324 0.028564807399942937 0.06960893333434193
5.391389999965062 0.029342472562611466 0.07160998574236022
5.4237099999638385 0.028588495833787975 0.06966989071321983
5.457039999962577 0.029319714849320055 0.07155141858110614
5.490369999961315 0.02861395341700468 0.06973533217554673
5.522689999960091 0.029298291906551203 0.07149628689039345
5.55601999995883 0.02863449126102646 0.06978818576245382
5.588339999957606 0.02927812672621499 0.07144439243342848
5.621669999956344 0.028653830607570093 0.06983795479010846
5.653989999955121 0.02925914666331808 0.07139554820770888
5.687319999953859 0.028672040206908056 0.06988481621406084
5.719639999952635 0.029241283193490397 0.0713495778201012
5.7529699999513735 0.028689184941858903 0.06992893703395842
5.78528999995015 0.029224471684667797 0.07130631489877803
5.818619999948888 0.028705326038680035 0.06997047483678909
5.850939999947665 0.029208651179747358 0.07126560253418734
5.884269999946403 0.028720521269928415 0.07000957832115073
5.917599999945141 0.0291917072579051 0.071222045060082
5.949919999943917 0.028734825144300813 0.07004638778391747
5.983249999942656 0.02917798822775164 0.07118673834963785
6.015569999941432 0.02874828908736471 0.0700810355853787
6.04889999994017 0.029165070179532623 0.07115349325585996
6.081219999938947 0.028760961612323888 0.0701136465912855
6.114549999937685 0.029152907133206174 0.0711221914149518
6.146869999936461 0.028772888480739445 0.0701443385825673
6.1801999999351995 0.0291414556987869 0.07109272113271503
6.212519999933976 0.028784112856202193 0.07017322265465697
6.245849999932714 0.029130674933857015 0.07106497701661052
6.279179999931452 0.028796220775017315 0.07020434786364493
6.311499999930229 0.029120526207880304 0.07103885962547185
6.344829999928967 0.02880594994022423 0.07022938593975736
6.3771499999277435 0.029110973074741534 0.07101427514305536
6.410479999926482 0.028815111538591176 0.07025296324086883
6.442799999925258 0.029101981152271254 0.07099113506613408
6.476129999923996 0.028823738117868872 0.07027516354325414
6.508449999922773 0.02909351800681359 0.0709693559086122
6.541779999921511 0.028831860394977094 0.07029606591317794
