0.001020000000000002 0.657868559819428 1.6411843515776292
0.09191999999999706 0.3427265165522859 0.907255383001393
0.18484000000004408 0.6129254377580198 1.544486429422598
0.274730000000134 0.33447306820959866 0.8754305039410437
0.3666400000002259 0.5903740021758652 1.4822393686365731
0.4575400000003168 0.32291751790269196 0.8516420732130769
0.5484400000001388 0.5729663771810017 1.432089363671818
0.6393399999997251 0.31234037538685633 0.8282753643705121
0.7302399999993114 0.5573306698985218 1.3900174611031435
0.8211399999988978 0.30234663477976664 0.8040016997468369
0.9130499999984795 0.5423805129507913 1.3509027734336376
1.0039499999981096 0.2922278750455424 0.7790870929513027
1.0948499999987051 0.5290545567263581 1.3158555715500064
1.1857499999993006 0.2828787850476613 0.756281075033427
1.2766499999998961 0.5164774889591776 1.282712548022047
1.3675500000004917 0.2737708308962341 0.7340309539642709
1.4584500000010872 0.5045108425133774 1.2512484611368224
1.5493500000016827 0.2649096373521671 0.7123003679693096
1.6402500000022782 0.49308216871020866 1.2212616997967385
1.7311500000028737 0.25628858681812394 0.6911014814394267
1.8220500000034692 0.48214800581329387 1.1926059968029756
1.9129500000040647 0.2478947164367461 0.6704243474329186
2.00385000000466 0.4716751351949504 1.1651875268465561
2.0947500000052557 0.23971747492232118 0.6502434231922982
2.185650000005851 0.4616325967690526 1.1389309264117742
2.2765500000064467 0.23174942300811718 0.630534674535066
2.367450000007042 0.45198521315766094 1.1137444128225926
2.4583500000076377 0.22398358616951708 0.6112811225890802
2.549250000008233 0.44270389021958556 1.0895471968624393
2.6401500000088287 0.21641217959156514 0.5924673651940493
2.731050000009424 0.4337669380611657 1.066278104570828
2.8219500000100197 0.2090280379962407 0.5740792932993677
2.9128500000106152 0.42515431534495784 1.0438848722801208
3.0037500000112107 0.2018260787900432 0.5561096594309256
3.0946500000118062 0.4168431590663828 1.0223056694085964
3.1855500000124017 0.19479759297752364 0.5385371296317776
3.2764500000129972 0.40880818839841493 1.0014728171425125
3.3673500000135927 0.18793851819625673 0.5213573437636176
3.4582500000141883 0.4010302335950026 0.9813302450442873
3.5491500000147838 0.18124368608134878 0.5045642623022206
3.6400500000153793 0.3934935581808758 0.961831574875649
3.7309500000159748 0.1747080329430668 0.4881493820328764
3.8218500000165703 0.38618447628082475 0.9429379623959511
3.9127500000171658 0.1683272981833328 0.47210488705594633
4.003650000017599 0.379089293442574 0.9246105204673505
4.0945500000141575 0.1620967627971479 0.4564227485433947
4.185450000010716 0.3721953853769867 0.9068128921177587
4.276350000007275 0.1560126930905631 0.44109834332332065
4.367250000003834 0.3654926841669911 0.8895152741338008
4.458150000000392 0.15007117237208867 0.4261253775275864
4.549049999996951 0.3589727079806223 0.8726939657076493
4.63994999999351 0.14426827841622203 0.4114960374272836
4.730849999990069 0.35262786248110245 0.8563289494165183
4.821749999986627 0.13860016479036574 0.3972015666337758
4.912649999983186 0.34645014229820215 0.8403988688691522
5.003549999979745 0.13306301202541515 0.38323251494691846
5.0944499999763035 0.34043322919275343 0.8248867972946994
5.185349999972862 0.12765298532022773 0.3695786959360903
5.275239999969459 0.3348635615392971 0.810522343951503
5.366139999966018 0.12266857596810134 0.35699312033052877
5.457039999962577 0.3291836453142758 0.7958862157527502
5.5479399999591354 0.11752790481829933 0.3440083520449333
5.638839999955694 0.32365698932127496 0.7816499021491952
5.729739999952253 0.11250435351674226 0.3313131186967855
5.820639999948812 0.3182823322840076 0.7678086631554004
5.91153999994537 0.10759524769285589 0.31889980937841456
6.002439999941929 0.3130536950886691 0.7543498088781853
6.093339999938488 0.1027983044116456 0.3067626337252438
6.184239999935047 0.30796622246245364 0.7412611056595297
6.275139999931605 0.09811297962284227 0.2949018109271395
6.366039999928164 0.3030150855912167 0.7285282807078075
6.456939999924723 0.09353820997851625 0.2833166950068966
6.5478399999212815 0.2981954758781842 0.716137283475915
6.6377299999178785 0.0893131625268132 0.272623514083703
6.728629999914437 0.2937605801581241 0.7047269839254078
6.819529999910996 0.0849822388384972 0.26165269731698304
6.910429999907555 0.2892172215894625 0.6930515988969765
7.001329999904113 0.08075051803957367 0.25093095620164485
7.092229999900672 0.28478707290831184 0.6816697241796343
7.183129999897231 0.07661182973876768 0.24044238188946077
7.27402999989379 0.2804636355150042 0.6705646895868278
7.364929999890348 0.0725608038775093 0.23017297654153168
7.455829999886907 0.276241327817108 0.6597220479971466
7.546729999883466 0.06859437154707404 0.22011507311157086
7.637629999880025 0.2721154449397363 0.6491291161203283
7.728529999876583 0.06471100784603201 0.21026572589749604
7.81841999987318 0.26829843536888576 0.639321785287339
7.909319999869739 0.06113781748809022 0.20120739662510267
8.000219999866298 0.2643823130208802 0.6292688872071128
8.091119999862856 0.057468036068466954 0.1918336376406149
8.182019999859415 0.2605524237267236 0.619437448318827
8.272919999855974 0.053938799391359475 0.18265359057340058
8.363819999852533 0.2568070592446329 0.6098231908950313
8.454719999849091 0.05054401431684086 0.17366213263254604
8.54561999984565 0.25314434405735753 0.6004216427745512
8.636519999842209 0.04727218887824758 0.16485345824222009
8.727419999838768 0.24956220331564313 0.5912278401816962
8.818319999835326 0.044119811446006296 0.15622259610006406
8.908209999831923 0.24624894797674524 0.582722727609708
8.999109999828482 0.04126808927232928 0.14828025845298187
9.09000999982504 0.24284684793364342 0.5739938970028335
9.1809099998216 0.038387801327423476 0.14005571309309017
9.271809999818158 0.2395189090812354 0.56545557337776
9.362709999814717 0.03565704773773115 0.1319959077208166
9.453609999811276 0.2362633164182183 0.5571029141443695
9.544509999807834 0.03309012319059734 0.12409849010718288
9.635409999804393 0.23307811859149297 0.5489315012973228
9.726309999800952 0.030686691509786312 0.11636103972780809
9.81720999979751 0.22996205814036205 0.5409378755733552
9.907099999794108 0.02855295478051467 0.10918747123297434
9.997999999790666 0.22708566127818622 0.5335617571792461
10.088899999787225 0.026454876393463667 0.10182039494462947
10.179799999783784 0.22412665121526865 0.5259726691783095
10.270699999780343 0.02449245423878355 0.09460260208591365
10.361599999776901 0.22123249287021785 0.5185509555502454
10.45249999977346 0.02266698481744267 0.08753141977365653
10.543399999770019 0.21840212256834124 0.5112942255278363
10.634299999766577 0.02098285045070436 0.08060404625679363
10.725199999763136 0.21563419392820962 0.5041992662840666
10.816099999759695 0.01944369022357484 0.07381731498127264
10.905989999756292 0.2130622021317579 0.497613519264295
10.99688999975285 0.018130506672748292 0.06753949129528758
11.08778999974941 0.2104339547175925 0.49087967156768997
11.178689999745968 0.016912188918036253 0.061076061623299704
11.269589999742527 0.20786246061998478 0.4842926634783362
11.360489999739086 0.015868775465302964 0.05474266065084166
11.451389999735644 0.20534654871187485 0.47784955660539197
11.542289999732203 0.015023071091744724 0.04853625529407379
11.633189999728762 0.20288507077290607 0.47154746936176606
11.72408999972532 0.014383108791161225 0.04245438638479371
11.81498999972188 0.20047692334409195 0.46538351570658554
11.905889999718438 0.013967814965392455 0.03649537929996116
11.995779999715035 0.19824360983206935 0.45967261081655275
12.086679999711594 0.013792758094588686 0.030994370131220972
12.177579999708152 0.19595604634491456 0.45381896116394316
12.268479999704711 0.013853202674236176 0.02532031722654038
12.35937999970127 0.1937177447029379 0.44809206017705216
12.450279999697829 0.014192292113292313 0.01976294436246695
12.541179999694387 0.191527495427681 0.44248848299126564
12.632079999690946 0.014832175589443719 0.014320640478937552
12.722979999687505 0.18938418294534876 0.43700514092459564
12.813879999684064 0.015812077110262224 0.008991797687052383
12.904779999680622 0.18728677497472213 0.4316392166514249
12.995679999677181 0.017177816470056118 0.0037748815885474407
13.085569999673778 0.18534360312601617 0.4266692204776601
13.176469999670337 0.01887381966154067 0.0010316135956700556
13.267369999666895 0.1833495136005917 0.4215670493333268
13.358269999663454 0.020814122945228886 0.005994699466904674
13.449169999660013 0.18139802455716425 0.4165731617616242
13.540069999656572 0.022715579580462553 0.010854382410385721
13.63096999965313 0.17948840107277364 0.41168564191177426
13.72186999964969 0.024577622589033066 0.015612839083101182
13.812769999646248 0.17761958575706804 0.4069028619209325
13.903669999642807 0.02640069934179756 0.02027205516861308
13.994569999639365 0.175790873297058 0.4022231032325685
14.084459999635962 0.02809653097895093 0.02460410702830318
14.175359999632521 0.1740967969818198 0.39788880234358226
14.26625999962908 0.029831446357144967 0.02903887438749919
14.357159999625638 0.17235810659322515 0.39344022378480226
14.448059999622197 0.03153023231577512 0.03338183472246792
14.538959999618756 0.17065664929382118 0.38908749202334336
14.629859999615315 0.03319365617771364 0.037634972863132
14.720759999611873 0.16899175593572835 0.3848289215645395
14.811659999608432 0.03482237378233288 0.04180006866635333
14.902559999604991 0.1673627633376401 0.3806628358509201
14.99345999960155 0.03641691617334997 0.045878518210706876
15.084359999598108 0.16576902749143185 0.3765875122062279
15.175259999594667 0.0379777101310369 0.04987134741469834
15.265149999591264 0.1642909275282356 0.37280852015663113
15.356049999587823 0.03941899513035607 0.05355791175585267
15.446949999584382 0.16277603719005307 0.36893550704705236
15.53784999958094 0.04090366622655717 0.057356989655166224
15.628749999577499 0.16129406618988773 0.3651468868504426
15.719649999574058 0.04235639587743589 0.061074549729667194
15.810549999570616 0.15984445930722913 0.36144114136046346
15.901449999567175 0.043778295506402554 0.06471164519209482
15.992349999563734 0.15842665545081147 0.35781678975005393
16.083249999560294 0.04516973159380899 0.06826945128272088
16.174149999556853 0.15704008323362517 0.35427232723083124
16.265049999553412 0.046530671182816064 0.07174922411831153
16.35493999955001 0.155751121080687 0.35097762389519893
16.445839999546568 0.04779025076673771 0.07496926419905403
16.536739999543126 0.15443378928679852 0.34761008377095504
16.627639999539685 0.049083528384858854 0.07827584548116828
16.718539999536244 0.15314541547783356 0.34431649231357886
16.809439999532803 0.050348396518154266 0.08150963551437629
16.90033999952936 0.15188544915393554 0.34109539919855436
16.99123999952592 0.05158537640948846 0.0846719365737103
17.08213999952248 0.1506533838106623 0.33794548577695815
17.173039999519037 0.052794970050724976 0.08776402752554979
17.263939999515596 0.1494487297567032 0.3348655032832659
17.354839999512155 0.05397766453501063 0.09078716714923107
17.445739999508714 0.14827100943463167 0.33185424499844185
17.53562999950531 0.05507661155851628 0.09359591344481055
17.62652999950187 0.1471805485325819 0.3290660014617641
17.717429999498428 0.05619998741183363 0.09646716678066714
17.808329999494987 0.14606204701158065 0.3262059148206986
17.899229999491546 0.05729828710473994 0.09927420000410692
17.990129999488104 0.1449686893625367 0.3234100484633351
18.081029999484663 0.05837195595807032 0.1020181706915313
18.171929999481222 0.14390004414469082 0.3206773173347277
18.26282999947778 0.05942143234934149 0.10470022742598006
18.35372999947434 0.14285568298198692 0.3180066456518249
18.444629999470898 0.060447143940952186 0.10732149662067147
18.535529999467457 0.1418351828568546 0.31539696915658944
18.626429999464015 0.06144951174736179 0.109883080930262
18.717329999460574 0.14083812586216216 0.31284723302128503
18.80721999945717 0.06237862815842121 0.11225784568980046
18.89811999945373 0.13991715279812544 0.31049218386154376
18.98901999945029 0.06332999988373911 0.11468914178964784
19.079919999446847 0.13897113627935564 0.30807297097974473
19.170819999443406 0.0642595943490144 0.11706480550780496
19.261719999439965 0.13804699831347422 0.30570973090097153
19.352619999436524 0.06516780222778007 0.11938584837974942
19.443519999433082 0.13714433569806894 0.3034014400322804
19.53441999942964 0.06605501401035063 0.12165327467983378
19.6253199994262 0.136262930527145 0.3011470468611055
19.71621999942276 0.06692162039748006 0.12386807990588666
19.807119999419317 0.13540234440668042 0.2989454316907114
19.898019999415876 0.06776801437551694 0.12603125860513043
19.988919999412435 0.1345619426762712 0.29679545311022126
20.07880999940903 0.0685518542663136 0.12803494063963194
20.16970999940559 0.13378629526059727 0.2948110313803265
20.26060999940215 0.06935501355542606 0.130086295659404
20.351509999398708 0.13298941045128565 0.29277228243316245
20.442409999395267 0.07013943771681452 0.13208968454434533
20.533309999391825 0.13221121965996574 0.290781337117052
20.624209999388384 0.07090546435831646 0.13404608921742112
20.715109999384943 0.13145133283355082 0.2888372037232245
20.8060099993815 0.07165347789320164 0.13595649513488128
20.89690999937806 0.13070936405586808 0.2869389038316461
20.98780999937462 0.07238386665121066 0.13782189920126253
21.078709999371178 0.129984929059213 0.28508546257046685
21.169609999367736 0.07309701101165333 0.13964328582406482
21.260509999364295 0.12927764985770251 0.28327592229575593
21.350399999360892 0.07375766991285038 0.1413309741530755
21.44129999935745 0.12862463133527846 0.2816049961685607
21.53219999935401 0.07443369082221152 0.1430576189771937
21.62309999935057 0.12795419534953367 0.2798897248804
21.713999999347127 0.07509376562716119 0.14474358411600274
21.804899999343686 0.12729961878959573 0.2782150490790891
21.895799999340245 0.07573823656337553 0.14638974439256103
21.986699999336803 0.12666055805857734 0.27658009058084687
22.077599999333362 0.07636744344848356 0.14799696745130264
22.16849999932992 0.12603667261358387 0.2749839782735575
22.25939999932648 0.07698172779497703 0.1495661245001889
22.35029999932304 0.1254276226664165 0.2734258421745017
22.441199999319597 0.07758143239641724 0.15109809050342093
22.532099999316156 0.12483306909404102 0.2719048155231274
22.621989999312753 0.07813751124797053 0.15251906422221184
22.71288999930931 0.12428361185255399 0.270498925288265
22.80378999930587 0.07870590896874319 0.15397116316948622
22.89468999930243 0.1237201154392259 0.2690573908023075
22.985589999298988 0.07926087482894284 0.15538900158432734
23.076489999295546 0.12316997461818713 0.26765004915156876
23.167389999292105 0.07980271235799297 0.156773353390105
23.258289999288664 0.12263288778954673 0.266276129295695
23.349189999285223 0.08033171846831566 0.15812497530885983
23.44008999928178 0.1221085611124685 0.2649348803596019
23.53098999927834 0.08084818351995982 0.15944460640031632
23.6218899992749 0.1215967096423126 0.2636255736792492
23.712789999271457 0.08135239152490936 0.160732970086519
23.803689999268016 0.12109705283381524 0.2623474895587563
23.893579999264613 0.08182044704312996 0.16192943574856455
23.984479999261172 0.1206347915675564 0.2611648376035447
24.07537999925773 0.08229831456702374 0.16315057513078823
24.16627999925429 0.12016128261996539 0.2599536871587982
24.257179999250848 0.08276488431123374 0.16434288884170645
24.348079999247407 0.11969901180924414 0.2587713060402286
24.438979999243966 0.08322041183702611 0.16550702700727227
24.529879999240524 0.11924772189289588 0.2576170338172701
24.620779999237083 0.08366514805479519 0.1666436274036398
24.711679999233642 0.11880715940164965 0.25649021988474185
24.8025799992302 0.08409933945292747 0.16775331572829177
24.89347999922676 0.11837707295544664 0.25539021862936995
24.984379999223318 0.08452322865639461 0.16883670766907333
25.075279999219877 0.11795721472949862 0.25431639307493814
25.166179999216435 0.08493705470587021 0.1698944092926591
25.256069999213032 0.11756836622044686 0.25332169110423575
25.34696999920959 0.08531888748287342 0.1708706932470827
25.43786999920615 0.11717044352426563 0.2523040035637192
25.52876999920271 0.0857111552429981 0.1718733243162851
25.619669999199267 0.11678192701164447 0.25131039075410033
25.710569999195826 0.08609416627060562 0.17285231964747627
25.801469999192385 0.1164025967668243 0.2503402926998466
25.892369999188944 0.08646813850520518 0.17380823379526955
25.983269999185502 0.11603223732361001 0.24939316107202014
26.07416999918206 0.08683328794110257 0.1747416151385628
26.16506999917862 0.11567063621156437 0.24846845371431225
26.25596999917518 0.08718982517306029 0.17565300211963564
26.346869999171737 0.11531758445650499 0.2475656364019585
26.437769999168296 0.08753795411169907 0.17654291658215637
26.527659999164893 0.11499027447833134 0.24672856657179665
26.61855999916145 0.08785950420730226 0.177365159830023
26.70945999915801 0.11465557827516615 0.24587274550074145
26.80035999915457 0.08818959888996947 0.17820900068015177
26.891259999151128 0.11432874010179951 0.2450370417760417
26.982159999147687 0.08851196086711044 0.1790330947507912
27.073059999144245 0.11400957806364741 0.24422098891214716
27.163959999140804 0.08882676780185639 0.17983789541904383
27.254859999137363 0.11369791522413308 0.24342413315424638
27.34575999913392 0.0891341926218926 0.18062384389880837
27.43665999913048 0.11339357936161742 0.2426460328445179
27.52755999912704 0.08943440376854239 0.1813913698773928
27.618459999123598 0.1130964027538226 0.24188625783129192
27.709359999120156 0.08972756541043014 0.1821408920084422
27.799249999116753 0.11282062249347725 0.24118115551686747
27.890149999113312 0.08999861673168941 0.1828340949544982
27.98104999910987 0.11253884398792835 0.24046078933029902
28.07194999910643 0.09027663621794058 0.183544928049717
28.16284999910299 0.11226366061065597 0.2397573023360411
28.253749999099547 0.09054815958039675 0.18423916891081582
28.344649999096106 0.11199492481234008 0.23907031656119626
28.435549999092665 0.09081333214325837 0.1849171878749889
28.526449999089223 0.11173249263911067 0.23839946302752768
28.617349999085782 0.09107229564673991 0.18557934620471173
28.70824999908234 0.11147622298262716 0.23774437980260688
28.7991499990789 0.09132518853882665 0.18622599670869988
28.89004999907546 0.11122597778040766 0.23710471266185085
28.980949999072017 0.09157214613614517 0.18685748410285363
29.070839999068614 0.1109935042063267 0.23651045612728128
29.161739999065173 0.09180073225473984 0.18744215646860907
29.25263999906173 0.1107562201782566 0.23590394768365774
29.34353999905829 0.09203493806718632 0.18804105448464448
29.43443999905485 0.11052449146515286 0.23531165143212407
29.525339999051408 0.09226366835133781 0.1886259618750885
29.616239999047966 0.11029819474740821 0.23473325074464535
29.707139999044525 0.09248704395440388 0.18919718651058126
29.798039999041084 0.11007720950854583 0.23416843616888006
29.888939999037643 0.09270518295983732 0.18975502929952093
29.9798399990342 0.10986141800084659 0.23361690533265644
30.07073999903076 0.09291820069971546 0.1902997842690768
30.16163999902732 0.1096507052170944 0.2330783628426203
30.252539999023877 0.09312620973314634 0.19083173861583758
30.343439999020436 0.1094449588970915 0.23255252030024431
30.433329999017033 0.09331900509713675 0.19132492194545714
30.524229999013592 0.109254913486999 0.23206677284951516
30.61512999901015 0.09351625399038987 0.19182937191011273
30.70602999900671 0.10905981469490089 0.23156815188866142
30.796929999003268 0.0937088750329621 0.1923219941158183
30.887829998999827 0.10886930299807163 0.23108125849717887
30.978729998996386 0.09389696859581786 0.19280304426264605
31.069629998992944 0.10868327814291467 0.23060583574336935
31.160529998989503 0.09408063330390071 0.19327277366621987
31.25142999898606 0.10850164170437303 0.23014163145402833
31.34232999898262 0.09425996602371045 0.19373142925830367
31.43322999897918 0.10832429707548896 0.22968839819399456
31.524129998975738 0.09443506186740569 0.1941792535840925
31.615029998972297 0.10815114946190274 0.22924589323209954
31.704919998968894 0.0945976108340254 0.19459510293654558
31.795819998965452 0.1079909558256088 0.22883645272193665
31.88671999896201 0.09476361380784704 0.19501967678425824
31.97761999895857 0.1078267983474598 0.22841692653920997
32.06851999897947 0.09492570500548514 0.19543424919287178
32.15941999900832 0.10766651490577073 0.22800730223764276
32.250319999037174 0.09508397065516538 0.19583904024980114
32.34121999906603 0.10751001971477825 0.2276073603055373
32.43211999909488 0.09523849534729645 0.19623426590683613
32.52301999912373 0.10735722865233299 0.22721688551973207
32.613919999152586 0.09538936204837478 0.19662013800327838
32.70481999918144 0.10720805924571619 0.22683566689787327
32.79571999921029 0.09553665211968698 0.1969968642916653
32.886619999239144 0.10706243064917753 0.22646349763262297
32.977519999268 0.09568044532682574 0.1973646484884073
33.06740999929653 0.1069274426896113 0.22611847778646332
33.15830999932538 0.09581326247706323 0.1977044530078742
33.249209999354235 0.106789395147173 0.22576568354487625
33.34010999938309 0.09594958115731866 0.19805312040468426
33.43100999941194 0.10665461415851907 0.22542123738802378
33.521909999440794 0.09608267332885734 0.19839353657836734
33.61280999946965 0.1065230267701518 0.22508495277342444
33.7037099994985 0.09621261101646095 0.19872588557366955
33.79460999952735 0.1063945614943016 0.2247566469210982
33.885509999556206 0.0963394648037108 0.19905034776832586
33.97640999958506 0.10626914829038471 0.22443614076416152
34.06730999961391 0.0964633038518029 0.19936709991951185
34.158209999642764 0.10614671854081037 0.22412325888250262
34.24910999967162 0.09658419592248957 0.19967631522154194
34.33899999970015 0.10603299626885276 0.22383258686946572
34.429899999729 0.09669609784648536 0.19996261488098854
34.520799999757855 0.10591695390770883 0.22353602865348154
34.61169999978671 0.09681069117281227 0.2002557190237675
34.70259999981556 0.1058036628661887 0.2232465013672913
34.793499999844414 0.0969225665121708 0.20054187176190563
34.88439999987327 0.10569306133284062 0.22296384701853134
34.97529999990212 0.09703178492543008 0.2008212291985889
35.06619999993097 0.10558508876661844 0.22268791087016737
35.157099999959826 0.09713840622318048 0.20109394424708826
35.24799999998868 0.10547968587723999 0.22241854138532746
35.33890000001753 0.09724248898501342 0.2013601666790099
35.429800000046384 0.10537679460168792 0.2221555901698924
35.52070000007524 0.09734409057649684 0.20162004316844895
35.61160000010409 0.1052763580834597 0.2218989119154191
35.70149000013262 0.09743835222271868 0.20186121212503183
35.792390000161475 0.105183491843173 0.22166154081203482
35.88329000019033 0.09753464942566292 0.2021075201964262
35.97419000021918 0.10508829455768254 0.22141825187288466
36.065090000248034 0.09762865896552197 0.20234797717395558
36.15599000027689 0.1049953605513152 0.22118074655738118
36.24689000030574 0.09772043247207186 0.202582715081856
36.33779000033459 0.10490463866784538 0.2209488941356863
36.428690000363446 0.09781002050071098 0.2028118631989595
36.5195900003923 0.10481607882006595 0.22072256661319622
36.61049000042115 0.09789747255095683 0.20303554810723323
36.701390000450004 0.10472963197226415 0.2205016386837566
36.79229000047886 0.0979828370841681 0.20325389373679892
36.88319000050771 0.10464525011911319 0.2202859876755503
36.97409000053656 0.09806616154204695 0.20346702141280648
37.063980000565095 0.10456703824350755 0.2200860688096662
37.15488000059395 0.09814312650516688 0.20366393737464294
37.2457800006228 0.10448706588000677 0.2198816867456599
37.336680000651654 0.09822210194463399 0.20386594013004355
37.42758000068051 0.10440899700957795 0.2196821689009809
37.51848000070936 0.09829919672071807 0.20406313264890175
37.60938000073821 0.10433278847072525 0.2194874049855633
37.700280000767066 0.09837445349394469 0.20425562403350028
37.79118000079592 0.10425839801467474 0.21929728704255247
37.88208000082477 0.09844791402573161 0.2044435210896145
37.972980000853624 0.10418578428507397 0.21911170939692415
38.06388000088248 0.09851961919326814 0.20462692836308305
38.15478000091133 0.10411490680420867 0.21893056861980176
38.24568000094018 0.09858960900715186 0.2048059481830511
38.336580000969036 0.10404572595355244 0.21875376347773035
38.42647000099757 0.09865442299945093 0.20497177508005393
38.51737000102642 0.10398187708057195 0.21859055341411082
38.608270001055274 0.09872075362597055 0.20514143450475197
38.69917000108413 0.10391630966519037 0.21842298298681007
38.79007000111298 0.0987855032478968 0.20530705011251316
38.88097000114183 0.1038523060294051 0.21825940871321725
38.971870001170686 0.09884870782252586 0.2054687138690392
39.06277000119954 0.10378983057177193 0.2180997396258766
39.15367000122839 0.09891040254147777 0.2056265157825532
39.244570001257244 0.1037288484493083 0.21794388669300613
39.3354700012861 0.09897062184789551 0.20578054394558842
39.42637000131495 0.10366932556454711 0.21779176278919898
39.5172700013438 0.09902939944845379 0.20593088456900555
39.608170001372656 0.10361122854742742 0.2176432826489494
39.69806000140119 0.09908397470021546 0.2060705147613029
39.78896000143004 0.10355746655739374 0.21750585338363715
39.879860001458894 0.09913967441381555 0.206212981965892
39.97076000148775 0.10350240877193484 0.21736514063541712
40.0616600015166 0.0991940455669439 0.2063520510425243
40.15256000154545 0.10344866498937577 0.2172277857956928
40.243460001574306 0.09924711843806511 0.2064877994339298
40.33436000160316 0.10339620523619852 0.2170937122740635
40.42526000163201 0.09929892265787987 0.20662030292541989
40.516160001660865 0.10334500018137827 0.21696284512503494
40.60706000168972 0.09934948722319847 0.2067496356829457
40.69796000171857 0.10329502112133415 0.21683511100440978
40.78886000174742 0.09939884050827441 0.2068758702786444
40.879760001776276 0.10324623997181326 0.21671043815189028
40.97066000180513 0.09944703277635569 0.20699907772321335
41.06055000183366 0.10320097564949848 0.2165947285276526
41.151450001862514 0.09949160231944455 0.20711304370328865
41.24235000189137 0.10315475019697207 0.21647658741816844
41.33325000192022 0.09953727695980896 0.20722980269104463
41.42415000194907 0.10310962851019811 0.21636126699767777
41.515050001977926 0.09958186041779216 0.20734377228185386
41.60595000200678 0.10306558537021027 0.2162487028286808
41.69685000203563 0.0996253776384467 0.20745501624188645
41.787750002064485 0.10302259610139297 0.21613883185754856
41.87865000209334 0.0996678530298355 0.20756359696512128
41.96955000212219 0.102980636558075 0.21603159238823277
42.06045000215104 0.09970931047595044 0.2076695755043212
42.151350002179896 0.10293968311840263 0.21592692405977276
42.24225000220875 0.09974977334201818 0.20777301158835249
42.3331500022376 0.10289971266838605 0.21582476781003557
42.423040002266134 0.09978729537564157 0.20786895606443867
42.51394000229499 0.10286277192397708 0.21573033350732462
42.60484000232384 0.09982563765816177 0.20796697064930925
42.69574000235269 0.10282489405666585 0.21563352551291493
42.786640002381546 0.09986306359886876 0.20806264279206177
42.8775400024104 0.10278792188845653 0.21553903208485492
42.96844000243925 0.09989959417442318 0.20815602611558015
43.059340002468105 0.10275183467092874 0.21544680020347817
43.15024000249696 0.09993524990959413 0.20824717308404184
43.24114000252581 0.10271661210453877 0.21535677799822128
43.33204000255466 0.09997005088329901 0.20833613502593273
43.422940002583516 0.10268223432866763 0.21526891471899123
43.51384000261237 0.10000401674116832 0.2084229621618472
43.60474000264122 0.10264868191398868 0.215183160718313
43.695640002670075 0.10003716670086238 0.20850770361563464
43.78553000269861 0.10261758492051343 0.21510366377284207
43.87643000272746 0.10006778621561596 0.208585997813715
43.96733000275631 0.10258579148466063 0.2150224054825456
44.058230002785166 0.100099200190792 0.2086663010622325
44.14913000281402 0.10255475841646154 0.2149430903757188
44.24003000284287 0.10012986247447286 0.2087446827712669
44.330930002871725 0.1025244682769112 0.21486567389028544
44.42183000290058 0.10015979031619182 0.20882118703345887
44.51273000292943 0.10249490400652528 0.21479011243280555
44.60363000295828 0.10018900059131719 0.2088958569878563
44.694530002987136 0.10246604891643574 0.21471636335573807
44.78543000301599 0.1002175098079251 0.20896873483255973
44.87633000304484 0.10243788667959519 0.21464438493745686
44.967230003073695 0.10024533411616954 0.20903986185005774
45.05813000310255 0.1024104013256838 0.21457413636526423
