0.001020000000000002 1.1664444684751762 2.9094334112831577
0.12322999999998492 0.6251325045313807 1.6795813692881745
0.2474600000001067 1.0719626298173035 2.684176924900794
0.3676500000002269 0.6191225450151429 1.6549761469020208
0.4898600000003491 1.0339189038788834 2.570272135950369
0.6120699999998492 0.6037447829297082 1.6346969017729696
0.7332699999992977 1.0040620752099463 2.475251418329538
0.8554799999987415 0.5889011430120242 1.6098881770993723
0.9776899999981853 0.9765871876103921 2.3956783307815255
1.0988899999987316 0.575008157595326 1.5794011702398913
1.2210999999995322 0.951858376952227 2.328254908577332
1.3423000000003262 0.5614236106309961 1.5474359292624307
1.4645100000011269 0.9293677372301525 2.2670637151843698
1.5857100000019209 0.5480018521624342 1.5157469042215599
1.7079200000027215 0.9086437356011183 2.2107916814703588
1.8291200000035155 0.5349035475502474 1.4844734966171669
1.9513300000043161 0.8891595366901945 2.1584191536560993
2.07253000000511 0.5221548129725223 1.453606695680243
2.1947400000059107 0.8706132830943314 2.1089904477277988
2.3159400000067047 0.5097405878301446 1.4233483777529754
2.4371400000074988 0.8533155149219401 2.0630012038871826
2.5593500000082994 0.4976465006017977 1.3938848257623482
2.6805500000090934 0.8363484922148887 2.017931046275079
2.802760000009894 0.4858633249170674 1.3652153507834996
2.923960000010688 0.8200524125792108 1.974657946670022
3.045160000011482 0.47489911709288457 1.3385686574244327
3.1673700000122826 0.8044038321819675 1.933128498772907
3.2885700000130766 0.463890450660805 1.3117907184524547
3.4097700000138706 0.7899335697596861 1.8947779875604809
3.5319800000146713 0.45316030543375974 1.2856588748978326
3.6531800000154653 0.7756849736993092 1.856986262746918
3.7743800000162593 0.4431893258989076 1.261314096158539
3.8955800000170533 0.7623686929158189 1.8217920109251162
4.017790000017063 0.4329699212925031 1.23631915486343
4.138990000012475 0.7491716261509719 1.7868909294752933
4.260190000007887 0.4234117926834269 1.2128452856351557
4.381390000003298 0.7367338054962393 1.7541329528081073
4.503599999998672 0.41359283417157466 1.1886947263519687
4.624799999994083 0.7243362140049435 1.7214529059189188
4.745999999989495 0.4044016260763814 1.1659929148980286
4.867199999984907 0.7126317314006907 1.6907110582032758
4.98940999998028 0.39491631705185226 1.1425375655847447
5.110609999975692 0.7008818806807868 1.6598305805808455
5.231809999971103 0.3860706614509609 1.1206164166173371
5.353009999966515 0.6898257439495967 1.6308427657726776
5.474209999961927 0.3772971643851428 1.0988503091010515
5.595409999957338 0.6789998594380965 1.6024710099490358
5.717619999952712 0.3683024731127925 1.0765063020914845
5.838819999948123 0.6681757766533931 1.57411632731983
5.960019999943535 0.35983101585084354 1.0553873729709617
6.081219999938947 0.6579437102253908 1.54737737175058
6.202419999934358 0.3514568988626092 1.0344700378449811
6.324629999929732 0.6476270135835219 1.520464234290786
6.445829999925143 0.34293648977960933 1.0131447091459966
6.567029999920555 0.6379878582195196 1.4953374653516205
6.688229999915967 0.33490416851315763 0.9930075797961679
6.809429999911378 0.6285711547763401 1.4708148809870258
6.93062999990679 0.32699453744508067 0.9731513556733518
7.052839999902163 0.6190523157110642 1.446052215912752
7.174039999897575 0.31896024342912954 0.9529663051924819
7.295239999892987 0.6101423773771977 1.4228489081348106
7.416439999888398 0.3113982398580335 0.9339863397473169
7.53763999988381 0.6014104033133688 1.400116751210212
7.658839999879222 0.3039520158604687 0.9152905489580698
7.780039999874633 0.5928468618640403 1.3778368337342584
7.902249999870007 0.2963460526634991 0.8961948844062428
8.023449999865418 0.5842114548860412 1.3553648937204898
8.14464999986083 0.28922174327206407 0.8782956533411546
8.265849999856242 0.5760439623329653 1.3341370648871087
8.387049999851653 0.282209359491601 0.860664181279891
8.508249999847065 0.5680178656588232 1.3132944682710757
8.629449999842477 0.27530931792676416 0.8433036965407648
8.750649999837888 0.5601300410692434 1.2928266202617222
8.872859999833262 0.26827132516550434 0.8256207799532733
8.994059999828673 0.5521772192210054 1.2721545847714677
9.115259999824085 0.26166173125277004 0.8089794760712365
9.236459999819497 0.5446349330122255 1.2526040615295497
9.357659999814908 0.2551543804135946 0.7925855797621728
9.47885999981032 0.5372272046657569 1.2334170544705536
9.600059999805731 0.24874590496064297 0.7764321949135677
9.721259999801143 0.5299530645319313 1.2145878244480657
9.843469999796516 0.2421773455109412 0.7599184434562534
9.964669999791928 0.5226057394507662 1.1955119808906844
10.08586999978734 0.23601156095048492 0.744367587062289
10.207069999782751 0.5156563538993655 1.1775366724567693
10.328269999778163 0.2299336048486278 0.7290250660812347
10.449469999773575 0.5088368744882031 1.1599081671808897
10.570669999768986 0.2239450289060715 0.7138936855889733
10.691869999764398 0.5021468842389741 1.1426257233565829
10.81306999975981 0.21804789401679436 0.6989780696784686
10.934269999755221 0.4955833646879227 1.1256815061939207
11.056479999750595 0.21202045974720207 0.6837689674429992
11.177679999746006 0.48896291123935176 1.1085374939867498
11.298879999741418 0.20635851065710065 0.6694266930050041
11.42007999973683 0.48269777103560496 1.0923786989278983
11.541279999732241 0.20078678860179167 0.6553076300657157
11.662479999727653 0.47655333712426234 1.0765328143895303
11.783679999723065 0.19530420408343352 0.6414116513441148
11.904879999718476 0.4705269489305105 1.060990743382484
12.026079999713888 0.18990855776948212 0.6277348284271067
12.1472799997093 0.4646154805330884 1.0457437179859919
12.269489999704673 0.18437548908607393 0.6137502114851978
12.390689999700085 0.4586312471560018 1.030259437409864
12.511889999695496 0.1791849769590288 0.6005914312555038
12.633089999690908 0.4529859700091687 1.0157016771263017
12.75428999968632 0.17407181024591556 0.5876249302390613
12.875489999681731 0.44744968567116095 1.0014274049160443
12.996689999677143 0.16903479032685498 0.5748475211795889
13.117889999672554 0.44202059725939125 0.9874317921598985
13.239089999667966 0.1640719709301769 0.5622547067258066
13.360289999663378 0.4366958071641159 0.973707198755458
13.48148999965879 0.15918237213961095 0.5498441991568792
13.602689999654201 0.4314711982627153 0.9602429221572062
13.724899999649574 0.15417012408302688 0.537143789204686
13.846099999644986 0.4261692734320981 0.9465584609574917
13.967299999640398 0.14949251796660357 0.5251922791747132
14.08849999963581 0.42116449973932985 0.9336620836715492
14.209699999631221 0.1449302055066779 0.5134302533752022
14.330899999626633 0.4162480221102122 0.9209878874577693
14.452099999622044 0.1404782627636837 0.5018605421332478
14.573299999617456 0.4114183151666539 0.9085317404755044
14.694499999612868 0.13613050368521118 0.4904809579916791
14.81569999960828 0.4066740023084979 0.8962916585271596
14.93689999960369 0.13189390463334594 0.4792881598860599
15.058099999599103 0.4020139013961739 0.8842670468390268
15.179299999594514 0.12775859278221835 0.46828262680493893
15.301509999589888 0.3972623263662505 0.8720046390064518
15.4227099995853 0.12357682639724621 0.4570586358388695
15.54390999958071 0.3927961906483043 0.8604814110673709
15.665109999576122 0.11968557956345581 0.44649495049879917
15.786309999571534 0.38841049475536715 0.8491658036387628
15.907509999566946 0.11589636595206411 0.4361103104127739
16.02870999956236 0.38410394705215734 0.8380553329068174
16.14990999955777 0.11221123053629058 0.425901029767084
16.271109999553182 0.37987507571061796 0.8271470274392567
16.392309999548594 0.1086292918999271 0.41586270377612644
16.513509999544006 0.3757223189359642 0.8164373884963938
16.634709999539417 0.1051591080332588 0.4059899485042262
16.75590999953483 0.3716440771421232 0.8059221509347125
16.87710999953024 0.1017899003922238 0.3962783728720498
16.998309999525652 0.367638396332585 0.7955956524406727
17.120519999521026 0.09838682638340068 0.38633391394163885
17.241719999516437 0.36356227684484055 0.7851005604172068
17.36291999951185 0.09523231970366164 0.37698899115893303
17.48411999950726 0.35971620699273743 0.7751869266409028
17.605319999502672 0.09217335311906194 0.36778873185304706
17.726519999498084 0.35593449769436547 0.7654386340601449
17.847719999493496 0.0892145045506092 0.35872957876882383
17.968919999488907 0.35221541192039585 0.7558512245944393
18.09011999948432 0.08635441587174919 0.34980918213036727
18.21131999947973 0.3485574203439735 0.7464208323786581
18.332519999475142 0.08359166173696653 0.34102598351490876
18.453719999470554 0.34495914073046186 0.73714399822149
18.574919999465966 0.08092837502641259 0.3323788286216489
18.696119999461377 0.3414193224419718 0.7280175995146632
18.81731999945679 0.07837203072306353 0.32386685349973243
18.939529999452162 0.337798408492319 0.7186957894490309
19.060729999447574 0.07583081765384192 0.3151580916378349
19.181929999442985 0.3343927319299058 0.7099110686482946
19.303129999438397 0.07350454982749788 0.30696366386061547
19.42432999943381 0.3310415810378746 0.7012663244308937
19.54552999942922 0.07127682730856444 0.2988991648686712
19.666729999424632 0.32774398923664005 0.6927594020919914
19.787929999420044 0.06914095955159094 0.29096298944011334
19.909129999415455 0.3244990949124601 0.684388292281124
20.030329999410867 0.0670915591183977 0.2831532441958884
20.15152999940628 0.32130610099497225 0.6761513243341177
20.27272999940169 0.06512704176061312 0.2754676811873691
20.393929999397102 0.31816427572221206 0.6680470291258844
20.515129999392514 0.06324465929480028 0.2679040258560028
20.636329999387925 0.31507316223183335 0.6600745181805978
20.757529999383337 0.06144377654631983 0.26046043217022863
20.87973999937871 0.31191316788122914 0.6519320230898074
21.000939999374122 0.05966008613250396 0.2528524633787943
21.122139999369534 0.30893939786419244 0.6442633654650365
21.243339999364945 0.0580328270300019 0.2456847321676281
21.364539999360357 0.30601387786212964 0.636720791689227
21.48573999935577 0.05648385557123814 0.23862733229174093
21.60693999935118 0.30313502152168115 0.6293004290475523
21.728139999346592 0.05501448782098228 0.23167724704155068
21.849339999342003 0.3003011926406709 0.6219981071366787
21.970539999337415 0.05362671809713759 0.22483170043782197
22.091739999332827 0.2975112189804199 0.6148105590912167
22.21293999932824 0.05232130637459198 0.21808850839390992
22.33413999932365 0.29476427464153754 0.6077352933146374
22.45533999931906 0.05109343299806323 0.21144573440802228
22.576539999314473 0.29205967500875796 0.6007702810451154
22.697739999309885 0.049943782431952854 0.2049015818440525
22.81994999930526 0.2892932021639272 0.593650106860999
22.94114999930067 0.0488319791901235 0.19821012694205553
23.06234999929608 0.28668667102245504 0.5869394216072465
23.183549999291493 0.04784367209178575 0.19189620278274866
23.304749999286905 0.28412050009590795 0.5803342467578965
23.425949999282317 0.046925251172026394 0.18567543211062132
23.54714999927773 0.28159423695944996 0.5738334939844325
23.66834999927314 0.04607805919280217 0.1795466961549863
23.78954999926855 0.2791074038077124 0.5674358642476562
23.910749999263963 0.04529804776541446 0.17350889878978704
24.031949999259375 0.27665954468600007 0.5611400182195747
24.153149999254786 0.044580907318502616 0.16756087978473388
24.274349999250198 0.27425039804741425 0.554945088520642
24.39554999924561 0.04393073697345151 0.1617014466144706
24.51674999924102 0.27187959574787723 0.5488500676231634
24.637949999236433 0.04335130334026216 0.15592926954172137
24.760159999231806 0.26945649388418846 0.5426220086395039
24.881359999227218 0.042813895021931114 0.1500292579546092
25.00255999922263 0.26717401638104477 0.5367558858875965
25.12375999921804 0.04235881049211154 0.14445919138754704
25.244959999213453 0.2649280057320864 0.5309848581609988
25.366159999208865 0.04196040289794589 0.13897054877791692
25.487359999204276 0.2627180232841956 0.5253077329874567
25.608559999199688 0.04161858525980788 0.1335623862020463
25.7297599991951 0.2605436856241953 0.5197234150374319
25.85095999919051 0.041347341219785894 0.1282339237035912
25.972159999185923 0.2584046531904043 0.5142309474550188
26.093359999181335 0.04113281622405052 0.12298446206894242
26.214559999176746 0.25630057977142706 0.5088293997648652
26.335759999172158 0.0409706995821264 0.1178134070193182
26.45695999916757 0.2542310433365511 0.5035176241715122
26.57815999916298 0.04086081650553286 0.11272019753411078
26.700369999158355 0.2521163635335002 0.49808829737301163
26.821569999153766 0.04080341790876674 0.10751640004019736
26.942769999149178 0.25012548574935844 0.4929798274483477
27.06396999914459 0.04081169337232815 0.10260521490536023
27.18516999914 0.2481668120901922 0.4879546691183845
27.306369999135413 0.04087348836186189 0.09776886832579823
27.427569999130824 0.24623967682249728 0.48301098935237263
27.548769999126236 0.04098516903902427 0.09300647907931614
27.669969999121648 0.24434350560923246 0.47814729179774806
27.79116999911706 0.04114621517415684 0.08831710703173234
27.91236999911247 0.242477773189408 0.473362234164465
28.033569999107883 0.04135614959726486 0.08369978433263592
28.154769999103294 0.2406420081157119 0.46865453076315733
28.275969999098706 0.041623223748673555 0.07915353577596651
28.397169999094118 0.2388358875466566 0.4640228560716553
28.51836999908953 0.04194452708075003 0.07467737001922714
28.63956999908494 0.23705913281972724 0.45946589142663585
28.761779999080314 0.04232942929919703 0.0701023167777981
28.882979999075726 0.23525010542447153 0.454822590826931
29.004179999071138 0.04274640883544267 0.06578753270891635
29.12537999906655 0.23353918726180023 0.4504350635661569
29.24657999906196 0.04320996978732505 0.0615386749285296
29.367779999057372 0.23185543136346864 0.44611760506746423
29.488979999052784 0.04371990651043345 0.057354500420103705
29.610179999048196 0.23019835464699515 0.4418689645641294
29.731379999043607 0.04428181929731856 0.05323389653369981
29.85257999903902 0.2285674932093891 0.4376879312772419
29.97377999903443 0.04489558424197837 0.04917590683742867
30.094979999029842 0.22696239395691217 0.4335732779612522
30.216179999025254 0.04555411597479897 0.04517973907722794
30.337379999020666 0.22538259704630317 0.4295237214047898
30.458579999016077 0.0462570205160443 0.04124466674283456
30.57977999901149 0.22382766970974452 0.4255380285127508
30.701989999006862 0.047036037216938276 0.037218189006948954
30.823189999002274 0.22224216944678887 0.42147117951309987
30.944389998997686 0.047826094303174305 0.03342428305317391
31.065589998993097 0.2207440932991328 0.4176312820258765
31.18678999898851 0.04866018060295085 0.029688336998245912
31.30798999898392 0.21926955279922392 0.41385171944726684
31.429189998979332 0.04953864589422164 0.026009485174760538
31.550389998974744 0.21781819227861743 0.41013165104000215
31.671589998970155 0.050469463563100114 0.022386902725757274
31.792789998965567 0.21638968364709757 0.4064702815636756
31.91398999896098 0.05144387452602295 0.018819822220417226
32.03518999896889 0.21498371805405658 0.4028668289297821
32.15638999900736 0.05246154916756895 0.01530751249942952
32.27758999904583 0.21359999694908183 0.39932052765127013
32.3987899990843 0.05352252691894199 0.011849259895202469
32.51998999912277 0.2122382283452512 0.3958306279415291
32.64219999916156 0.05467300313545787 0.008308457979522288
32.76339999920003 0.21084832843562815 0.39226699053149794
32.8845999992385 0.05581678025764947 0.004975031181786438
33.005799999276974 0.20953684073091094 0.38890616466998873
33.126999999315444 0.057003418808331145 0.001692972328015685
33.248199999353915 0.20824628001215173 0.38559910675782794
33.369399999392385 0.05823275736950806 0.001538353768260059
33.490599999430856 0.20697637111879363 0.3823451674422662
33.611799999469326 0.05947625222316199 0.0047196188309950315
33.7329999995078 0.20572682308909954 0.37914363455501254
33.85419999954627 0.06070032612214882 0.00785150689222025
33.97539999958474 0.20449733528503214 0.37599372878225346
34.09659999962321 0.06190526056285972 0.010934682972008058
34.21779999966168 0.20328759850958847 0.37289462915296445
34.33899999970015 0.06309133236674969 0.013969784259160178
34.46019999973862 0.20209729035984703 0.3698454668770168
34.58139999977709 0.06425881626060337 0.016957427809816128
34.70360999981588 0.20088109009845367 0.3667287891954807
34.82480999985435 0.06545036748251531 0.020004088220948457
34.94600999989282 0.19973490791959692 0.3637928458361639
35.06720999993129 0.06657528703664761 0.022882872842100443
35.188409999969764 0.19860688037834817 0.36090337549339324
35.309610000008234 0.06768266060290073 0.02571666618610413
35.430810000046705 0.19749665798021987 0.35805944726330363
35.552010000085176 0.0687727779669276 0.028506179035847623
35.673210000123646 0.1964039225429115 0.35526023733890577
35.79441000016212 0.069845943338259 0.031252184274599415
35.91561000020059 0.19532836555559474 0.35250495685048566
36.03681000023906 0.07090245410346885 0.033955457563128455
36.15801000027753 0.1942696813057302 0.34979283092370084
36.279210000316 0.07194258780712637 0.036616735659822375
36.40041000035447 0.19322757917579314 0.34712312032607606
36.52161000039294 0.07296660906461139 0.0392367131576421
36.64382000043173 0.19216167063063394 0.34439138186259655
36.7650200004702 0.07401250163017203 0.04191038534886449
36.88622000050867 0.19115758461454924 0.3418189052417864
37.00742000054714 0.07499948630935482 0.044435473083337396
37.12862000058561 0.19016914769755788 0.3392864665105688
37.249820000624084 0.07597124966264901 0.04692158701784521
37.371020000662554 0.1891961173716723 0.3367934607883538
37.492220000701025 0.07692801935064197 0.049369329147608276
37.613420000739495 0.18823825683519657 0.3343392968593206
37.734620000777966 0.07787001844629138 0.05177928313916391
37.855820000816436 0.18729533524503716 0.3319233958208545
37.97702000085491 0.07879746588828562 0.054152022744169415
38.09822000089338 0.18636712691442814 0.3295451902554203
38.21942000093185 0.07971057591808228 0.05648810646997626
38.34062000097032 0.18545341107023638 0.32720412517899256
38.46182000100879 0.08060955833142325 0.05878807510606432
38.58403000104758 0.18451937982594258 0.3248100978431645
38.70523000108605 0.0815270103047877 0.06113352753688295
38.82643000112452 0.18363910194138855 0.3225547516897076
38.94763000116299 0.08239331726537946 0.06335000445647498
39.06883000120146 0.18277254054887737 0.3203345885422815
39.19003000123993 0.08324624099112621 0.06553228011400014
39.3112300012784 0.18191949212056224 0.31814909845465644
39.432430001316874 0.08408597512443672 0.06768086490027692
39.553630001355344 0.18107976046901308 0.3159977893461674
39.674830001393815 0.08491270976995002 0.06979625840746184
39.796030001432285 0.18025315810966402 0.31388018668719875
39.917230001470756 0.08572663154617921 0.07187894436364584
40.03843000150923 0.17943950433002864 0.31179582853486654
40.1596300015477 0.08652792271247323 0.07392938915343761
40.28083000158617 0.17863861683508264 0.30974425219323365
40.40304000162496 0.08734774092667197 0.07602608202761374
40.52424000166343 0.17782193262018098 0.30765151312016625
40.6454400017019 0.08811964032709785 0.07800151822211498
40.76664000174037 0.17705061838952962 0.30567588213459285
40.88784000177884 0.08887959029983561 0.0799464573653319
41.00904000181731 0.17629138966961855 0.30373131533218967
41.13024000185578 0.08962780115527125 0.08186146987050336
41.25144000189425 0.1755440694031597 0.3018173864338891
41.37264000193272 0.09036447422312999 0.08374711256542433
41.49384000197119 0.17480848162790963 0.299933663441887
41.615040002009664 0.09108978141742163 0.08560385000653259
41.736240002048135 0.17408445439900877 0.2980797047298256
41.857440002086605 0.09180383866528263 0.08743196214102689
41.978640002125076 0.17337183211252294 0.2962550927863461
42.099840002163546 0.09250675219946602 0.08923166891209311
42.22205000220234 0.17264439004001908 0.29439228177964294
42.34325000224081 0.09322268426458757 0.09106421621124516
42.46445000227928 0.17195838075113679 0.29263604252168784
42.58565000231775 0.0938995055435955 0.09279729951586768
42.70685000235622 0.17128322605545554 0.29090765057826484
42.82805000239469 0.09456569235069612 0.09450316730245101
42.94925000243316 0.17061878508811934 0.28920673943161335
43.07045000247163 0.09522138328682672 0.09618216916373878
43.1916500025101 0.16996491670467928 0.2875329467960652
43.31285000254857 0.09586672619217285 0.09783468956633401
43.43405000258704 0.16932147785191287 0.28588590814033754
43.55525000262551 0.09650186252081783 0.0994611035858406
43.676450002663984 0.1686883265699859 0.28426526689651066
43.797650002702454 0.09712693009809248 0.10106177449262788
43.919860002741245 0.16804225438245024 0.2826115693447817
44.041060002779716 0.09776319583547544 0.10269100367485962
44.162260002818186 0.1674331194329577 0.28105257723384236
44.28346000285666 0.0983647296315826 0.1042315416738715
44.40466000289513 0.16683374788431948 0.2795186409809247
44.5258600029336 0.09895685992551083 0.10574766094716415
44.64706000297207 0.16624400843263554 0.27800942321689615
44.76826000301054 0.0995397317315555 0.1072396933184172
44.88946000304901 0.16566377129034926 0.2765245908770475
45.01066000308748 0.10011330035471777 0.10870796661859305
45.13186000312595 0.1650929081269552 0.27506381497175436
45.25306000316442 0.10067769125648383 0.11015280451001086
45.37426000320289 0.1645312920736519 0.27362677067239716
45.49647000324168 0.10125456069183159 0.11162962716388947
45.61767000328015 0.1639590250710945 0.27216270059940983
45.738870003318624 0.10179743681192188 0.11301952105010615
45.860070003357094 0.1634190063522568 0.2707810791432008
45.981270003395565 0.1023316097907836 0.11438719673815267
46.102470003434036 0.16288775648137188 0.2694219610871129
46.223670003472506 0.10285719713520858 0.11573295856627253
46.34487000351098 0.16236515562507525 0.26808503970809916
46.46607000354945 0.10337431541567145 0.11705710987827134
46.58727000358792 0.16185108517685054 0.26677001144549406
46.70847000362639 0.10388308001838788 0.1183599516606737
46.82967000366486 0.1613454276952747 0.2654765759900868
46.95087000370333 0.10438360478748798 0.11964177697108003
47.0720700037418 0.1608482508826954 0.2642044363526108
47.19428000378059 0.10489408107147635 0.12094909778413987
47.31548000381906 0.1603427947736028 0.26291127728641506
47.43668000385753 0.1053753136688793 0.12218167373183597
47.557880003896 0.15986499297936463 0.26168878763606074
47.67908000393447 0.1058487414245176 0.12339434197329302
47.800280003972944 0.15939504247169278 0.2604864569666576
47.921480004011414 0.10631447250107297 0.12458737693145094
48.042680004049885 0.1589328321458391 0.2593039971320765
48.163880004088355 0.10677261424380546 0.1257610502745976
48.285080004126826 0.1584782516140153 0.25814112135952305
48.406280004165296 0.10722327329104797 0.12691563120420524
48.52748000420377 0.1580311911498502 0.2569975447298978
48.64868000424224 0.10766655563238925 0.12805138713015696
48.77089000428103 0.15757525544437734 0.2558314097577785
48.8920900043195 0.10811745737873647 0.12920655666950331
49.01329000435797 0.15714575329310942 0.25473285509429733
49.13449000439644 0.10854350981308947 0.13029829962935002
49.25569000443491 0.15672335387351366 0.2536525195594219
49.37689000447338 0.10896259083727555 0.13137224445642914
49.49809000451185 0.1563079511408323 0.2525901276261511
49.61929000455032 0.1093748037278902 0.13242864964461143
49.74049000458879 0.15589943884535606 0.2515454024922481
49.86169000462726 0.10978025317823226 0.1334677745537749
49.982890004665734 0.15549770934256435 0.25051806054008363
50.104090004704204 0.11017904658913824 0.13448988287456665
50.225290004742675 0.1551026520472365 0.2495078079552182
50.347500004781466 0.11058589096587423 0.13553246853438283
50.46870000481994 0.1547008902408652 0.24848046606479324
50.58990000485841 0.11096912841894335 0.13651478340417356
50.71110000489688 0.15432136555666653 0.24750996398398284
50.83230000493535 0.1113460913688935 0.13748103572659431
50.95350000497382 0.153948115926705 0.24655551472326787
51.07470000501229 0.111716873916483 0.13843145995106054
51.19590000505076 0.15358104097052405 0.2456168611529197
51.31710000508923 0.11208156890838239 0.13936628987812893
51.4383000051277 0.15322004077577678 0.24469374921320952
51.55950000516617 0.11244026878939528 0.14028575884388328
51.68070000520464 0.1528650153135821 0.243785925857809
51.80190000524311 0.11279306668568147 0.1411901023291029
51.924110005281904 0.1525029242215935 0.24286003431347458
52.045310005320374 0.1131518993184839 0.14210974848284375
52.166510005358845 0.15216182525497157 0.2419878425699462
52.287710005397315 0.11349093151313183 0.14297881180950212
52.408910005435786 0.1518263269168657 0.24112998117141737
52.530110005474256 0.11382441208245186 0.14383364434241708
52.65131000551273 0.15149633787977834 0.24028621432661268
52.7725100055512 0.11415242758845401 0.1446744676903866
52.89371000558967 0.151171769512907 0.23945631265016587
53.01491000562814 0.11447506295695542 0.14550149898416853
53.13611000566661 0.1508525354868796 0.23864005259468524
53.25731000570508 0.11479240155278823 0.14631495118095916
53.37851000574355 0.15053855151130713 0.2378372160677822
53.50072000578234 0.11511602953242683 0.14714436669537312
53.62192000582081 0.15021931599763128 0.23702089881256772
53.74312000585928 0.11542097710342614 0.1479260552171402
53.86432000589775 0.14991759588628728 0.23624941326592097
53.98552000593622 0.11572093633002345 0.14869495026094137
54.106720005974694 0.14962081687487916 0.23549055590804668
54.227920006013164 0.11601598398625491 0.1494512481948096
54.349120006051635 0.14932890173329705 0.23474412908225384
54.470320006090105 0.11630619599726467 0.15019514364476017
54.591520006128576 0.1490417741169865 0.23400993746910403
54.71272000616705 0.11659164773624954 0.1509268297614219
54.83392000620552 0.1487593583520953 0.23328778729807542
54.95512000624399 0.11687241455605157 0.1516464995472755
55.07733000628278 0.14847149125782222 0.2325516199156441
55.19853000632125 0.11715779466187792 0.1523778378154983
55.31973000635972 0.14820009872376905 0.23185764359513472
55.44093000639819 0.1174276225113875 0.15306945611534006
55.56213000643666 0.14793313247185713 0.2311749781589989
55.68333000647513 0.1176930476949688 0.1537497815916944
55.8045300065136 0.14767052085920873 0.23050343982954358
55.92573000655207 0.11795414063482101 0.15441899467263376
56.04693000659054 0.14741219377235726 0.22984284876491623
56.16813000662901 0.11821097036680261 0.15507727225546608
56.289330006667484 0.14715808255904472 0.22919302889470305
56.410530006705955 0.11846360458225358 0.15572478781835652
56.531730006744425 0.14690811996601116 0.22855380761714894
56.653940006783216 0.1187210136149527 0.15638438453996484
56.77514000682169 0.14665421052313932 0.22790441314791687
56.89634000686016 0.11896382236928049 0.15700670372851278
57.01754000689863 0.1464139541932632 0.22728999488411672
57.1387400069371 0.11920268368933429 0.15761889728583833
57.25994000697557 0.14617760026938942 0.22668554388795004
57.38114000701404 0.1194376589348637 0.15822112201910876
57.50234000705251 0.1459450880216704 0.22609090445459
57.62354000709098 0.11966880831670734 0.1588135319586237
57.74474000712945 0.14571635783746717 0.22550592404115832
57.86594000716792 0.11989619088115287 0.159396278444357
57.98714000720639 0.145491351212111 0.22493045316499538
58.10935000724518 0.1201283856632137 0.15999120954349744
58.230550007283654 0.14526228126018614 0.22434452405766248
58.351750007322124 0.12034692356014276 0.1605512747520743
58.472950007360595 0.14504600944861845 0.22379137241690383
58.594150007399065 0.12056191271623629 0.16110223677008317
58.715350007437536 0.1448332450302039 0.22324717890903623
58.836550007476006 0.12077340596371433 0.1616442319913758
58.95775000751448 0.14462393549496344 0.22271180989178463
59.07895000755295 0.1209814554656571 0.16217739426180877
59.20015000759142 0.14441802917959 0.22218513355842795
59.32135000762989 0.12118611270670833 0.16270185556739314
59.44255000766836 0.1442154751206508 0.22166702000503413
59.56375000770683 0.1213874284595947 0.16321774624933338
59.68596000774562 0.14400884175213635 0.22113842810232986
59.80716000778409 0.12159220143205896 0.16374237218795828
59.92836000782256 0.14381416567444072 0.22064044793220772
60.04956000786103 0.12178568138803869 0.16423817288017117
60.1707600078995 0.14362264962370985 0.2201505401592585
60.29196000793797 0.12197601106407298 0.16472589364012746
60.413160007976444 0.1434342463267474 0.2196685843031343
60.534360008014914 0.12216323759685475 0.16520565528471698
60.655560008053385 0.14324890912466448 0.21919446150411304
60.776760008091856 0.12234740740242545 0.16567757676366757
60.897960008130326 0.14306659195348448 0.2187280544090675
61.0191600081688 0.12252856619256913 0.1661417753417993
61.14036000820727 0.14288724935907093 0.21826924729788644
61.26257000824606 0.12271318979152701 0.16661474207405602
61.38377000828453 0.14270502876479563 0.2178030530140873
61.504970008323 0.12288728145283288 0.1670608217816616
61.62617000836147 0.1425326620195082 0.217362077247929
61.74737000839994 0.12305853486578855 0.16749962244324568
61.86857000843841 0.14236309942817493 0.21692826702659485
61.98977000847688 0.12322699262978076 0.1679312535466937
62.11097000851535 0.14219629918598975 0.216501515882761
62.23217000855382 0.1233926967996345 0.1683558232021265
62.35337000859229 0.1420322200351093 0.21608171875099336
62.474570008630764 0.12355568888388958 0.16877343812489176
62.595770008669234 0.14187082125411676 0.21566877192332745
62.717980008708025 0.12372210828816921 0.16919973806825972
62.839180008746496 0.14170652546707396 0.2152484001648136
62.960380008784966 0.12387873005264194 0.16960102344508732
63.08158000882344 0.1415514178341426 0.2148515382096372
63.20278000886191 0.12403279619833973 0.1699957559701426
63.32398000890038 0.14139883680324106 0.2144611344156
63.44518000893885 0.12418434522525457 0.17038403460800655
63.56638000897732 0.14124874458303427 0.2140770924922042
63.68758000901579 0.12433341512834574 0.17076595701852604
63.80878000905426 0.14110110386382813 0.2136993173596058
63.92998000909273 0.12448004339796204 0.17114161955231744
64.0511800091312 0.14095587781805852 0.21332771515473192
64.17238000916967 0.12462426702981522 0.17151111728140878
64.29459000920846 0.140807775033847 0.2129487485596826
64.41579000924693 0.12477091618513204 0.17188674803317872
64.5369900092854 0.14066822051429728 0.21259165008830072
64.65819000932387 0.12490950428393267 0.17224180268987643
64.77939000936234 0.14053094160779434 0.21224036970615145
64.90059000940082 0.1250458267950192 0.1725910495831373
65.02179000943929 0.1403959041432279 0.2118948203082005
65.14299000947776 0.12517991799446337 0.17293457680607194
65.26419000951623 0.14026307438956442 0.21155491590724163
65.3853900095547 0.1253118117027645 0.17327247125099587
65.50659000959317 0.1401324190583172 0.2112205716217619
65.62779000963164 0.12544154128493812 0.17360481861821153
65.74899000967011 0.14000390529875983 0.21089170365541365
65.8712000097089 0.12557368873252384 0.17394328946604976
65.99240000974737 0.1398733924442499 0.21055772573499443
66.11360000978584 0.1256983422001936 0.17426262955465566
66.23480000982431 0.13974989682487693 0.21024169344021626
66.35600000986278 0.12582095699170293 0.1745767444708557
66.47720000990125 0.13962841913841784 0.20993082176385958
66.59840000993972 0.12594156400340895 0.17488571353856397
66.7196000099782 0.13950892893633537 0.20962503300169244
66.84080001001666 0.1260601937141015 0.1751896150009702
66.96200001005514 0.13939139617238616 0.2093242504699555
67.0832000100936 0.12617687619073814 0.17548852603754828
67.20440001013208 0.1392757911986635 0.2090283984887531
67.32661001017087 0.12629594264880184 0.1757934824219265
67.44781001020934 0.13915818023527493 0.20872742386888188
67.56901001024781 0.12640805390504617 0.17608068124607135
67.69021001028628 0.1390470958574248 0.20844313653397561
67.81141001032475 0.12651833100757437 0.17636317969248472
67.93261001036322 0.138937827694126 0.208163494705782
68.05381001040169 0.12662680178121466 0.1766410491630066
68.17501001044016 0.13883034828295215 0.2078884282582405
68.29621001047863 0.1267334936748855 0.17691436009167338
68.4174100105171 0.13872463053174877 0.20761786800379545
68.53861001055557 0.1268384337625046 0.17718318194371863
68.65981001059404 0.13862064770824767 0.20735174566575143
68.78101001063251 0.12694164874823888 0.17744758323188226
68.9032200106713 0.13851467578075327 0.2070805475192561
69.02442001070978 0.12704652819353723 0.17771619576392172
69.14562001074825 0.13841476439092248 0.20682484187021233
69.26682001078672 0.1271457024772863 0.1779702450909526
69.38802001082519 0.13831648731102197 0.20657331697724324
69.50922001086366 0.12724325187749597 0.17822013081977284
69.63042001090213 0.13821981979165987 0.20632590961445763
69.7516200109406 0.12733920109984398 0.17846591632623143
69.87282001097907 0.13812473741744535 0.2060825574016878
69.99402001101754 0.12743357451219972 0.17870766411685057
70.11522001105601 0.1380312161023849 0.2058431987997933
70.23642001109448 0.1275263961464722 0.1789454358357978
70.35863001113327 0.13793574097362693 0.20559885706600278
70.47983001117174 0.1276208773539098 0.1791874121555459
70.60103001121021 0.13784588586454372 0.20536887914680557
70.72223001124868 0.1277100612914579 0.17941586496202921
70.84343001128715 0.13775750112073892 0.20514266299810346
70.96463001132562 0.12779778370529038 0.17964057306174563
71.0858300113641 0.13767056444957515 0.20492015165091138
71.20703001140257 0.1278840668273017 0.17986159345971808
71.32823001144104 0.13758505386169828 0.20470128890515138
71.4494300114795 0.12796893258560538 0.1800789823780069
71.57063001151798 0.13750094766251486 0.2044860193137099
71.69183001155645 0.1280524026069102 0.1802927952654465
71.81303001159492 0.13741822445287977 0.20427428818253768
71.93524001163371 0.12813751066516121 0.18051076233502883
72.05644001167218 0.1373341314900628 0.20405907045328853
72.17764001171065 0.12821770616745898 0.18071618699663228
72.29884001174912 0.13725464875891447 0.2038556312755624
72.42004001178759 0.12829658719824588 0.18091824389142586
72.54124001182606 0.13717646863477806 0.20365552499885808
72.66244001186453 0.12837417376477178 0.18111698430492984
72.783640011903 0.1370995713166614 0.2034587010044775
72.90484001194147 0.12845048559483652 0.1813124588057935
73.02604001197994 0.13702393727002182 0.20326510935545494
73.14724001201841 0.1285255421498902 0.1815047172782691
73.26844001205689 0.13694954723042652 0.20307470080012102
73.39065001209568 0.1286022024935527 0.18170104605215176
73.51185001213415 0.13687379554622792 0.2028808262607651
73.63305001217262 0.1286743117523773 0.18188575469459956
73.75425001221109 0.13680232255398028 0.2026978823251091
73.87545001224956 0.12874523890601808 0.1820674347921991
73.99665001228803 0.1367320211627545 0.20251793628657255
74.1178500123265 0.1288150019552491 0.1822461324821334
74.23905001236497 0.13666287354644768 0.20234094256772472
74.36025001240344 0.12888361865427234 0.18242189326685976
74.48145001244191 0.1365948621200438 0.20216685620153552
74.60265001248038 0.1289511065163692 0.18259476202701075
74.72385001251885 0.13652796953821877 0.2019956328356054
74.84505001255732 0.1290174828123698 0.18276478302308163
74.96726001259611 0.13645973562422997 0.2018209943477789
75.08846001263458 0.12908498974563465 0.18293766626852337
75.20966001267306 0.13639546859207974 0.20165648985219775
75.33086001271153 0.12914876216229199 0.18310101723088001
75.45206001275 0.1363322551925381 0.2014946815380947
75.57326001278847 0.1292114878228281 0.18326168646423113
75.69446001282694 0.13627007937589986 0.20133552835902568
75.81566001286541 0.12927318270812527 0.18341971490369868
75.93686001290388 0.1362089253125126 0.20117898982973115
76.05806001294235 0.1293338625799626 0.18357514292363097
76.17926001298082 0.1361487773851109 0.20102502600729544
76.30046001301929 0.12939354298390027 0.1837280103388239
76.42166001305776 0.136089620189216 0.20087359748817146
76.54387001309655 0.1294543446172085 0.18388371871553844
76.66507001313502 0.13602953270913343 0.20071980421414448
76.78627001317349 0.12951168191037632 0.18403058404834471
76.90747001321196 0.13597269502629672 0.20057431158166938
77.02867001325043 0.12956807810077375 0.18417503823929815
77.1498700132889 0.13591679028678116 0.2004312064034064
77.27107001332737 0.1296235475763401 0.18431711812302298
77.39227001336585 0.1358618042331896 0.2002904522067861
77.51347001340432 0.12967810453197848 0.18445686004283646
77.63467001344279 0.13580772279841902 0.20015201299953267
77.75587001348126 0.1297317629755793 0.1845942998635164
77.87707001351973 0.13575453210135247 0.2000158532687646
77.99928001355852 0.1297865242828392 0.18473453680598606
78.12048001359699 0.1357004109269625 0.19987732669960456
78.24168001363546 0.12983807463665442 0.1848665763823032
78.36288001367393 0.1356493071952053 0.1997465079215388
78.4840800137124 0.1298887790788863 0.18499644847282948
78.60528001375087 0.13559904207511042 0.1996178352645317
78.72648001378934 0.1299386505925243 0.18512418633658267
78.84768001382781 0.1355496027009726 0.19949127580455306
78.96888001386628 0.12998770198699483 0.1852498228052224
79.09008001390475 0.13550097638531333 0.19936679708177918
79.21128001394322 0.13003594588831413 0.18537339024643495
79.3324800139817 0.13545315061813357 0.19924436710104798
79.45368001402016 0.13008339474480723 0.18549492058728134
79.57589001405896 0.13540440283558353 0.19911959075925578
79.69709001409743 0.13013161512228544 0.18561840349985426
79.8182900141359 0.1353584543084444 0.19900196516913216
79.93949001417437 0.1301772027660033 0.18573516598617834
80.06069001421284 0.13531325943050565 0.19888626835689038
80.18189001425131 0.13022204194247644 0.18585001076703023
