0.001020000000000002 0.8850253502478079 2.2076543689194983
0.1080799999999908 0.5250041007251395 1.37743215265419
0.2181700000000774 0.816909801540808 2.0571196703978445
0.3262400000001855 0.5157116792641385 1.3410943727534264
0.43330000000029256 0.7867339328044183 1.965322349205123
0.5423800000001664 0.5007680374899199 1.32007907081092
0.6494399999996792 0.7623347580068127 1.8920176308912962
0.7575099999991873 0.48824741505842284 1.2923759276520452
0.8655799999986955 0.7399478943805446 1.8330454684092334
0.9736499999982037 0.47567929234080014 1.2622098983261831
1.0817199999986191 0.7198994212482105 1.7791637533705273
1.189789999999327 0.4631289333552938 1.2333598442195726
1.297860000000035 0.7014976456299339 1.7293268316370125
1.4049200000007365 0.4514195129425591 1.2059888827390952
1.5129900000014445 0.6848387523881575 1.6846886216620893
1.6210600000021524 0.4396441013904058 1.177823795610855
1.7291300000028604 0.6686076937208957 1.6415575132311955
1.8372000000035684 0.42806250754275277 1.1499594742432895
1.9442600000042698 0.6536414963626229 1.6018249087230707
2.052330000004978 0.4172170291905689 1.123831587521662
2.1604000000056858 0.6389691522047244 1.5631355817050996
2.2684700000063938 0.4061546199953322 1.0969653300929916
2.3765400000071017 0.6248028527102829 1.5258960564501045
2.483600000007803 0.3957421423515298 1.071648342422038
2.591670000008511 0.6117022382871656 1.4914238004134939
2.699740000009219 0.3851951444080923 1.045846889530122
2.807810000009927 0.5985474473984639 1.456967821174071
2.9148700000106285 0.37528225603739174 1.0215919425587638
3.0229400000113364 0.5863288401366162 1.4249067627443157
3.1310100000120444 0.3652694835159115 0.9969953521735464
3.2390800000127524 0.574015765322589 1.3927118178201248
3.346140000013454 0.35585099437977163 0.9738804703109394
3.454210000014162 0.5625705320528619 1.362738817867204
3.5622800000148698 0.3462811635725366 0.9503144325809454
3.669340000015571 0.5513941035779525 1.3335048600418564
3.777410000016279 0.3372882061347451 0.9281706773309084
3.885480000016987 0.5402458142510514 1.3044229205303792
3.993550000017695 0.32808447116448547 0.9054401353822517
4.100610000013928 0.5297447664374516 1.2770054251653784
4.208680000009837 0.3194773771019288 0.8841650439826543
4.3167500000057455 0.5191913298525397 1.2495189539712404
4.423810000001692 0.3109906000197974 0.8631443894265733
4.531879999997601 0.5093014294816084 1.223748484768239
4.63994999999351 0.3023899182280171 0.8418118303848865
4.747009999989457 0.4996317236302791 1.1985916260070395
4.8550799999853655 0.29428042297036283 0.8216567869196334
4.963149999981274 0.4899652538683297 1.173508508580079
5.071219999977183 0.2859730282761732 0.8009714329620277
5.17827999997313 0.48086842576273126 1.1499210011861605
5.286349999969039 0.27822825105786364 0.7816569917681648
5.394419999964947 0.47167931776522076 1.1261446731890556
5.501479999960894 0.270602678489794 0.762618523978642
5.609549999956803 0.4631095743921021 1.103967573544662
5.717619999952712 0.26281191923941516 0.7431465495871037
5.824679999948659 0.4547237449748243 1.0822848433987953
5.932749999944567 0.25553145817066314 0.7249358473082501
6.040819999940476 0.4462308235844302 1.0603633860582162
6.147879999936423 0.24836388050331215 0.7069926529066017
6.255949999932332 0.4383016709371762 1.0398844552024666
6.3640199999282405 0.24103038462716808 0.6886153030508768
6.4710799999241875 0.43053988483986405 1.0198501928747272
6.579149999920096 0.23417845395356604 0.6714346696688689
6.687219999916005 0.422652690618946 0.9995263257218778
6.794279999911952 0.2274343566330237 0.6545117493106489
6.902349999907861 0.41530074187834454 0.9805595750899676
7.0094099999038075 0.22080551800594206 0.6378741005592881
7.117479999899716 0.40809797787356117 0.9619729754497874
7.225549999895625 0.2140901765685396 0.6210193183969537
7.332609999891572 0.40104403549912476 0.9437702785376145
7.440679999887481 0.20778117252768222 0.605188963587433
7.548749999883389 0.39391108324489005 0.9253781452420062
7.655809999879336 0.2015895013024396 0.5896487304027476
7.763879999875245 0.38722419365318617 0.9081303935641549
7.871949999871154 0.19527143708101502 0.5737867911054573
7.979009999867101 0.38067624527077937 0.8912500550944613
8.08707999986301 0.18937756512008597 0.5589865198687982
8.194139999858956 0.37426569179776203 0.8747332684115317
8.302209999854865 0.18359119555754355 0.5444481406215673
8.410279999850774 0.3677900063348791 0.858061715677727
8.51733999984672 0.1779099098847493 0.5301626811375582
8.62540999984263 0.36170794460135003 0.8424110833520793
8.733479999838538 0.1721050450446352 0.5155575473058782
8.840539999834485 0.35575266930051086 0.827096397861804
8.948609999830394 0.16668255320291359 0.5019026766428625
9.05566999982634 0.34992361287261287 0.812114084182125
9.16373999982225 0.161355694863486 0.4884791170964964
9.271809999818158 0.34401842231556934 0.7969473688051898
9.378869999814105 0.15612420825018702 0.4752873409825997
9.486939999810014 0.3384929213880351 0.7827586428994171
9.59399999980596 0.15099134547776571 0.46233760976661653
9.70206999980187 0.3330915366117153 0.7688941593450793
9.810139999797778 0.14577293240624645 0.44916960546244056
9.917199999793725 0.3278139200381648 0.7553505459814813
10.025269999789634 0.14089031084234682 0.43684483435917354
10.132329999785581 0.32265890514786555 0.7421232925128085
10.24039999978149 0.13610706325074462 0.42477030543057737
10.348469999777398 0.31743453963470714 0.7287291317964129
10.455529999773345 0.13142129884843934 0.4129428194208695
10.563599999769254 0.3125512487634444 0.716200312760884
10.670659999765201 0.12683200047046406 0.40136053809104455
10.77872999976111 0.3077781421565511 0.7039538824873626
10.885789999757057 0.12233874585123894 0.3900228028440811
10.993859999752965 0.3031139900224047 0.6919845276944336
11.101929999748874 0.11778238133887209 0.37851919304678905
11.208989999744821 0.29855643198433546 0.6802879489941294
11.31705999974073 0.11350853811270399 0.367739116043464
11.424119999736677 0.29410366662295095 0.668861452958236
11.532189999732585 0.10932517649828366 0.35718715327700545
11.639249999728532 0.28975468555473727 0.657703692721956
11.747319999724441 0.10523152454917273 0.3468569751700068
11.85538999972035 0.2853579103021999 0.6464373407386925
11.962449999716297 0.10125099022930228 0.3367404340999247
12.070519999712205 0.28123749328163516 0.6358749238520978
12.177579999708152 0.09737793422672147 0.32683173380498864
12.285649999704061 0.27721125599451646 0.6255570364752883
12.392709999700008 0.09360287577457516 0.31712490478100763
12.500779999695917 0.27327457386695997 0.6154712231457249
12.608849999691826 0.08978062141707643 0.30722776184961553
12.715909999687772 0.26942390705544694 0.6056084208041268
12.823979999683681 0.08622113516823093 0.2979577056792193
12.931039999679628 0.2656564763644653 0.5959615077808622
13.039109999675537 0.08275352254772961 0.28886679966720896
13.146169999671484 0.26196975607878215 0.5865241868687199
13.254239999667393 0.07938095485736962 0.2799491380713559
13.36129999966334 0.25836146904491664 0.5772910599504466
13.469369999659248 0.07610434865946691 0.271201024034029
13.576429999655195 0.2548295929812163 0.5682567795208149
13.684499999651104 0.07291444870899699 0.2626204443663793
13.792569999647013 0.2512435449672977 0.5590908889134272
13.89962999964296 0.06981008566526947 0.25420616707062527
14.007699999638868 0.24787389731495169 0.5504766154092011
14.114759999634815 0.06679424648425236 0.24595725239685562
14.222829999630724 0.24457456154203938 0.5420437354005214
14.32988999962667 0.06387344797534733 0.2378725456659514
14.43795999962258 0.24134399639685447 0.5337879549040414
14.545019999618527 0.061057530368951674 0.22995072161389185
14.653089999614435 0.2381806302627003 0.5257048589257685
14.760149999610382 0.058347571562078815 0.2221902065972614
14.868219999606291 0.2350827415296527 0.5177894600171928
14.9762899996022 0.05564723815967276 0.21428566607918365
15.083349999598147 0.23204872326904966 0.5100371804318993
15.191419999594055 0.05316870149672737 0.20686926161785912
15.298479999590002 0.22907766074726854 0.5024440023958965
15.406549999585911 0.05079680741713676 0.1996044416593401
15.513609999581858 0.2261680042756884 0.49500625268126264
15.621679999577767 0.04852856576795639 0.19248831659947063
15.728739999573714 0.22331801257109984 0.48772064644564406
15.836809999569622 0.046368780158208 0.18551785399731902
15.94386999956557 0.22052640152442968 0.4805840040061127
16.05193999956148 0.044305082623436465 0.17868995203793592
16.158999999557427 0.21779191198456138 0.4735931310382191
16.267069999553335 0.04234385762451265 0.17200152185090634
16.374129999549282 0.21511336313352203 0.46674502614124647
16.48219999954519 0.04048243315006472 0.16544945266848687
16.5902699995411 0.2123860560316475 0.45978014701225645
16.697329999537047 0.03871471689341055 0.15903065345429512
16.805399999532955 0.20982462239131638 0.453230928035675
16.912459999528902 0.03704419617386556 0.15274200232480162
17.02052999952481 0.20731551183108132 0.44681571803002473
17.127589999520758 0.03546306012444955 0.14658030688811108
17.235659999516667 0.20485769838191073 0.44053202295843974
17.342719999512614 0.033969653831075086 0.14054216918809592
17.450789999508522 0.20245017130510531 0.4343773999127998
17.55784999950447 0.03257183426880772 0.13462418843255275
17.665919999500378 0.20009182171330797 0.42834916773469844
17.772979999496325 0.03126686436971904 0.12882340010950122
17.881049999492234 0.19778140124651636 0.42244409610451283
17.98810999948818 0.030047617008843286 0.1231372308571177
18.09617999948409 0.19551779934194133 0.4166592107805789
18.203239999480036 0.028921573007739898 0.117563338340132
18.311309999475945 0.19329999019197786 0.4109918612204222
18.419379999471854 0.027846165002368584 0.11187555778878755
18.5264399994678 0.19112699678484701 0.40543956437274487
18.63450999946371 0.026909332718666468 0.10653611173742084
18.741569999459657 0.1889978884351915 0.3999999451805847
18.849639999455565 0.026071979852468785 0.10130202654123899
18.956699999451512 0.18691176648784702 0.3946707451199183
19.06476999944742 0.025323784982802747 0.09617135665201948
19.171829999443368 0.18486775170357317 0.3894498009406888
19.279899999439277 0.024677537801775288 0.09114222006941786
19.386959999435224 0.1828649788095481 0.3843349773718918
19.495029999431132 0.024120552109091364 0.08621264697292741
19.60208999942708 0.18090260713663076 0.3793241526317215
19.710159999422988 0.023662727670329953 0.08138051490477194
19.817219999418935 0.1789797956024619 0.37441525058315994
19.925289999414844 0.023291104446136135 0.07664409603401756
20.03234999941079 0.17709578544014415 0.3696063070750655
20.1404199994067 0.02301782789103901 0.07200205323178999
20.247479999402646 0.17524988458668012 0.364895410172994
20.355549999398555 0.022825975419555555 0.06745319149937812
20.463619999394464 0.17336874971809657 0.36009717752790715
20.57067999939041 0.02272526244830575 0.0629963443210313
20.67874999938632 0.17160228638068853 0.3555901121171101
20.785809999382266 0.022702306904726743 0.05863034883752949
20.893879999378175 0.16987178325502195 0.35117533218618213
21.000939999374122 0.022752032362922447 0.05435400761674147
21.10900999937003 0.16817712756027514 0.34685107873191345
21.216069999365978 0.022875479277958966 0.05016604468822683
21.324139999361886 0.16651727874042266 0.34261550182199674
21.431199999357833 0.023075743235193236 0.046065010365681225
21.539269999353742 0.16489124766903773 0.3384665037874157
21.64632999934969 0.02334371973711913 0.04204915625531935
21.754399999345598 0.163298176223167 0.33440178501754625
21.861459999341545 0.0236786519189508 0.038116684905764586
21.969529999337453 0.16173730768616834 0.33041934276144547
22.0765899993334 0.024088849972149995 0.03426596084221689
22.18465999932931 0.1602079377568788 0.32651734976569813
22.291719999325256 0.024571343815680158 0.030495448135225978
22.399789999321165 0.15870939642219617 0.32269406680111024
22.507859999317073 0.02514221270783945 0.026653914341479013
22.61491999931302 0.15724104072418565 0.3189478188094341
22.72298999930893 0.02577065899967257 0.023050970812210636
22.830049999304876 0.15580224455902825 0.31527698183649866
22.938119999300785 0.026465657922452594 0.019523721005032524
23.04517999929673 0.15439242000683095 0.31168000492809433
23.15324999929264 0.027233608062193326 0.01607102354574952
23.260309999288587 0.15301102047635484 0.30815541879359865
23.368379999284496 0.02807482158723773 0.012691861125235793
23.475439999280443 0.1516575329139056 0.3047018582767236
23.58350999927635 0.028988376799429453 0.009385129044836571
23.6905699992723 0.1503314579426155 0.301318011979157
23.798639999268207 0.029975590158377585 0.006149640154873293
23.905699999264154 0.14903230904355635 0.298002612526016
24.013769999260063 0.031039950772643765 0.002984128006444653
24.12082999925601 0.14775961913923163 0.2947544519519174
24.22889999925192 0.032174537912150636 0.0001127898622721446
24.336969999247827 0.14646352283670905 0.29144652551917893
24.444029999243774 0.033364401322597215 0.0031425172487886677
24.552099999239683 0.1452465266295162 0.28833985787433125
24.65915999923563 0.03452849821907633 0.006106418917806167
24.76722999923154 0.14405461079469772 0.285296944150204
24.874289999227486 0.03566734381238623 0.00900582384666393
24.982359999223394 0.1428873621060146 0.2823167518831049
25.08941999921934 0.03678144180078291 0.011842030212838583
25.19748999921525 0.14174436896566023 0.27939825912464133
25.304549999211197 0.03787165103458079 0.014616313999660235
25.412619999207106 0.14062522058970284 0.27654045057214915
25.519679999203053 0.03893863329940639 0.01732993479810485
25.62774999919896 0.1395295061755043 0.27374230007309874
25.73480999919491 0.039982310260893494 0.019984132267314436
25.842879999190817 0.13845681582239733 0.27100277317541055
25.950949999186726 0.04104563215085677 0.022687492760942174
26.058009999182673 0.13740673842196682 0.26832083021065545
26.16607999917858 0.042040463011552065 0.025217184275982962
26.27313999917453 0.13637886076840477 0.2656954264008804
26.381209999170437 0.043013531377427694 0.027691403270535542
26.488269999166384 0.13537276574101087 0.26312550881063546
26.596339999162293 0.043965311879303304 0.030111358746987005
26.70339999915824 0.13438803009958022 0.2606100100602138
26.81146999915415 0.044896281760746226 0.032478258470247656
26.918529999150095 0.1334242191547773 0.25814782759920885
27.026599999146004 0.04580692513771467 0.03479332054568962
27.13365999914195 0.13248087570500833 0.2557377881558742
27.24172999913786 0.04669774299484253 0.03705781418618104
27.348789999133807 0.1315575077086959 0.25337862156838975
27.456859999129716 0.047569258531666936 0.039273073646772794
27.563919999125662 0.1306536235781145 0.25106907139877954
27.67198999912157 0.048422018808949585 0.04144050909984376
27.78005999911748 0.1297361357811968 0.24872451590849387
27.887119999113427 0.049256577467242324 0.043561560508209585
27.995189999109336 0.128872907379455 0.24651857154630585
28.102249999105283 0.050073435859344095 0.045637535523368467
28.21031999910119 0.12802760293345283 0.24435833291343023
28.317379999097138 0.05087305939825492 0.04766964002245189
28.425449999093047 0.12719977548499095 0.24224267534342925
28.532509999088994 0.051655885073792374 0.049659002955160236
28.640579999084903 0.1263889993863614 0.2401705272095933
28.74763999908085 0.05242232597602514 0.051606690640271236
28.85570999907676 0.12559486799903474 0.23814086441108495
28.962769999072705 0.05317277485640182 0.05351371570087027
29.070839999068614 0.12481699173703821 0.23615270528540844
29.178909999064523 0.05393628877884127 0.055453880846489945
29.28596999906047 0.12405499637820427 0.23420510689815544
29.39403999905638 0.05465295852866936 0.05727505177122172
29.501099999052325 0.12330852168860484 0.2322971618843983
29.609169999048234 0.05535480369736612 0.059058563444991385
29.71622999904418 0.12257722030555473 0.23042799655939028
29.82429999904009 0.05604215591877782 0.06080527293969018
29.931359999036037 0.12186075682187347 0.22859676800253137
30.039429999031945 0.056715336018067886 0.06251600991818984
30.146489999027892 0.12115880704313797 0.22680266141307248
30.2545599990238 0.05737465514360496 0.06419157678940746
30.361619999019748 0.12047105741314601 0.22504488685815005
30.469689999015657 0.05802041445207418 0.06583274818503515
30.577759999011565 0.11977224872245584 0.22325897285683238
30.684819999007512 0.058652903522899084 0.06744026086904498
30.79288999900342 0.11911465549133238 0.22157835796766667
30.899949998999368 0.059272400655124846 0.06901480768306545
31.008019998995277 0.11847029679192235 0.21993159338026258
31.115079998991224 0.05987917771272833 0.07055706330593159
31.223149998987132 0.11783889606390496 0.21831795991288372
31.33020999898308 0.06047350002510831 0.07206769002006119
31.438279998978988 0.11722023271852344 0.2167367595389047
31.545339998974935 0.061055626877103975 0.07354733719165951
31.653409998970844 0.11661427813285041 0.21518731282220704
31.761479998966752 0.061648706051178004 0.0750548662077688
31.8685399989627 0.11602048553961897 0.21366895769771022
31.976609998958608 0.0622047153549552 0.07646812655730528
32.08366999898428 0.11543860433413278 0.21218104864633158
32.19173999901858 0.06274935105913726 0.07785247445023513
32.29879999905256 0.11486838940680555 0.21072295588212553
32.406869999086865 0.06328284982935817 0.0792085070367432
32.51392999912085 0.1143096007679485 0.20929406415509666
32.62199999915515 0.06380544382057651 0.08053681090931519
32.72905999918913 0.11376200327335963 0.20789377137908627
32.837129999223436 0.06431736095339646 0.08183796334627624
32.94519999925774 0.11320437166050512 0.2064679715754525
33.05225999929172 0.06481882536985273 0.08311253223536319
33.160329999326024 0.11268077612253345 0.2051290032705655
33.267389999360006 0.06531005784719035 0.08436107661398129
33.37545999939431 0.11216761842895294 0.20381670547539033
33.48251999942829 0.06579127610921165 0.0855841484233788
33.590589999462594 0.11166467918643996 0.20253051761671692
33.697649999496576 0.06626269543380992 0.08678229500974632
33.80571999953088 0.11117173958943016 0.20126988204423046
33.91277999956486 0.06672452998203537 0.0879560630739129
34.020849999599164 0.1106885764844834 0.20003423096653927
34.12891999963347 0.06719534113949999 0.08915264365825237
34.23597999966745 0.11021497259614277 0.19882301121127988
34.34404999970175 0.0676365273197681 0.09027388490335797
34.451109999735735 0.10975072108055539 0.19763569611732645
34.55917999977004 0.06806882934604908 0.09137253721420713
34.66623999980402 0.1092956236948026 0.19647178094147622
34.77430999983832 0.06849244415340505 0.09244910427069764
34.881369999872305 0.10884949000281119 0.19533078010297578
34.98943999990661 0.06890756204831705 0.09350407253894133
35.09649999994059 0.10841213670554228 0.19421222505645597
35.20456999997489 0.06931436696341153 0.09453791152082003
35.312640000009196 0.10796734079630964 0.19307481485087985
35.41970000004318 0.06971303685033381 0.09555107488945502
35.52777000007748 0.10754897732645019 0.19200479523558966
35.634830000111464 0.07010374419988807 0.09654400307831379
35.74290000014577 0.10713881938971836 0.19095575352683358
35.84996000017975 0.07048665625583572 0.097517123636226
35.95803000021405 0.10673670856460327 0.1899272844930855
36.065090000248034 0.07086193547177111 0.0984708515274213
36.17316000028234 0.10634249101650273 0.18891899373792986
36.28123000031664 0.07124490156697472 0.09944409975169988
36.38829000035062 0.10595601726302017 0.1879305003013476
36.496360000384925 0.07160355315727862 0.10035556342689045
36.60342000041891 0.10557714120979622 0.18696143366007112
36.71149000045321 0.07195509541738287 0.1012489686272322
36.81855000048719 0.10520571969387094 0.1860114309860772
36.926620000521496 0.07229967592624698 0.1021246923515351
37.03368000055548 0.10484161121966405 0.1850801327250462
37.14175000058978 0.07263743958975633 0.10298310487913964
37.24881000062376 0.10448467628484204 0.1841671844069248
37.356880000658066 0.07296852524441488 0.10382456101605264
37.46495000069237 0.10412209275944395 0.183239962025028
37.57201000072635 0.07329306656011636 0.10464940084339291
37.680080000760654 0.10378077031246026 0.1823669360911495
37.787140000794636 0.07361126584972 0.1054579519305876
37.89521000082894 0.10344617334330575 0.18151111605169135
38.00227000086292 0.0739233236376845 0.10625053077406577
38.110340000897224 0.10311818064385958 0.180672192253728
38.21740000093121 0.07422920678145195 0.10702744374595508
38.32547000096551 0.10279667436791351 0.1798498638189483
38.43354000099981 0.07454067323273972 0.10781846848282317
38.540600001033795 0.10248153963622808 0.17904383730007467
38.6486700010681 0.07483301121812169 0.10856099709511957
38.75573000110208 0.10217266428125292 0.17825382584890637
38.86380000113638 0.07511957090094512 0.10928886626196954
38.970860001170365 0.10186993856880666 0.17747954870036553
39.07893000120467 0.07540045948305907 0.11000234697747802
39.18599000123865 0.10157325492039526 0.17672073066159477
39.29406000127295 0.07567578174304646 0.11070170386120459
39.402130001307256 0.10127177640241947 0.17594979650881193
39.50919000134124 0.07594564027272077 0.11138719569537825
39.61726000137554 0.10098829323439784 0.1752247409355534
39.724320001409524 0.07621013570348856 0.11205907607065857
39.83239000144383 0.1007104878739088 0.1745142142006162
39.93945000147781 0.07646936693387263 0.11271759419705374
40.04752000151211 0.10043825992112498 0.17381795980327963
40.154580001546094 0.07672343142334093 0.1133629959311322
40.2626500015804 0.1001715091088986 0.17313572145778444
40.3707200016147 0.07698205409465697 0.11401991682193913
40.47778000164868 0.09991013616573441 0.17246724483342968
40.585850001682985 0.07722475972006337 0.11463647090621532
40.69291000171697 0.09965404401196197 0.17181228189834252
40.80098000175127 0.077462632700663 0.11524075523983157
40.90804000178525 0.09940313732901142 0.17117059108400223
41.016110001819555 0.07769576289277502 0.11583299967345972
41.12317000185354 0.09915732236604148 0.1705419339602554
41.23124000188784 0.0779242383000861 0.11641342891504092
41.339310001922144 0.09890781867005162 0.16990398868083068
41.446370001956126 0.07814814517922297 0.11698226244972743
41.55444000199043 0.09867311935104249 0.16930377311690226
41.66150000202441 0.07836756802136913 0.11753971520926942
41.769570002058714 0.09844319491679632 0.168715780568085
41.876630002092696 0.07858258962174292 0.11808599810243514
41.984700002127 0.09821795892672515 0.1681397897638104
42.09176000216098 0.07879329119843004 0.11862131835881362
42.199830002195284 0.0979973263333511 0.16757558300508624
42.30790000222959 0.0790074114887489 0.11916527889821449
42.41496000226357 0.09778121344503578 0.16702294619134195
42.52303000229787 0.07920861049129235 0.11967647627109113
42.630090002331855 0.09756953775562349 0.16648166843568069
42.73816000236616 0.07940576591535731 0.12017741372498669
42.84522000240014 0.09736221797167943 0.16595154160613523
42.95329000243444 0.07959895206174128 0.12066827948230552
43.060350002468425 0.09715917395291807 0.1654323604660668
43.16842000250273 0.07978824193396195 0.12114925859361136
43.27649000253703 0.09695353791992134 0.16490667180331098
43.38355000257101 0.07997370726244735 0.12162053291028263
43.491620002605316 0.0967598121771075 0.1644113324580032
43.5986800026393 0.08015541853337727 0.12208228109988895
43.7067500026736 0.09657008942387513 0.16392624046736026
43.813810002707584 0.08033344501260364 0.12253467879776991
43.92188000274189 0.09638429504165114 0.16345120462227802
44.02995000277619 0.08051469548818802 0.12299522949374975
44.13701000281017 0.09620235546791567 0.16298603669496758
44.245080002844475 0.08068461058320286 0.12342703505269226
44.35214000287846 0.09602419826527653 0.16253055110793113
44.46021000291276 0.08085107873062825 0.1238500939024334
44.56727000294674 0.09584975210321989 0.1620845645136315
44.675340002981045 0.08101416364137981 0.12426456696659205
44.78240000301503 0.09567894674882482 0.1616478963518686
44.89047000304933 0.08117392788268063 0.12467061237194654
44.99854000308363 0.09550571130096874 0.16120511682254923
45.105600003117615 0.0813304328532346 0.12506838560362166
45.21367000315192 0.09534283805297594 0.16078873965672535
45.3207300031859 0.08148373882569104 0.12545803932603183
45.4288000032202 0.09518336737589295 0.16038107067859464
45.535860003254186 0.08163390496124345 0.12583972332409488
45.64393000328849 0.09502723437634553 0.15998194349472472
45.75099000332247 0.08178098930438749 0.12621358454353304
45.859060003356774 0.09487437525623155 0.15959119451479653
45.96713000339108 0.08193022745276757 0.12659287791983997
46.07419000342506 0.09472472732477277 0.15920866297063352
46.18226000345936 0.08207054482374743 0.12694955403093067
46.289320003493344 0.0945782290043291 0.15883419091775597
46.39739000352765 0.08220797880252806 0.12729891010575534
46.50445000356163 0.09443481984830737 0.1584676232722848
46.61252000359593 0.08234258191428667 0.12764107904711386
46.719580003629915 0.09429444056565717 0.15810880787203718
46.82765000366422 0.08247440544842022 0.1279761906067045
46.93572000369852 0.09415254706556475 0.15774620154532792
47.0427800037325 0.08260349935484779 0.1283043711110765
47.150850003766806 0.09401875203941823 0.15740422428414114
47.25791000380079 0.08272991197390578 0.12862574276990557
47.36598000383509 0.09388778803954079 0.15706948941439647
47.47304000386907 0.08285368924240133 0.1289404216379686
47.581110003903376 0.09375960220955692 0.15674186116002575
47.68918000393768 0.08297935194751316 0.12925985423887232
47.79624000397166 0.09363414290415595 0.15642120686448768
47.904310004005964 0.08309734019021398 0.12955982471769545
48.01137000403995 0.09351135916478126 0.15610739575855348
48.11944000407425 0.08321285503330711 0.1298535122854605
48.22650000410823 0.09339120065980455 0.15580029874637802
48.334570004142535 0.08332594033384633 0.13014102792521243
48.44163000417652 0.09327361768328435 0.1554997883630227
48.54970000421082 0.08343663962759273 0.1304224818393207
48.65777000424512 0.0931547023791004 0.15519594093466038
48.764830004279105 0.08354499609171229 0.1306979833606281
48.87290000431341 0.0930427114971929 0.15490972553130478
48.97996000434739 0.08365105251219007 0.13096764086701906
49.08803000438169 0.09293312652706953 0.15462966232637765
49.195090004415675 0.08375485126043347 0.1312315617122195
49.30316000444998 0.09282590109773448 0.15435563249722728
49.41123000448428 0.08386026102689725 0.13149954346508563
49.51829000451826 0.09272098948717533 0.1540875189075197
49.626360004552566 0.08395912050397103 0.13175090991544014
49.73342000458655 0.09261834663185409 0.15382520612482464
49.84149000462085 0.08405586948211019 0.13199691307768102
49.948550004654834 0.09251792812390913 0.15356858041477572
50.05662000468914 0.08415054776511866 0.1322376538819947
50.16368000472312 0.09241969021945795 0.15331752975745738
50.27175000475742 0.08424319466827801 0.1324732320393096
50.379820004791725 0.09232029847190548 0.15306358903249828
50.48688000482571 0.08433384900614105 0.13270374600486967
50.59495000486001 0.09222678562702036 0.15282461408648862
50.70201000489399 0.08442254908375679 0.13292929296131462
50.810080004928295 0.09213530551125504 0.1525908358340211
50.91714000496228 0.08450933268917038 0.13314996878966978
51.02521000499658 0.09204581767547715 0.1523621507328654
51.13227000503056 0.08459423708320968 0.13336586805038353
51.240340005064866 0.09195828231744796 0.15213845690730254
51.34841000509917 0.08468009060353687 0.13358414872990387
51.45547000513315 0.09187266027621777 0.15191965412982844
51.563540005167454 0.08476090590020324 0.133789651871552
51.670600005201436 0.09178891303329284 0.15170564382817053
51.77867000523574 0.08483996918892978 0.13399070150895698
51.88573000526972 0.09170700270369259 0.15149632905742116
51.993800005304024 0.08491731499968558 0.13418738530652785
52.10187000533833 0.0916240986697211 0.15128452549111326
52.20893000537231 0.08499297733736555 0.13437978960632035
52.31700000540661 0.09154616236110258 0.15108536549840457
52.424060005440595 0.08506698968035498 0.13456799942134223
52.5321300054749 0.09146993576000328 0.15089057574505516
52.63919000550888 0.08513938497956941 0.13475209843754055
52.74726000554318 0.09139538404463832 0.15070006715548478
52.854320005577165 0.08521019566417232 0.13493216901727667
52.96239000561147 0.09132247299298024 0.15051375218705365
53.07046000564577 0.08528182194300304 0.13511428683556925
53.17752000567975 0.09125116897830399 0.15033154482447797
53.285590005714056 0.08534919127518481 0.13528560692204206
53.39265000574804 0.09118143896490993 0.15015336056374284
53.50072000578234 0.08541508574285894 0.1354531774547474
53.60778000581632 0.09111325050144115 0.14997911640508566
53.715850005850626 0.0854795351825085 0.13561707422405922
53.82392000588493 0.09104420794345092 0.14980273317620751
53.93098000591891 0.08554256893113743 0.13577737175565208
54.039050005953214 0.0909793503224603 0.14963699949557263
54.1461100059872 0.08560421582888456 0.13593414331417586
54.2541800060215 0.09091592582220276 0.14947492873164103
54.36124000605548 0.08566450422152694 0.13608746091722246
54.469310006089785 0.09085390473578281 0.14931644491185114
54.57637000612377 0.08572346196431291 0.13623739533527024
54.68444000615807 0.0907932578981101 0.1491614734540403
54.79251000619237 0.08578312109370023 0.13638909105935237
54.899570006226355 0.09073395667686779 0.14900994113610233
55.00764000626066 0.08583919332786372 0.13653168765025425
55.11470000629464 0.09067597296498553 0.14886177608721685
55.22277000632894 0.08589402861997131 0.13667113925190932
55.329830006362926 0.09061927917766588 0.14871690777212843
55.43790000639723 0.08594765248034064 0.13680751068494423
55.54597000643153 0.09056185128771199 0.14857020067481352
55.653030006465514 0.08600008996599984 0.13694086562161534
55.76110000649982 0.09050794190693401 0.14843244619718865
55.8681600065338 0.0860513656809232 0.13707126658848434
