0.001020000000000002 0.4775025698646752 1.191399686509742
0.07879000000000215 0.2617529570254966 0.6851542967643898
0.15959000000001883 0.451746216763236 1.1426552522925348
0.2363500000000956 0.2527955465339077 0.6536910510007155
0.3161400000001754 0.43648375670732054 1.1004209641290008
0.39391000000025317 0.24222881397272822 0.6302743614279849
0.47269000000033196 0.42285159271026435 1.0620652205972414
0.551470000000125 0.23206158082771056 0.6068430836360328
0.6302499999997665 0.4094881497941417 1.026582878171023
0.7080199999994126 0.2228931946049304 0.5843508456307434
0.786799999999054 0.3975536434083052 0.9953846873228978
0.8655799999986955 0.21360906117003656 0.5614719029058968
0.944359999998337 0.3858461680943853 0.9647303596885259
1.0221299999982287 0.20505807919874364 0.5404773451715195
1.1009099999987448 0.37541420779711365 0.9373795110304672
1.179689999999261 0.1962999676897689 0.5188827022036602
1.2574599999997704 0.36549673048535214 0.9114515558140468
1.3362400000002865 0.1883439355635277 0.4992195994024118
1.4150200000008026 0.3556434447432325 0.8857711003143143
1.4927900000013121 0.1805943057802587 0.4800122858388933
1.5715700000018282 0.346766779873782 0.8626481689953613
1.6503500000023443 0.17263566551380283 0.46022864237768024
1.7281200000028538 0.3382683495715558 0.8405439740271747
1.80690000000337 0.1654265366970814 0.44229535838916645
1.8846700000038794 0.33012020427139677 0.8193788161439564
1.9634500000043955 0.15841598039521465 0.4248272326741298
2.0422300000049116 0.3219467899758274 0.7981846717077135
2.120000000005421 0.15160395843223085 0.4078314322484955
2.198780000005937 0.31451427353461103 0.7789111961180484
2.2765500000064467 0.14498888271613186 0.3913103512042104
2.355330000006963 0.30735524746984877 0.7603601032444063
2.434110000007479 0.1382420368537327 0.37444222291221907
2.5118800000079884 0.30045558383595916 0.7424929971240668
2.5906600000085045 0.13208033797820073 0.3590294428006069
2.668430000009014 0.2938024180510538 0.7252755137105327
2.74721000000953 0.12609495740632282 0.34404405813402983
2.825990000010046 0.2870563240105082 0.7078384627690726
2.9037600000105557 0.12028188502533921 0.32947770278362043
2.982540000011072 0.2809181607405459 0.6919723655601895
3.0603100000115813 0.1146370214581659 0.31532208108611126
3.1390900000120974 0.27498643125197864 0.6766478251036823
3.216860000012607 0.10915641999150338 0.3015693139661213
3.295640000013123 0.26925180650080527 0.6618387002720882
3.374420000013639 0.10353573142948092 0.28744720514221056
3.4521900000141486 0.2637029693084332 0.6475154192044807
3.5309700000146647 0.09841514920355465 0.27458398371145165
3.608740000015174 0.2583306507596109 0.6336521080283819
3.6875200000156902 0.09344109256561484 0.2620845790331172
3.7652900000161997 0.2531269409828161 0.620227405552265
3.844070000016716 0.08860927228247895 0.249939012611744
3.9218400000172253 0.2480837720505796 0.6072195426102711
4.0006200000177135 0.08391545783049104 0.23813700930462867
4.079400000014731 0.24292721583749366 0.5939446364377488
4.157170000011787 0.0793558328345465 0.22666953305723325
4.235950000008804 0.23821822334048093 0.5818025697735596
4.31372000000586 0.07492688641516487 0.2155280260123793
4.392500000002878 0.23364937724782842 0.5700237571254263
4.470269999999934 0.07062514455779201 0.20470400895957752
4.549049999996951 0.22921571259212314 0.5585954283884975
4.626819999994007 0.06644699281142397 0.19418879760255692
4.7055999999910245 0.2249135499132201 0.5475086585285616
4.78336999998808 0.06238852544299523 0.1839725406278303
4.862149999985098 0.22073944554999303 0.536755413592771
4.939919999982154 0.058446133900136754 0.17404567434562424
5.018699999979171 0.21668979393233734 0.5263258701879936
5.097479999976189 0.05440690106414526 0.16385702049452888
5.175249999973245 0.2127612703242917 0.5162107702837537
5.254029999970262 0.050707479650424214 0.15453635275859412
5.331799999967318 0.20894990095114674 0.5064017943299581
5.410579999964336 0.047112778605135186 0.14547613917296198
5.488349999961391 0.20525233208167085 0.49689030509827425
5.567129999958409 0.04361994710899175 0.13666915662496892
5.644899999955465 0.20166459872537687 0.4876655004447006
5.723679999952482 0.040225990267797274 0.12810831268592615
5.801449999949538 0.19818312733211138 0.4787174579557574
5.880229999946556 0.03692806960792827 0.11978692638908717
5.9579999999436115 0.19480453077570925 0.47003704000713187
6.036779999940629 0.03372362843680088 0.11169887660470446
6.114549999937685 0.19152543015899404 0.4616150779444661
6.1933299999347025 0.030610090900150988 0.10383807400594636
6.27210999993172 0.18816454201609922 0.4529952123090042
6.349879999928776 0.02762942840303717 0.0961983200683525
6.428659999925793 0.18508747491884636 0.4450945158440356
6.506429999922849 0.024868563744241845 0.08877329856097349
6.585209999919867 0.1820981585490855 0.43741996208621625
6.662979999916923 0.022259348923003408 0.08155654023994652
6.74175999991394 0.17919345219460403 0.4299631265017534
6.819529999910996 0.01983343969570317 0.07454164910213334
6.8983099999080135 0.17637026028318625 0.422715757850034
6.976079999905069 0.017612483018121683 0.06772225458948622
7.054859999902087 0.17362557729382677 0.41566985866396955
7.132629999899143 0.015583645734029594 0.06109190093782635
7.21140999989616 0.17095774495841387 0.4088188210592647
7.289179999893216 0.013761102459853737 0.05464401858771284
7.367959999890234 0.16836390135553791 0.4021578416419036
7.4457299998872895 0.012161904849165572 0.04837234719990979
7.524509999884307 0.16584200317829112 0.39568217607364176
7.602279999881363 0.010785607350574877 0.042271107911195926
7.68105999987838 0.16338998217652367 0.38938669593533426
7.758829999875436 0.009665498084997726 0.03633492496529778
7.837609999872454 0.1610058151010474 0.3832662468892023
7.916389999869471 0.008791463491516383 0.030228250082198205
7.994159999866527 0.15868767554593777 0.377316208847156
8.072939999863545 0.008287116502852854 0.02463182412844045
8.1507099998606 0.15643382293766428 0.371532242306305
8.229489999857618 0.008097303068938744 0.019184810859418366
8.307259999854674 0.15424254850981944 0.3659100829354722
8.386039999851691 0.008250752024723584 0.013882881894133892
8.463809999848747 0.15211207021174955 0.36044515747415407
8.542589999845765 0.008801494484930283 0.008722049573761659
8.62035999984282 0.15004047663690956 0.3551323724256483
8.699139999839838 0.009844486169388489 0.0036985164428959827
8.776909999836894 0.14802621968096008 0.3499676787672601
8.855689999833912 0.011506069976677136 0.0011914469181473208
8.933459999830967 0.1460679484095746 0.34494770133963737
9.012239999827985 0.013372467277857345 0.005951380642521542
9.09000999982504 0.14416421298613646 0.3400687920268042
9.168789999822058 0.015188586461132636 0.010584606971852928
9.246559999819114 0.14231347679410566 0.335326971408878
9.325339999816132 0.016956286918620833 0.015094179393626561
9.403109999813188 0.14051430358011907 0.3307183732361163
9.481889999810205 0.018677838445561035 0.019482789338742812
9.559659999807261 0.13876533223557863 0.3262392105982226
9.638439999804278 0.020352459360157726 0.02375286273995636
9.717219999801296 0.1369748755574317 0.32165351724378066
9.794989999798352 0.021981121450518337 0.027906639145514056
9.87376999979537 0.13533025156303402 0.3174409576329307
9.951539999792425 0.02356467345372304 0.031946097540547225
10.030319999789443 0.13373218816212573 0.31334811826129183
10.108089999786499 0.025104004879231145 0.03587333350156818
10.186869999783516 0.13217957242837763 0.3093720114799692
10.264639999780572 0.02660006505726331 0.039690601026953765
10.34341999977759 0.1306712602058291 0.3055095771945515
10.421189999774645 0.028053840507952125 0.04340025581213158
10.499969999771663 0.129206070101202 0.30175765536383237
10.577739999768719 0.029466344342681028 0.04700472806319356
10.656519999765736 0.12778278155769962 0.2981129652407377
10.734289999762792 0.030839087677511975 0.05050651154188124
10.81306999975981 0.12640020827321463 0.29457235143729443
10.890839999756865 0.032173818782165964 0.0539082423483328
10.969619999753883 0.12505719094510737 0.29113280029817723
11.047389999750939 0.03347050778480698 0.05721286435107498
11.126169999747956 0.12375258905713325 0.2877914327012565
11.203939999745012 0.03473034780014972 0.06042348010115717
11.28271999974203 0.12248528046991448 0.28454547515307516
11.360489999739086 0.035954481295471075 0.06354308154431498
11.439269999736103 0.12125415938321227 0.2813921889296189
11.51804999973312 0.03721074197862906 0.06674551306767862
11.595819999730177 0.12005813444830704 0.278328858577237
11.674599999727194 0.038362211274005076 0.06968006716153718
11.75236999972425 0.11889610570580023 0.275352735640344
11.831149999721267 0.03948141698907226 0.07253248074965413
11.908919999718323 0.11776699380181754 0.27246110403343904
11.98769999971534 0.040569485172266995 0.07530567179482306
12.065469999712397 0.11666975110450105 0.269651323882647
12.144249999709414 0.0416274817518677 0.07800242445124006
12.22201999970647 0.11560336450730346 0.26692086070291277
12.300799999703488 0.04265635950753377 0.08062523045779812
12.378569999700543 0.11456687384550346 0.26426728901169927
12.457349999697561 0.04365700167841435 0.08317637265656819
12.535119999694617 0.11355937159296701 0.2616882910422613
12.613899999691634 0.04463023866719307 0.08565797405037934
12.69166999968869 0.11257999570160017 0.2591816505619349
12.770449999685708 0.04557685791188393 0.08807203244113326
12.848219999682764 0.11162792267137378 0.2567452425820016
12.926999999679781 0.046497910399503795 0.09042044461891052
13.004769999676837 0.11070236183385107 0.25437702008844765
13.083549999673854 0.04739445005105636 0.09270502359902677
13.16131999967091 0.10980254999040628 0.25207500074071465
13.240099999667928 0.04826651467420506 0.09492750742964295
13.317869999664984 0.10892817489552198 0.24983724978635546
13.396649999662001 0.04911477652941576 0.09708956055801687
13.475429999659019 0.10802964752130828 0.247539094795457
13.553199999656075 0.04993988692883422 0.09919278834840117
13.631979999653092 0.10720630736477177 0.24543208303426933
13.709749999650148 0.05074247674896093 0.10123874956652346
13.788529999647166 0.10640570652328017 0.24338340481808718
13.866299999644221 0.05152315762486436 0.10322896628797151
13.945079999641239 0.10562720196315811 0.2413913806140422
14.022849999638295 0.052282522600374914 0.10516492529483168
14.101629999635312 0.10487017312500069 0.23945439831267734
14.179399999632368 0.05302114730409314 0.10704807589879684
14.258179999629386 0.10413402036179409 0.237570905119322
14.335949999626441 0.05373959070061995 0.10887982904291826
14.414729999623459 0.10341816367518131 0.23573940235948054
14.492499999620515 0.05443839549734342 0.11066155727477156
14.571279999617532 0.10272204174215503 0.23395844195538418
14.649049999614588 0.05511808843954558 0.11239459466192425
14.727829999611606 0.10204511123898241 0.23222662414077444
14.805599999608662 0.05577918045645814 0.11408023658117106
14.88437999960568 0.10138684646263064 0.23054259674256672
14.962149999602735 0.0564221663543013 0.11571973872278596
15.040929999599753 0.10074673919781718 0.22890505428332375
15.118699999596808 0.0570475231827835 0.11731431375181511
15.197479999593826 0.1001242993122391 0.22731273805476349
15.275249999590882 0.05765571629612665 0.11886514544208193
15.3540299995879 0.09951905184574285 0.22576442831104826
15.431799999584955 0.05824719838140014 0.12037338365674666
15.510579999581973 0.09893053377922978 0.2242589330668232
15.58935999957899 0.058854323053458175 0.12192185204155104
15.667129999576046 0.09835829005996699 0.2227950739831952
15.745909999573064 0.05941153165379964 0.12334268861230457
15.82367999957012 0.09780188517526023 0.2213717250452385
15.902459999567137 0.05995340690187866 0.12472441823399016
15.980229999564193 0.09726090249376096 0.21998781544289026
16.059009999561212 0.060480346817118336 0.12606805540088528
16.136779999558268 0.09673493474558359 0.21864230383321637
16.215559999555285 0.060992740392442964 0.12737459456638733
16.29332999955234 0.09622358421066923 0.21733417550352518
16.37210999954936 0.061490968754926434 0.12864501149647545
16.449879999546415 0.09572646267163931 0.21606244163043797
16.528659999543432 0.061975405118973155 0.12988026306185452
16.606429999540488 0.09524319126078473 0.2148261388995043
16.685209999537506 0.06244641468606559 0.1310812867884703
16.76297999953456 0.09477340042860649 0.21362432923431873
16.84175999953158 0.0629043546345176 0.13224900067924095
16.919529999528635 0.09431673003956331 0.2124560998463365
16.998309999525652 0.06334957418910614 0.13338430341728325
17.076079999522708 0.09387282972951017 0.21132056437167535
17.154859999519726 0.06378241468591328 0.13448807404554675
17.23262999951678 0.09344136052444951 0.21021686819331364
17.3114099995138 0.06420326799273268 0.1355611730420203
17.389179999510855 0.09302199273061729 0.20914417984436717
17.467959999507872 0.06461270272305197 0.1366044407341449
17.54673999950489 0.09259211868026263 0.2080451407340589
17.624509999501946 0.06501072332254787 0.13761868976747138
17.703289999498963 0.09219753922824014 0.20703596081660391
17.78105999949602 0.0653976369951903 0.13860470598525687
17.859839999493037 0.09181403929035026 0.20605518867924388
17.937609999490093 0.06577374360235633 0.13956325285041649
18.01638999948711 0.09144131796751143 0.20510205322271657
18.094159999484166 0.06613933565661234 0.14049507346832746
18.172939999481184 0.09107908133655407 0.20417580011562464
18.25070999947824 0.06649469838173805 0.14140089147278712
18.329489999475257 0.09072704245611696 0.203275692090632
18.407259999472313 0.06684010986877498 0.14228141156933383
18.48603999946933 0.09038492128300535 0.202401008799602
18.563809999466386 0.06717584128240228 0.1431373205577957
18.642589999463404 0.09005244449679684 0.20155104648410527
18.72035999946046 0.06750215701104512 0.1439692873424825
18.799139999457477 0.08972934517593445 0.20072511716574537
18.876909999454533 0.06781931468334501 0.14477796207320592
18.95568999945155 0.08941536197287903 0.19992254579664914
19.033459999448606 0.06812756561353805 0.14556397822688139
19.112239999445624 0.08911023995469114 0.19914267301524013
19.19000999944268 0.06842715492051876 0.1463279536268347
19.268789999439697 0.08881373180496688 0.19838485998756594
19.347569999436715 0.06873454416449354 0.1471118470739552
19.42533999943377 0.0885255971745954 0.19764848719875383
19.504119999430788 0.06901638876157923 0.1478306462131207
19.581889999427844 0.0882456023773065 0.19693295316514092
19.66066999942486 0.06929031955488762 0.14852929777039448
19.738439999421917 0.0879735201510432 0.19623767337906273
19.817219999418935 0.06955655494257262 0.14920835517385767
19.89498999941599 0.08770912944529641 0.19556207963475902
19.97376999941301 0.06981530754395726 0.14986835748139749
20.051539999410064 0.08745221523598923 0.19490561946641227
20.13031999940708 0.07006678433702285 0.15050982965899573
20.208089999404137 0.08720256835899765 0.19426775567322752
20.286869999401155 0.07031118679423887 0.15113328289823036
20.36463999939821 0.08695998534848703 0.19364796589373956
20.44341999939523 0.07054871101860338 0.15173921494313625
20.521189999392284 0.0867242682868179 0.19304574221847837
20.5999699993893 0.0707795478721901 0.1523281103963603
20.677739999386358 0.08649522465547288 0.19246059080428868
20.756519999383375 0.07100388311179395 0.15290044105374934
20.83428999938043 0.08627266719405013 0.1918920315103989
20.91306999937745 0.07122189751731267 0.15345666622710308
20.990839999374504 0.08605641375424489 0.19133959751133078
21.069619999371522 0.07143376702341664 0.153997233068226
21.147389999368578 0.0858462871519392 0.19080283488780436
21.226169999365595 0.07163966285015289 0.15452257689703153
21.304949999362613 0.08563109591729479 0.19025332473341372
21.38271999935967 0.07183975163708933 0.15503312151521342
21.461499999356686 0.08543349597215777 0.1897485919464037
21.539269999353742 0.07203419558971347 0.15552927953434992
21.61804999935076 0.08524148419493549 0.1892581514249425
21.695819999347815 0.07222315273368785 0.1560114529336465
21.774599999344833 0.08505490325691323 0.1887816006881371
21.85236999934189 0.0724067769545792 0.1564800331507743
21.931149999338906 0.08487373142266141 0.18831854704816076
22.008919999335962 0.07258521763514558 0.15693540054896316
22.08769999933298 0.08469768567330238 0.18786860904943525
22.165469999330035 0.07275861980488785 0.15737792389471927
22.244249999327053 0.08452662095121932 0.18743141624790738
22.32201999932411 0.07292712438292015 0.15780796137927489
22.400799999321126 0.0843603970897201 0.18700660883165243
22.478569999318182 0.07309086837104828 0.15822586130563865
22.5573499993152 0.08419887790320846 0.18659383727807066
22.635119999312256 0.07324998497193158 0.15863196238994348
22.713899999309273 0.0840419310570455 0.18619276205162905
22.79166999930633 0.0734046036946806 0.15902659404418706
22.870449999303347 0.08388942794415266 0.1858030532902677
22.948219999300402 0.07355485045909704 0.15941007663951012
23.02699999929742 0.08374124357224089 0.18542439049384907
23.105779999294437 0.07370880937581359 0.15980301131923724
23.183549999291493 0.0835972564576053 0.18505646223723193
23.26232999928851 0.07385011018360044 0.16016367701391365
23.340099999285567 0.08345734851989683 0.18469896588677592
23.418879999282584 0.07398742189214702 0.1605141683828304
23.49664999927964 0.08332140498367824 0.18435160733563105
23.575429999276658 0.07412085606131302 0.16085476946868793
23.653199999273713 0.08318931428446341 0.18401410075840063
23.73197999927073 0.07425052117266329 0.1611857565159136
23.809749999267787 0.08306096797514828 0.18368616836019758
23.888529999264804 0.07437652271222883 0.16150739817548665
23.96629999926186 0.08293626063975923 0.18336754014859347
24.045079999258878 0.07449896325176719 0.1618199557074984
24.122849999255934 0.08281508980494312 0.18305795370495703
24.20162999925295 0.07461794252957632 0.1621236831847006
24.279399999250007 0.0826973558603139 0.1827571539701589
24.358179999247024 0.074733557527207 0.16241882767763505
24.43594999924408 0.08258296197890336 0.18246489303915814
24.514729999241098 0.07484590254361367 0.16270562944838973
24.592499999238154 0.08247181403533321 0.18218092995161417
24.67127999923517 0.07495506926927153 0.16298432213239789
24.749049999232227 0.08236382053609159 0.18190503050150575
24.827829999229245 0.07506114685511056 0.16325513290906812
24.906609999226262 0.08225312609193935 0.18162230237513954
24.984379999223318 0.07516422198481876 0.16351828268726942
25.063159999220336 0.08215158579679904 0.18136289532065808
25.14092999921739 0.07526437893913973 0.16377398626684636
25.21970999921441 0.08205292195464198 0.1811108405901818
25.297479999211465 0.07536169966367068 0.1640224525072953
25.376259999208482 0.08195705359588701 0.18086593097322856
25.454029999205538 0.0754562638312547 0.16426388448836926
25.532809999202556 0.08186390200850524 0.18062796505537992
25.61057999919961 0.07554814890348749 0.16449847966562015
25.68935999919663 0.08177339067573342 0.18039674705411235
25.767129999193685 0.07563743019402092 0.16472643003057064
25.845909999190702 0.08168544521722321 0.1801720866661638
25.92367999918776 0.075724180923462 0.16494792224804877
26.002459999184776 0.08159999332666468 0.1799537989036315
26.08022999918183 0.07580847228117371 0.1651631378152385
26.15900999917885 0.08151696471660785 0.1797417039563709
26.236779999175905 0.07589037347731264 0.16537225319041005
26.315559999172923 0.08143629105969008 0.1795356270407611
26.39332999916998 0.0759699518005853 0.16557543994342172
26.472109999166996 0.08135790593774872 0.1793353982643353
26.54987999916405 0.07604727267076605 0.16577286488216325
26.62865999916107 0.08128174478590244 0.1791408524851712
26.707439999158087 0.07612655798471502 0.16597527875998885
26.785209999155143 0.08120774483853399 0.17895182916884966
26.86398999915216 0.07619925932048277 0.16616091270544864
26.941759999149216 0.08113584507882021 0.1787681722605794
27.020539999146234 0.07626990212357876 0.16634129213942694
27.09830999914329 0.08106598619230243 0.17858973006559253
27.177089999140307 0.07633854431814213 0.16651656477695287
27.254859999137363 0.08099811052486816 0.17841635513835552
27.33363999913438 0.07640524221547706 0.16668687422087825
27.411409999131436 0.0809321620353971 0.17824790416284264
27.490189999128454 0.07647005056224021 0.1668523600826033
27.56795999912551 0.08086808625184094 0.17808423784100302
27.646739999122527 0.07653302258164152 0.16701315808982375
27.724509999119583 0.08080583022318111 0.17792522076894857
27.8032899991166 0.07659421001830202 0.1671694002064572
27.881059999113656 0.08074534247892995 0.17777072133013938
27.959839999110674 0.07665366317998401 0.16732121472322614
28.03760999910773 0.08068657297767323 0.17762061156827436
28.116389999104747 0.07671143097472943 0.16746872635966525
28.194159999101803 0.08062947305596047 0.1774747670571286
28.27293999909882 0.07676756096371662 0.1676120564310879
28.350709999095876 0.08057399542376031 0.17733306688580974
28.429489999092894 0.07682209938407158 0.16775132290210992
28.50826999908991 0.08051709002319829 0.17718775062054437
28.586039999086967 0.07687509117621416 0.1678866404544177
28.664819999083985 0.0804649316376781 0.17705452858622905
28.74258999908104 0.07692658001846264 0.1680181205653719
28.82136999907806 0.08041425195521568 0.17692508394749895
28.899139999075114 0.07697660836229758 0.1681458715934614
28.97791999907213 0.08036500919148826 0.17679930992819948
29.055689999069187 0.07702521746740898 0.168269998857129
29.134469999066205 0.08031716274106804 0.1766771027691183
29.21223999906326 0.07707244743321329 0.16839060471802725
29.29101999906028 0.08027067314187053 0.17655836163900096
29.368789999057334 0.0771183372317008 0.16850778866424054
29.447569999054352 0.08022550204420376 0.17644298854694318
29.525339999051408 0.07716292473917108 0.1686216473859803
29.604119999048425 0.08018161217954023 0.17633088827080368
29.68188999904548 0.07720624676579424 0.16873227485519893
29.7606699990425 0.0801389673279792 0.17622196826813097
29.838439999039554 0.07724833908748563 0.16883976240573695
29.917219999036572 0.08009753229044048 0.17611613860675224
29.994989999033628 0.07728923647212527 0.16894419879796008
30.073769999030645 0.08005727286139963 0.17601331189333047
30.1515399990277 0.0773289727084282 0.16904567029433215
30.23031999902472 0.08001815579721161 0.17591340319429438
30.309099999021736 0.07736974811258479 0.16914977861584024
30.386869999018792 0.07998014879240845 0.17581632997337726
30.46564999901581 0.07740710791035121 0.16924518243641717
30.543419999012865 0.07994322045153068 0.17572201201979665
30.622199999009883 0.0774434092164249 0.169337883439713
30.69996999900694 0.07990734026451185 0.1756303713873364
30.778749999003956 0.077478681904248 0.16942795789602894
30.856519999001012 0.07987247858114033 0.17554133232610125
