0.001020000000000002 1.510145730394386 3.7665246806958708
0.14141000000000065 0.837635953974958 2.2917630408811562
0.28382000000014307 1.3346746326150354 3.326159334383727
0.42219000000028145 0.8289927582240221 2.2604420917744505
0.5615700000000791 1.2697535331856047 3.135963186650592
0.7019599999994401 0.8047455550734893 2.221819985657836
0.8403299999988104 1.227020074116061 3.003463853324595
0.9817299999981669 0.7808976116348645 2.175612606914157
1.1200999999988706 1.192461790930527 2.903349557716195
1.2604899999997903 0.7603063722771392 2.1254266690111656
1.3988600000006968 1.1618296309565768 2.8211085734111907
1.5392500000016165 0.7406573454258929 2.0755803380845705
1.6786300000025296 1.1335501388238445 2.745302198452926
1.8180100000034427 0.7214341835581298 2.0279159116841416
1.9573900000043558 1.107566634822265 2.6750452482005582
2.096770000005269 0.7028922946174847 1.9825924520861293
2.236150000006182 1.0828589162848612 2.6082778194879253
2.375530000007095 0.6851780252966088 1.9393258516760992
2.5149100000080082 1.0592363759721244 2.544706559453247
2.6542900000089213 0.6682446202265468 1.8978909843306857
2.792660000009828 1.0370792246213125 2.4853969268342047
2.9330500000107476 0.6520828277790448 1.8583407780535688
3.071420000011654 1.0156222275438942 2.427928232548493
3.210800000012567 0.6371933953846796 1.821850951377646
3.3501800000134803 0.9950943413955128 2.3729352586623453
3.4895600000143934 0.6224438069092065 1.785795157189518
3.6289400000153065 0.9753799674092831 2.32015993593927
3.7683200000162196 0.608053620459447 1.7505874431164137
3.906690000017126 0.9567773424966067 2.2705481254701843
4.046070000015993 0.5943884927333745 1.7170680018768314
4.185450000010716 0.9385464085662688 2.2218864497126067
4.32483000000544 0.5806336650884638 1.6833506117745256
4.464210000000163 0.9208735086053542 2.174811179557079
4.603589999994886 0.5671529045606059 1.6502267699771478
4.741959999989648 0.9041669129752423 2.1304859465218318
4.881339999984371 0.5545166385331349 1.619074925403985
5.020719999979095 0.8875979968801245 2.0865417820583487
5.160099999973818 0.5416932489738234 1.5873781995281777
5.29846999996858 0.8718971337673558 2.0450557916644074
5.437849999963303 0.5296396532281672 1.5574761992591335
5.577229999958027 0.8562891903425385 2.0038605810824173
5.715599999952788 0.5177859263443984 1.5279823837805462
5.854979999947512 0.8414989907963922 1.964915332083872
5.994359999942235 0.5059078006802451 1.4983462236558331
6.133739999936958 0.8267346515661778 1.926114991180372
6.27210999993172 0.4946273243356321 1.470107931504816
6.411489999926443 0.8128155647480894 1.8895821351757713
6.550869999921167 0.4832552402311978 1.441575523738614
6.689239999915928 0.7992474542006177 1.853995398752517
6.828619999910652 0.47250020820017324 1.4145594139681195
6.967999999905375 0.7857202720039121 1.8185825968218605
7.106369999900137 0.4619230173351186 1.3879515994802638
7.24574999989486 0.7729012861392546 1.784976892021628
7.385129999889584 0.4512692152036646 1.361073328094775
7.523499999884345 0.7603626860626999 1.752128506090589
7.662879999879069 0.44119086417817693 1.335617340282913
7.802259999873792 0.7478007884909585 1.7193108705558346
7.940629999868554 0.4312925326035215 1.3105770310813059
8.080009999863277 0.7358803287441821 1.6881229475142812
8.219389999858 0.4212568634217523 1.2851514897901706
8.357759999852762 0.7242075767935484 1.657606911696774
8.497139999847485 0.411776336626706 1.261098346648204
8.635509999842247 0.7127894860840649 1.6277892496232793
8.77488999983697 0.402487431412473 1.2374907091603937
8.914269999831694 0.701366039866034 1.5980362928704195
9.052639999826456 0.3934011398896633 1.2143611996373926
9.192019999821179 0.6905299956858463 1.5697916905804132
9.33038999981594 0.38452526957378275 1.1917395797435448
9.469769999810664 0.6799450585997662 1.5422282623342332
9.609149999805387 0.3756191851858969 1.1690371566498658
9.747519999800149 0.6696032177660586 1.515315782385418
9.886899999794872 0.36722055032048107 1.147606231195597
10.025269999789634 0.6594974679362635 1.4890386248102683
10.164649999784357 0.3590401689767547 1.1267199204435085
10.303019999779119 0.6496145406947444 1.463361773748495
10.442399999773842 0.3510475197576387 1.1063180742960754
10.581779999768566 0.6397088685323796 1.4376344239673489
10.720149999763327 0.3432166722280262 1.0863391989923143
10.85952999975805 0.6302492868830587 1.4130813903909023
10.997899999752812 0.33552902128998663 1.0667276486627908
11.137279999747536 0.620962641603872 1.388996300644052
11.275649999742297 0.327969649898157 1.0474383738485749
11.41502999973702 0.6118460195558522 1.365371049425157
11.554409999731744 0.32028338699551173 1.027842393301559
11.692779999726506 0.602896465472111 1.3421964248215734
11.83215999972123 0.31298687592309216 1.0092002850664916
11.97052999971599 0.5941115225821678 1.3194607476001763
12.109909999710714 0.3058000879801942 0.9908229147987724
12.248279999705476 0.5854889669907342 1.2971526401723943
12.3876599997002 0.2987182010328544 0.972701144150101
12.526029999694961 0.5770255307849113 1.2752590841934253
12.665409999689684 0.29174294634854214 0.9548429634068878
12.803779999684446 0.5687206802177032 1.253776351717173
12.94315999967917 0.28487789118875917 0.9372624038864075
13.081529999673931 0.5605770614341519 1.2327112279715613
13.220909999668654 0.2781267558061459 0.9199736405568038
13.359279999663416 0.5525911873814267 1.2120540033899507
13.49865999965814 0.2714926942549739 0.9029862094812713
13.637029999652901 0.5447577738388476 1.1917901796618224
13.776409999647624 0.2649792567116144 0.8863100178732708
13.914779999642386 0.5370715736070072 1.1719047648529823
14.05415999963711 0.25858626129215034 0.869947387995107
14.192529999631871 0.5295262798326741 1.1523794103330487
14.331909999626594 0.25231122346271595 0.8538940389052674
14.470279999621356 0.522114239181116 1.1331946445619634
14.60965999961608 0.24615201520500296 0.8381452977546777
14.748029999610841 0.5148315988081226 1.1143425145525243
14.887409999605564 0.24010773017237996 0.8227012204297224
15.025779999600326 0.5076783634313254 1.0958240929672791
15.16515999959505 0.2341704015607866 0.8075389657806076
15.303529999589811 0.5006516959510757 1.077637744248583
15.441899999584573 0.22854450115837852 0.7931379742122879
15.581279999579296 0.49374712356642136 1.0597812430918174
15.719649999574058 0.22287635986688414 0.7785045430174331
15.859029999568781 0.48696075208595313 1.042248926944711
15.997399999563543 0.21733570132270616 0.764098940336011
16.136779999558268 0.4802891822896944 1.0250292071313227
16.27514999955303 0.21191691092945497 0.7499122918604328
16.414529999547753 0.4737300471753258 1.0081097938792416
16.552899999542515 0.2066178294049664 0.7359376139917551
16.691269999537276 0.46745707904215417 0.9919405599762343
16.830649999532 0.2014350631681305 0.7221699545341909
16.96901999952676 0.461131883485578 0.975627590008743
17.108399999521485 0.19637506521537973 0.708607576866882
17.246769999516246 0.45491113323475263 0.959584635767885
17.38614999951097 0.19142943289226033 0.6952502114073833
17.52451999950573 0.44879353662117805 0.9438074709291033
17.663899999500455 0.18658955911463626 0.6820997704270915
17.802269999495216 0.44277827440753437 0.9282924482133192
17.940639999489978 0.1820270636891278 0.6696199532173042
18.0800199994847 0.436865535938753 0.9130386253469291
18.218389999479463 0.17741725237333328 0.6569508055749629
18.357769999474186 0.43105565607404994 0.8980464330921256
18.496139999468948 0.17290667618966948 0.6444961099511204
18.63450999946371 0.42551421744494294 0.8837476700199409
18.773889999458433 0.16850570994181713 0.6322543787769641
18.912259999453195 0.4199323341442826 0.8693435708710839
19.051639999447918 0.1642081660591621 0.6202219540511145
19.19000999944268 0.4144488256975097 0.855195858110358
19.329389999437403 0.16001895204320415 0.6083944313902134
19.467759999432165 0.4090604420567672 0.8412958983405106
19.606129999426926 0.15609647602434806 0.5972229922606376
19.74550999942165 0.40376410534074425 0.8276355829275217
19.88387999941641 0.15213443649340863 0.5858666892286646
20.022249999411173 0.3987125515176268 0.81461422056327
20.161629999405896 0.14828113142487898 0.5747052569132771
20.299999999400658 0.3936204844855374 0.8014851724432392
20.43937999939538 0.14453248902575278 0.5637356378846103
20.577749999390143 0.3886107054750537 0.788570999791216
20.716119999384905 0.14102241389965686 0.5533478793591895
20.855499999379628 0.3836797427005152 0.7758608001834477
20.99386999937439 0.13750021404338386 0.5428272743656315
21.13223999936915 0.3789622439673047 0.7636985492989301
21.271619999363875 0.1340752444464005 0.5324824108423609
21.409989999358636 0.3742080945250118 0.7514402321940228
21.54936999935336 0.1307468777984938 0.5223077073580162
21.68773999934812 0.36952186599867354 0.7393558587288296
21.826109999342883 0.12763197864773235 0.5126623043242629
21.965489999337606 0.3649009078173555 0.727438938488556
22.103859999332368 0.1245170471540804 0.5028795203760872
22.24222999932713 0.3604738751337524 0.7160208146205882
22.381609999321853 0.12149206501633815 0.4932265623172394
22.519979999316615 0.3560067695767367 0.7045000823981074
22.659359999311338 0.1185454619587798 0.48366762010769726
22.7977299993061 0.3515989543725433 0.6931335438267072
22.93609999930086 0.11577570580949491 0.4745173424027027
23.075479999295585 0.34724961295459245 0.6819197195872984
23.213849999290346 0.11298687702105958 0.4651284745636475
23.352219999285108 0.34308819609813945 0.6711932032278711
23.49159999927983 0.11026715017020006 0.4557928138488543
23.629969999274593 0.3388828582829809 0.6603559892336741
23.769349999269316 0.10761791694448652 0.44651919458842393
23.907719999264078 0.3347334713498449 0.6496653145460107
24.04608999925884 0.10514538635649318 0.4376764050544879
24.185469999253563 0.3306396940786809 0.6391191059456958
24.323839999248325 0.10266106705383105 0.4286165104348427
24.462209999243086 0.3267354356973339 0.6290615786409437
24.60158999923781 0.10024304113475789 0.41963338012341866
24.73995999923257 0.32278050607564013 0.6188728887829065
24.878329999227333 0.09796471276956986 0.4110374713558129
25.017709999222056 0.31888082344693536 0.6088249997908135
25.156079999216818 0.09570244235994585 0.40229479021396397
25.29444999921158 0.31515088783977485 0.5992113461985138
25.433829999206303 0.09351182474888153 0.3936412135613243
25.572199999201064 0.3113899013423197 0.5895185796868541
25.710569999195826 0.09144928712728406 0.38534219089452204
25.84994999919055 0.30768422715009036 0.5799695642681457
25.98831999918531 0.089401368777423 0.3769475893117713
26.126689999180073 0.304134356226176 0.5708201723382822
26.266069999174796 0.08743997598690001 0.3686480764170219
26.404439999169558 0.3005702339707079 0.5616399860242871
26.54381999916428 0.08554110275198135 0.3604444147375929
26.682189999159043 0.29706474183289744 0.5526145814228611
26.820559999153804 0.08376529113099251 0.35264218692862004
26.959939999148528 0.2936191980240772 0.543747738507061
27.09830999914329 0.082021251384643 0.34470710016145656
27.23667999913805 0.2903513681281402 0.5353336474028358
27.376059999132774 0.08033004756425965 0.336875844911666
27.514429999127536 0.28705296073164965 0.5268510628914647
27.652799999122298 0.07875876267079163 0.329439773889173
27.79217999911702 0.2838131572628071 0.5185214032303875
27.930549999111783 0.07722149447176385 0.32189338824911706
28.068919999106544 0.28074329655817054 0.5106200704282693
28.208299999101268 0.07573660534460014 0.31445458656714775
28.34666999909603 0.27764458501317124 0.5026533025138669
28.48503999909079 0.07437227475851782 0.3074050041659393
28.624419999085514 0.2746005378754752 0.49482693888899254
28.762789999080276 0.07303837424270954 0.30025003219918966
28.901159999075038 0.2717205341213319 0.4874126990901617
29.0395299990698 0.071797886994736 0.2934145833421331
29.178909999064523 0.26880864923010683 0.47992554706143276
29.317279999059284 0.07059611646616037 0.28654011784207123
29.455649999054046 0.2660327865113502 0.47277948053507934
29.59502999904877 0.06946301399546273 0.27976857414201417
29.73339999904353 0.2632474015585414 0.4656174565789817
29.871769999038293 0.06841266607626739 0.27332200469215584
30.011149999033016 0.26050965067167986 0.4585785384016994
30.149519999027778 0.0674056197278543 0.2668192714244455
30.28788999902254 0.25790859317026593 0.4518820074583041
30.427269999017263 0.06645581872758666 0.2604126510727389
30.565639999012024 0.2552889821902665 0.4451475257719273
30.704009999006786 0.06558346942565596 0.2543397006613657
30.84338999900151 0.25271329070907966 0.4385270309207656
30.98175999899627 0.06476093846158915 0.24818380870275103
31.120129998991032 0.25027724747723123 0.43225481098536633
31.258499998985794 0.06400374376307927 0.24230999885127558
31.397879998980518 0.24781168908661902 0.42591905043012357
31.53624999897528 0.06327733754023623 0.23639206197623164
31.67461999897004 0.24546602723497876 0.41987970906622873
31.813999998964764 0.06261208514965089 0.23055593543731545
31.952369998959526 0.24310479525217243 0.4138139654437767
32.09073999898652 0.062007619923473145 0.22502055466770976
32.23011999903076 0.24078086325367964 0.4078454009429855
32.36848999907468 0.0614449577824071 0.2194067516292697
32.5068599991186 0.23858259176873978 0.40218596019957475
32.645229999162524 0.060943377576208047 0.2140534441599562
32.784609999206765 0.23635443849584625 0.3964646236673919
32.922979999250686 0.06046494183050633 0.20865267604209814
33.061349999294606 0.23423557578789458 0.39100970383912914
33.20072999933885 0.06004374303203963 0.20332378669107865
33.33909999938277 0.2320976613199175 0.3855204452410277
33.47746999942669 0.05966606371964889 0.19827877439752006
33.61684999947093 0.22999150694590198 0.38011271433278093
33.75521999951485 0.05933536480725155 0.1931492777104138
33.89358999955877 0.2280033958410257 0.3749947302804757
34.03195999960269 0.05904352588972205 0.18826977222966557
34.17133999964693 0.22598175231216422 0.3698046935816435
34.30970999969085 0.05878654791517967 0.18333063486336565
34.44807999973477 0.22406505048847714 0.3648723271755805
34.586449999778694 0.0585731849798199 0.17861072899254538
34.725829999822935 0.2221234687111917 0.3598891889493583
34.864199999866855 0.05838599380884434 0.17385246159458134
35.002569999910776 0.2202746604796917 0.3551335256924526
35.14194999995502 0.0582383658556076 0.16915219016474525
35.28031999999894 0.21840817661319892 0.35034419986607057
35.41869000004286 0.05812498852324166 0.1646980513659413
35.55706000008678 0.2166236740634702 0.34575530004229416
35.69644000013102 0.05804578506721291 0.16016513457313142
35.83481000017494 0.21482797216088148 0.341148133777458
35.97318000021886 0.057993055513953624 0.15585319673241393
36.1125600002631 0.21305552930708616 0.33660060227050925
36.25093000030702 0.057975462363273216 0.15148057630898215
36.38930000035094 0.21137637603368642 0.3322832929640085
36.52767000039486 0.05798087603459223 0.1473069270209626
36.667050000439104 0.20966991080162145 0.3279050656545768
36.805420000483025 0.058020977937309204 0.1430889665478774
36.943790000526946 0.20804809934703095 0.3237351813383249
37.082160000570866 0.05808215000386219 0.1390507606844782
37.22154000061511 0.20640460372994973 0.31951827908180963
37.35991000065903 0.05817411311751741 0.1349828153597077
37.49828000070295 0.2048380732988464 0.3154897696866499
37.63766000074719 0.058288295753698205 0.13096272722278313
37.77603000079111 0.20325475464680431 0.31142682136545696
37.91440000083503 0.05842598423036416 0.12715565218918146
38.05277000087895 0.2017415634496995 0.30753435217280023
38.19215000092319 0.05859258180143023 0.12327963614511273
38.33052000096711 0.20021591017187543 0.303618785492632
38.46889000101103 0.05877141361188565 0.11960015561189863
38.608270001055274 0.198708746202506 0.29975032171816185
38.746640001099195 0.058987556100292826 0.1158634786019408
38.885010001143115 0.19728421838677146 0.29608386341586357
39.023380001187036 0.059202219207709406 0.11230836375405451
39.16276000123128 0.1958317180236775 0.2923548901669015
39.3011300012752 0.05946477581194087 0.10870621527816482
39.43950000131912 0.1944560655193791 0.28881295507207083
39.57787000136304 0.059718839383865796 0.10527203992439782
39.71725000140728 0.1930564633986358 0.28521849905752683
39.8556200014512 0.06001738633562125 0.10179971297837875
39.99399000149512 0.19172866779084496 0.2817977915133607
40.13236000153904 0.06031350002880753 0.09848322697502132
40.27174000158328 0.1903800095842716 0.2783332550423623
40.4101100016272 0.060639709584443084 0.0951364391384657
40.54848000167112 0.18909833526358544 0.2750306441528627
40.686850001715044 0.06097539865078783 0.0919347122726677
40.826230001759285 0.1877987101073627 0.2716915924459773
40.964600001803205 0.061325583316982346 0.0887096212688121
41.102970001847126 0.18656190221715607 0.2685040077929135
41.24134000189105 0.061698420732326564 0.08561993660510803
41.38072000193529 0.18530966916046376 0.2652860953236358
41.51909000197921 0.062070221225463906 0.08251285584550683
41.65746000202313 0.18411648953202853 0.26221043349217155
41.79583000206705 0.062476601118592885 0.0795323730153008
41.93521000211129 0.1829100512326729 0.2591094346748535
42.07358000215521 0.06288313014411795 0.07653951255188751
42.21195000219913 0.18175926869037817 0.25614256381810696
42.35133000224337 0.06331462970830637 0.07358233470518005
42.48970000228729 0.18059705598810805 0.2531542212685367
42.628070002331214 0.06374340560018976 0.0707829064011567
42.766440002375134 0.1794874846713822 0.25029295689190656
42.905820002419375 0.06418766046769886 0.06793511612048775
43.044190002463296 0.17836806206707578 0.24741350333916667
43.182560002507216 0.06464581496611976 0.06523705478524988
43.32093000255114 0.17729864740659096 0.244655190908194
43.46031000259538 0.06510956109669752 0.06249536910436504
43.5986800026393 0.17622068190129092 0.241881278848477
43.73705000268322 0.06558473431870437 0.05989624879864097
43.87542000272714 0.17519039508250667 0.2392234374779978
44.01480000277138 0.06607601931727802 0.057257369152496906
44.1531700028153 0.17415257258639305 0.23655192931179014
44.29154000285922 0.06655460851324013 0.054754658431310776
44.42991000290314 0.1731603602881715 0.23399222067982395
44.56929000294738 0.06707129797574063 0.052215101337116376
44.707660002991304 0.17216133074801365 0.23141996502716866
44.846030003035224 0.06756243855950028 0.04980596563534112
44.984400003079145 0.17120605355881868 0.22895569702710006
45.123780003123386 0.06809077906526961 0.04736207787919833
45.26215000316731 0.17024442087289637 0.2264792564568241
45.40052000321123 0.06860394161729744 0.045043509267772563
45.53889000325515 0.16932489792068306 0.22410747526748764
45.67827000329939 0.06912989436601913 0.04269152848976887
45.81664000334331 0.16839925524605248 0.22172327761289523
45.95501000338723 0.06966338839589759 0.0404602818066091
46.09338000343115 0.16751425769278128 0.2194407050243985
46.23276000347539 0.07020433653251412 0.03819641216297187
46.37113000351931 0.1666231560579723 0.21714495939573197
46.50950000356323 0.07073679337283578 0.03604938854501194
46.64787000360715 0.16577138998044716 0.214948090790823
46.787250003651394 0.07129710652636212 0.03387012480375873
46.925620003695315 0.16491333068511094 0.21273693090166912
47.063990003739235 0.07182859661682117 0.031804388171818854
47.202360003783156 0.16409338860786482 0.2106220025495653
47.3417400038274 0.07239838532401133 0.029706374667570756
47.48011000387132 0.1632667907392904 0.20849132786346924
47.61848000391524 0.07294642022712594 0.027718950705168943
47.75685000395916 0.16247728136836526 0.2064545798734274
47.8962300040034 0.07350433636309117 0.025698899511461537
48.03460000404732 0.16168073562705487 0.20440064521459744
48.17297000409124 0.07406749997752504 0.023786811732717794
48.31134000413516 0.160920398873026 0.20243869780612878
48.4507200041794 0.07464045257605356 0.021841496674446237
48.58909000422332 0.16015258856429293 0.20045809249867874
48.72746000426724 0.07518825796152584 0.020001760427768023
48.865830004311164 0.15942020676675683 0.19856776775982743
49.005210004355405 0.07577589523146655 0.018127990450078624
49.143580004399325 0.1586798529379405 0.19665724318937983
49.281950004443246 0.07633146626336174 0.016357583314074997
49.420320004487166 0.15797421367876163 0.19483538327006444
49.55869000453109 0.07688866964707819 0.014606940654349199
49.69807000457533 0.15726004932732607 0.19299168777517917
49.83644000461925 0.07747458119550621 0.012847983890917902
49.97481000466317 0.1565799499027919 0.19123509581577824
50.11318000470709 0.07803635123923092 0.011162604443115676
50.25256000475133 0.15589075561894428 0.18945507942748074
50.39093000479525 0.0786092775350089 0.009466931990698146
50.52930000483917 0.15523506227973027 0.18776073652705394
50.66767000488309 0.07918220219299421 0.00784402125163508
50.80705000492733 0.1545697244648483 0.18604150824543808
50.945420004971254 0.07975937460249083 0.006208922746830936
51.083790005015175 0.15393739783978833 0.18440662881225034
51.222160005059095 0.08031584955974214 0.004645937686842405
51.361540005103336 0.15329490728072925 0.18274555541512028
51.49991000514726 0.08090396024489477 0.003068993442678636
51.63828000519118 0.15268499653056555 0.18116764732557522
51.7766500052351 0.08146591747269927 0.0015636241291638875
51.91603000527934 0.1520644346721235 0.17956234925292636
52.05440000532326 0.08203354154666886 4.26136272269062e-05
52.19277000536718 0.15147605976200884 0.1780391432601447
52.3311400054111 0.08260338136185108 0.0014073301316974707
52.47052000545534 0.15087656782769165 0.17648742732464529
52.60889000549926 0.0831806413021774 0.0028745249696982
52.74726000554318 0.15030889983951679 0.1750168364770599
52.8856300055871 0.08373075243805683 0.0042711343323120765
53.025010005631344 0.149729670560644 0.17351667699345708
53.163380005675265 0.08428800114161628 0.005686536468130221
53.301750005719185 0.14918193196544827 0.1720967716588695
53.440120005763106 0.08481827753090765 0.0070318138370883965
53.578490005807026 0.1486397347560191 0.17069086712278025
53.71787000585127 0.08535624954589771 0.00839737611144642
53.85624000589519 0.14809366809395563 0.1692752518003715
53.99461000593911 0.08586740599924825 0.00969325630507667
54.13298000598303 0.14757046840757204 0.1679177459984027
54.27236000602727 0.08638680775793084 0.011010864201976833
54.41073000607119 0.1470427448449242 0.16654888124579825
54.54910000611511 0.08687953190541475 0.012259189671892656
54.68747000615903 0.1465379055513799 0.16523819657010552
54.82685000620327 0.08738103819148657 0.013530636317138356
54.96522000624719 0.14602786712227855 0.1639144794158498
55.103590006291114 0.0878559907281119 0.014733168086378257
55.241960006335034 0.1455406851659211 0.1626488987110486
55.381340006379276 0.0883402589343305 0.015960197774878004
55.519710006423196 0.14504761058994065 0.16136855479575996
55.65808000646712 0.08879809465374688 0.017118655237402525
55.79645000651104 0.14457737246440638 0.16014630091977233
55.93482000655496 0.08925117005391725 0.018264845470949975
56.0742000065992 0.14410058042457685 0.15890762286564497
56.21257000664312 0.08970714453600626 0.019419057635206016
56.35094000668704 0.14364663629812013 0.1577270802727071
56.48931000673096 0.09014394409026982 0.02052342242089278
56.6286900067752 0.14318553005205636 0.15652857825693145
56.76706000681912 0.09058438952017678 0.021637697382148602
56.90543000686304 0.14274730907368716 0.1553883659401567
57.04380000690696 0.09100551643603927 0.022701884995712796
57.183180006951204 0.14230137331203863 0.15422879391330246
57.321550006995125 0.09143100636038348 0.023777783493339477
57.459920007039045 0.1418783845707512 0.15312777811801181
57.598290007082966 0.09183703126760934 0.024803386826321994
57.73767000712721 0.1414471910021411 0.1520061526157468
57.87604000717113 0.09224810761126245 0.02584242143691684
58.01441000721505 0.1410390347605459 0.15094346940206504
58.15278000725897 0.09263957399024347 0.026830995082471887
58.29115000730289 0.14063511204804924 0.14989188172302992
58.43053000734713 0.09303674644552384 0.027834659770087367
58.56890000739105 0.1402286521312871 0.14883423352853864
58.70727000743497 0.09341416828793958 0.028787741369662445
58.84564000747889 0.1398393161599003 0.14782067693656087
58.98502000752313 0.09379791673925697 0.029757545059128088
59.12339000756705 0.1394470620656365 0.1468001439069999
59.261760007610974 0.09416178843015532 0.03067671718725018
59.400130007654894 0.13907250959092798 0.14582550019809348
59.539510007699135 0.0945325685592554 0.03161428910763986
59.677880007743056 0.1386946195942489 0.14484295514427536
59.81625000778698 0.09488334787259234 0.032501136992169055
59.9546200078309 0.13833464589590705 0.1439070300205847
60.09400000787514 0.09524157033173974 0.03340782824581279
60.23237000791906 0.1379705964216149 0.14296128719559764
60.37074000796298 0.09557967490730279 0.03426340863339483
60.5091100080069 0.1376245141619845 0.14206219999237657
60.64748000805082 0.0959142383539987 0.03511041088811728
60.78686000809506 0.13727358796616085 0.14115118741184762
60.92523000813898 0.09625157210743462 0.03596512059924617
61.0636000081829 0.13694067933811283 0.14028680532154336
61.20197000822682 0.09657398336569356 0.03678176885993922
61.341350008271064 0.1366022027227084 0.13940851572009638
61.479720008314985 0.09689983584428263 0.037607750432044895
61.618090008358905 0.13628181526950778 0.1385769199020559
61.756460008402826 0.0972105016916387 0.03839486099442846
61.89584000844707 0.1359551828436768 0.13772958989993755
62.03421000849099 0.09752526549286189 0.039192925809927726
62.17258000853491 0.13564672678499856 0.1369290945618662
62.31095000857883 0.09782459684804401 0.03995139706604034
62.44932000862275 0.13534167224544702 0.1361375232936668
62.58870000866699 0.09812866876917625 0.04072243063572012
62.72707000871091 0.13503432171789487 0.1353402651278368
62.86544000875483 0.09841708105041436 0.04145322670304763
63.00381000879875 0.13474047222227814 0.13457777393305337
63.14319000884299 0.09871086301855092 0.042198174755825324
63.28156000888691 0.1344435802630033 0.13380764247645782
63.419930008930834 0.09898877869822964 0.042902318971371756
63.558300008974754 0.13416043115299547 0.13307287920651945
63.697680009018995 0.09927268211924822 0.04362218823824593
63.836050009062916 0.13387351854364404 0.132328602145948
63.97442000910684 0.09954053766389616 0.044300771095695524
64.11279000915076 0.13360057861582753 0.13162028677482507
64.25116000919468 0.09980563938778086 0.04497241098072591
64.39054000923892 0.13332319117294933 0.13090069417872607
64.52891000928284 0.10007322785140593 0.04565079575297171
64.66728000932676 0.13306000570203358 0.13021766716746486
64.80565000937068 0.10032886488856685 0.04629840769270199
64.94503000941492 0.13279172992076904 0.12952170686038045
65.08340000945884 0.10058769655742095 0.046954583301894726
65.22177000950276 0.13253788165874159 0.128862914269412
65.36014000954668 0.10083428610697265 0.04757925542224761
65.4985100095906 0.13228660241219714 0.12821086712021534
65.63789000963484 0.10108474235293796 0.04821421502170242
65.77626000967877 0.13203343936782275 0.12755409588213196
65.91463000972269 0.10132267618793878 0.04881697197166579
66.0530000097666 0.1317909838542658 0.12692499754993758
66.19238000981085 0.10156511355986231 0.04943164154321833
66.33075000985477 0.1315459625224279 0.12628940903434138
66.46912000989869 0.10179481513866571 0.05001344179478284
66.60749000994261 0.13131197453968046 0.12568235580884268
66.74687000998685 0.10202966443925221 0.05060868463272472
66.88524001003077 0.13107477485756314 0.12506713485728183
67.02361001007469 0.10225146396125727 0.051170425708657596
67.16198001011861 0.13084891714377644 0.1244812657166583
67.30035001016253 0.1024711688697476 0.051726956215025766
67.43973001020677 0.13061923877659964 0.12388564636259813
67.5781000102507 0.10269311509671321 0.0522895611808738
67.71647001029461 0.13040119325574462 0.12332014562183025
67.85484001033853 0.10290530410565746 0.052827133296529105
67.99422001038278 0.13017875400275924 0.12274340360842739
68.1325900104267 0.10312036036425587 0.053372370168836
68.27096001047062 0.12996821941350833 0.12219749459378981
68.40933001051454 0.1033253303335887 0.05389174348187087
68.54770001055846 0.12975970240835077 0.12165692668221206
68.6870800106027 0.10353375555102384 0.054420274272293234
68.82545001064662 0.12954944263774204 0.1211118837008307
68.96382001069054 0.10373178675937356 0.0549221625287144
69.10219001073446 0.12934805876995037 0.1205899269469679
69.2415700107787 0.10393382452983779 0.05543460757334584
69.37994001082262 0.12914433707361705 0.1200619490515753
69.51831001086654 0.10412518245976023 0.05591968445235462
69.65668001091046 0.12894981785049242 0.11955790489605045
69.7960600109547 0.10432106283501119 0.05641662811641801
69.93443001099862 0.1287524012340041 0.11904638630149122
70.07280001104255 0.10450599968147933 0.05688553129454821
70.21117001108647 0.12856448989289748 0.11855958518655063
70.34954001113039 0.10468928765192455 0.057350347431361914
70.48892001117463 0.12837315597063692 0.11806394694798827
70.62729001121855 0.10487469624631385 0.057820858247548124
70.76566001126247 0.12819160680453834 0.11759374630752051
70.90403001130639 0.10505187766055889 0.05827028809776147
71.04341001135063 0.128006143024474 0.1171134336130919
71.18178001139455 0.10523170770703062 0.05872676018090495
71.32015001143847 0.12783072055449174 0.11665921561746506
71.45852001148239 0.10540300742909192 0.05916136674731787
71.59689001152631 0.1276569074050462 0.11620925471836907
71.73627001157055 0.10557744916992708 0.05960427703995963
71.87464001161447 0.12748140126084473 0.11575486552201086
72.0130100116584 0.10574308193341321 0.06002459572252983
72.15138001170232 0.12731341678313113 0.11532009962699208
72.29076001174656 0.10591231681223467 0.060454396702946944
72.42913001179048 0.12714323476923706 0.11487960815815823
72.5675000118344 0.10607248792473267 0.060860938272599974
72.70587001187832 0.12698086218162008 0.11445946755760383
72.84424001192224 0.10623127747961092 0.06126404225927917
72.98362001196648 0.12681581888817994 0.11403238712295316
73.1219900120104 0.10639159605925408 0.061671318482270365
73.26036001205432 0.1266588498429435 0.11362632152185359
73.39873001209824 0.10654518108628264 0.06206128429309121
73.53811001214248 0.12649876994325304 0.11321218651700882
73.6764800121864 0.10670076075063717 0.06245661688504267
73.81485001223032 0.12634700696441514 0.11281967309551
73.95322001227424 0.10684932583317297 0.06283390506294229
74.09260001231848 0.12619172432491632 0.1124180426785415
74.2309700123624 0.1070003194002569 0.06321767274268808
74.36934001240633 0.12604497943799664 0.11203858539248213
74.50771001245025 0.10714404051214532 0.06358272379672902
74.64608001249417 0.12589952115215708 0.11166251501945057
74.78546001253841 0.10729059372686467 0.06395528860448918
74.92383001258233 0.12575243005731185 0.11128216808488078
75.06220001262625 0.10742963897476443 0.06430852461491998
75.20057001267017 0.1256117555457359 0.11091853531350893
75.33995001271441 0.1075718912001874 0.06467023371685698
75.47832001275833 0.12546903712467006 0.11054957308871405
75.61669001280225 0.10770642141153408 0.06501205948590272
75.75506001284617 0.12533297821619016 0.11019793663983313
75.8934300128901 0.10783982901007237 0.06535108627329089
76.03281001293433 0.12519449326288234 0.10983999177480719
76.17118001297825 0.10797467514508051 0.06569404860811145
76.30955001302218 0.12506288929314158 0.10949993042680406
76.4479200130661 0.1081037668209236 0.06602216532199945
76.58730001311034 0.12492850487217598 0.10915265144307851
76.72567001315426 0.10823467560024523 0.06635518216553393
76.86404001319818 0.12480120263500605 0.10882376258962712
77.0024100132421 0.10835959647768789 0.06667275356158076
77.14078001328602 0.12467499232987889 0.10849774053852679
77.28016001333026 0.1084866865418348 0.0669961205133851
77.41853001337418 0.1245476451038241 0.10816871318651833
77.5569000134181 0.10860757532513012 0.06730349492315435
77.69527001346202 0.12442554657285099 0.10785336443392968
77.83465001350626 0.10873096051591047 0.06761749667202333
77.97302001355018 0.12430195425143431 0.1075340949463488
78.1113900135941 0.10884795059653452 0.06791500921681237
78.24976001363802 0.12418382896112923 0.10722905761616497
78.38914001368227 0.1089677410778326 0.06821992125856102
78.52751001372619 0.12406387720328793 0.10691924612001857
78.6658800137701 0.10908096117164645 0.06850789504104782
78.80425001381403 0.12394959180188148 0.10662417159651438
78.94262001385795 0.10919325339349761 0.06879355104353335
79.08200001390219 0.12383317015484717 0.10632352840880266
79.22037001394611 0.10930683793768359 0.06908273090152628
79.35874001399003 0.12372259620735127 0.10603808107677581
79.49711001403395 0.1094155199577511 0.06935924790839598
79.63649001407819 0.1236095978502686 0.10574632616147106
79.77486001412211 0.10952580403251887 0.06964007589839172
79.91323001416603 0.1235026115140534 0.10547018244868589
80.05160001420995 0.1096309941983956 0.06990775103600244
80.18997001425387 0.12339652547899627 0.10519639663212343
80.32935001429811 0.10973807521599754 0.07018047085133317
80.46772001434204 0.12328941492141354 0.10491989287289005
80.60609001438596 0.10983988779199462 0.07043959112212894
80.74446001442988 0.12318676211180324 0.10465500638772163
80.88384001447412 0.10994386018070436 0.07070443914874991
81.02221001451804 0.12308279119030441 0.10438664955247923
81.16058001456196 0.11004240551523925 0.07095528186049638
81.29895001460588 0.12298345785583042 0.10413036552818777
81.43833001465012 0.11014336082131504 0.07121248743559017
81.57670001469404 0.12288253233573732 0.10386990893556103
81.71507001473796 0.11023874549533252 0.07145532055854442
81.85344001478188 0.12278640871580683 0.10362194102933042
81.9918100148258 0.11033335795834864 0.07169621922495928
82.13119001487004 0.12268843734769887 0.10336914593847002
82.26956001491396 0.11042909944975156 0.07194018871269359
82.40793001495788 0.12259541750899129 0.103129217900777
82.5463000150018 0.11052068334044196 0.07217340909773107
82.68568001504605 0.12250031191434563 0.10288385320079696
82.82405001508997 0.11061365291620683 0.07241035255671768
82.96242001513389 0.12241029359863509 0.10265169847530897
83.10079001517781 0.1107023065677959 0.07263614221352244
83.23916001522173 0.1223210218520614 0.10242149437932335
83.37854001526597 0.11079258547182559 0.07286626359248594
83.51691001530989 0.12223085266054647 0.10218890179249929
83.65528001535381 0.11087840390290982 0.07308486184504082
83.79365001539773 0.12214445523900329 0.10196613881551242
83.93303001544197 0.1109660709335366 0.073308359073887
84.07140001548589 0.12205691643777916 0.10174036290157007
84.20977001552981 0.1110491459757532 0.07351999729636738
84.34814001557373 0.12197329914500198 0.10152479573783957
84.48752001561797 0.11113427756518912 0.07373706245350498
84.6258900156619 0.12188831253019772 0.10130563227407352
84.76426001570582 0.11121469798245688 0.07394196437782163
84.90263001574974 0.12180738438713258 0.1010970240715392
85.04100001579366 0.1112944733989496 0.0741452465098158
85.1803800158379 0.1217248741745649 0.1008842752382888
85.31875001588182 0.11137521985940002 0.07435116583880408
85.45712001592574 0.12164654730329592 0.10068239728980855
85.59549001596966 0.11145245048201578 0.0745479878809796
85.7348700160139 0.12156644005315786 0.10047587145780579
85.87324001605782 0.11153086647115672 0.07474799181903524
86.01161001610174 0.12149062955541123 0.10028050287524959
86.14998001614566 0.11160563432671522 0.07493856072474658
86.28835001618958 0.12141544060202712 0.10008675483408336
86.42773001623382 0.11168178776926263 0.07513282023452472
86.56610001627774 0.12133947794044699 0.09989094182206726
86.70447001632166 0.11175417217305061 0.07531733617905934
86.84284001636559 0.12126669995442395 0.09970342839898949
86.98222001640983 0.11182812896818817 0.07550601719783501
87.12059001645375 0.12119294421869009 0.09951332816563463
87.25896001649767 0.1118982066105344 0.07568467378741284
87.39733001654159 0.12112249884686542 0.09933184565156239
87.53671001658583 0.11197003069327273 0.07586793737255348
87.67508001662975 0.1210508849308013 0.09914728848438026
87.81345001667367 0.11203787573315303 0.0760409218869218
87.95182001671759 0.12098269645541626 0.09897164007253156
88.09019001676151 0.11210518057891096 0.07621254680186818
88.22957001680575 0.12091316124089013 0.098792461502617
88.36794001684967 0.11217331328848068 0.07638641798835
88.5063100168936 0.12084715647567557 0.09862245702277894
88.64468001693751 0.11223847717923674 0.07655260180803314
88.78406001698175 0.1207796387720117 0.09844849765910935
88.92243001702568 0.11230464882511504 0.0767214891256307
89.0608000170696 0.12071574697900833 0.09828395334943174
89.19917001711352 0.11236774037260888 0.07688240527780055
89.33754001715744 0.12065237420000774 0.09812075963669953
89.47692001720168 0.11243200781759799 0.07704645216671802
89.6152900172456 0.12058834024859831 0.09795579695970336
89.75366001728952 0.11249309338712943 0.07720226845318034
89.89203001733344 0.12052699273725331 0.09779783520971197
90.03141001737768 0.1125555118142878 0.07736161416679321
90.1697800174216 0.12046481265149334 0.09763766645748406
90.30815001746552 0.11261465560351691 0.07751249294685181
90.44652001750944 0.12040542503438578 0.09748476696200825
90.58590001755368 0.11267527856337811 0.0776672726731209
90.7242700175976 0.12034504449268335 0.09732925077273746
90.86264001764152 0.1127325426690785 0.07781337104229014
91.00101001768545 0.12028755356017129 0.0971812494826807
91.13938001772937 0.11278935341322283 0.07795832610530962
91.2787600177736 0.12022891988594253 0.09703024881636546
91.41713001781753 0.1128468666214173 0.07810518598660998
91.55550001786145 0.12017326451899657 0.09688698714239719
91.69387001790537 0.11290187435034194 0.07824555423318058
91.83325001794961 0.12011632661975823 0.09674036912017403
91.97162001799353 0.11295773600822712 0.07838821229122495
92.10999001803745 0.12006244771912145 0.0966016937531955
92.24836001808137 0.1130109982298485 0.0785241393139402
92.38673001812529 0.12000900323758368 0.09646414683966986
92.52611001816953 0.11306525599838778 0.0786627160017761
92.66448001821345 0.11995499645670804 0.09632509225285801
92.80285001825737 0.11311682835274972 0.07879434269875141
92.9412200183013 0.119903255254872 0.09619194150835009
93.08060001834554 0.11316952849885796 0.0789289549864236
93.21897001838946 0.11985080739771159 0.09605691439626973
93.35734001843338 0.11321946482024037 0.07905641771718264
93.4957100184773 0.11980071480043686 0.09592801807258855
93.63509001852154 0.11327065224331122 0.07918717915420537
93.77346001856546 0.1197497804682569 0.09579690046490619
93.91183001860938 0.11331900462408286 0.07931060989729843
94.0502000186533 0.11970128359235144 0.09567212148742232
94.18857001869722 0.11336697588547728 0.07943307781236308
94.32795001874146 0.11965181874207385 0.0955447989668401
94.46632001878538 0.11341554175322655 0.07955715723206858
94.6046900188293 0.119604866437938 0.09542400478397273
94.74306001887322 0.1134619933408243 0.0796757557052552
94.88244001891746 0.11955682834312398 0.09530036638286665
95.02081001896138 0.1135091672899219 0.07979629041412473
