0.001020000000000002 2.4192461567142347 6.033554368199545
0.177770000000037 1.4017887568019252 3.807560293357659
0.3585600000002178 2.043700306567189 5.06536452103502
0.5332900000002078 1.377651356106349 3.7477719688567057
0.7080199999994126 1.903526209173613 4.6501924912580535
0.886789999998599 1.3327546550184355 3.6863863768277105
1.0605099999984802 1.8111536333198037 4.368073150269747
1.237259999999638 1.2950915342774907 3.6055349588218544
1.4119900000007828 1.7355941276783833 4.158360592068345
1.587730000001934 1.260215257066546 3.5201761275702514
1.7634700000030854 1.6687599506847777 3.9772525469439324
1.93820000000423 1.2273810525781048 3.4420490808325876
2.112930000005375 1.6098899740722827 3.815251436782563
2.288670000006526 1.1963724827816238 3.3701927741294657
2.463400000007671 1.555732588304508 3.665959836749011
2.6381300000088155 1.1674807132336387 3.3027031419580077
2.81286000000996 1.5060716603140025 3.530261707046445
2.987590000011105 1.1397452903569478 3.237237425129169
3.1623200000122496 1.4597473165997592 3.4041622050906994
3.3370500000133942 1.112863809250468 3.1732921970134
3.5107700000145323 1.4169833759071202 3.2879974792862754
3.685500000015677 1.0876065398009938 3.11286613856937
3.8602300000168217 1.3766644021100358 3.1788597753158343
4.033950000016452 1.0630645769422893 3.0539509583458413
4.208680000009837 1.3389167975753788 3.076912551672095
4.38240000000326 1.0393899956348587 2.9965601406058195
4.557129999996645 1.303221476479681 2.980978131167711
4.730849999990069 1.0167093978967445 2.941235316002755
4.905579999983454 1.269446874993283 2.89054068004978
5.079299999976877 0.994711373729336 2.887569729084949
5.2530199999703004 1.237815716695445 2.805619474820309
5.426739999963724 0.973660483771633 2.836204660959518
5.601469999957109 1.207235213272709 2.7240260419349904
5.775189999950532 0.953146213025647 2.785703906484449
5.948909999943956 1.1788844135760772 2.6481862303465054
6.122629999937379 0.9338987735653362 2.738392744950946
6.296349999930802 1.1520601031351305 2.576583860583981
6.470069999924226 0.9154030459322824 2.6928104725053137
6.643789999917649 1.126562002459424 2.5085403442448584
6.817509999911072 0.8975850438424866 2.648717270501544
6.991229999904496 1.1022231114620833 2.4435886601026913
7.164949999897919 0.8804622641910138 2.6060250176825783
7.3386699998913425 1.0789890935942732 2.3816710306882816
7.511379999884804 0.8642994873570728 2.565590653149674
7.6850999998782275 1.057270942310911 2.3237296209209
7.858819999871651 0.8484968349911007 2.525829207297614
8.032539999865074 1.0361881547272822 2.267951296887172
8.206259999858498 0.8331048062577997 2.487185532358882
8.37896999985196 1.0162560021361076 2.215121833309186
8.552689999845382 0.8185154159483655 2.4505750484438593
8.726409999838806 0.9968193910671888 2.163996003272939
8.899119999832267 0.8043571959171488 2.414903719817696
9.07283999982569 0.9785233912695065 2.11589742839694
9.246559999819114 0.7902769310731941 2.379388222719714
9.419269999812576 0.9608841971801458 2.0696732488536207
9.592989999805999 0.776803301633945 2.3454087434999438
9.76569999979946 0.9438018752190154 2.0250430930971453
9.939419999792884 0.7635816288309513 2.312042412592885
10.112129999786346 0.9272190456684222 1.9818539176596706
10.285849999779769 0.7505897645694926 2.2792352048005116
10.45855999977323 0.9110950943382136 1.9399574028494793
10.632279999766654 0.7378220469275433 2.2469899670776394
10.804989999760116 0.8954077648827486 1.8992779647576286
10.978709999753539 0.7252781842072858 2.2153078405897197
11.151419999747 0.8801554248818266 1.8597811271186537
11.324129999740462 0.7133061390116282 2.184903027682583
11.496839999733924 0.8655537546902863 1.8221600764838697
11.670559999727347 0.7012631777716222 2.1543998931832897
11.843269999720809 0.8512106095876697 1.785188905973789
12.016989999714232 0.6894305527259749 2.1243775595033765
12.189699999707694 0.8372447942101584 1.7492633061025997
12.362409999701155 0.6781352542296453 2.095461529349918
12.535119999694617 0.8238308670175112 1.7150153673719304
12.70883999968804 0.6668198825038504 2.066586145627791
12.881549999681502 0.8106163900698561 1.6812080979788147
13.055269999674925 0.6557184202784138 2.0381777161016523
13.226969999668425 0.797882368738088 1.6488670695860241
13.400689999661848 0.6452202897694203 2.011119875221745
13.57339999965531 0.7853324998539879 1.616903614432541
13.746109999648771 0.6348673586429915 1.9844462088810522
13.918819999642233 0.7732495201782107 1.5862865781082647
14.092539999635656 0.6243659246315251 1.9575799005414507
14.265249999629118 0.7612625005851006 1.5557876079711597
14.43795999962258 0.6142069039782858 1.931521317279905
14.610669999616041 0.7497599588534201 1.5266008687809474
14.783379999609503 0.6041224218768808 1.9057093437803152
14.956089999602964 0.7385012523092757 1.498003173095408
15.129809999596388 0.5939054965944992 1.879735560493434
15.301509999589888 0.7274855575498068 1.469998495404612
15.475229999583311 0.5841853499705294 1.8549582477140003
15.647939999576773 0.7165270849613575 1.4420630026571901
15.820649999570234 0.574697674466425 1.8308231332727298
15.993359999563696 0.7060355407549953 1.4153307749249944
16.16606999955716 0.5654779578648195 1.8074010642635474
16.33877999955062 0.6957960216576164 1.3891875555402389
16.511489999544082 0.5565139237675293 1.7846438428391953
16.684199999537544 0.6858028561858152 1.363629064262173
16.856909999531005 0.5477790738580081 1.7624757607376806
17.029619999524467 0.6760422200500052 1.3386338452221813
17.20232999951793 0.5392503899096348 1.7408380069324991
17.37503999951139 0.6664981050878859 1.3141710071213786
17.547749999504852 0.5309088789042259 1.7196868630363404
17.720459999498313 0.6571588235565938 1.2902152330527827
17.893169999491775 0.5227416806814909 1.698999663314238
18.065879999485237 0.6480152953664872 1.2667425330942672
18.238589999478698 0.5147378515857483 1.6787534198800635
18.41129999947216 0.6390623980558203 1.2437402242261308
18.58299999946566 0.5070914195892718 1.6594419363598734
18.75570999945912 0.6305322878607593 1.2217560095652558
18.928419999452583 0.4994114704829584 1.6400508768191213
19.101129999446044 0.6219820842765513 1.1997735060294445
19.273839999439506 0.49187690826968145 1.6210266693785558
19.446549999432968 0.6136089823346734 1.1782609711487924
19.61925999942643 0.48449043036700273 1.6023747275170752
19.79196999941989 0.6054043860291791 1.1572048020988879
19.96366999941339 0.4774359676759768 1.584575526593257
20.136379999406852 0.597580358646156 1.1371120221842612
20.309089999400314 0.4703849679158191 1.5667731534249163
20.481799999393775 0.589735559499221 1.117026282297462
20.654509999387237 0.46345768555472544 1.5492938956362834
20.8272199993807 0.5820332492789926 1.0973140508927726
20.9989199993742 0.45682436550704064 1.532548360900754
21.17162999936766 0.5746833980765763 1.0785167511017102
21.34433999936112 0.4501517790377425 1.5157293651265835
21.517049999354583 0.5673075348887665 1.0596564773824646
21.689759999348045 0.4435478713276043 1.4990865216846339
21.861459999341545 0.5602324345526792 1.0415909241385246
22.034169999335006 0.43723581189676897 1.4831414987394598
22.206879999328468 0.5531552944933084 1.023509497285502
22.37958999932193 0.43084009088627656 1.467011812656771
22.55128999931543 0.5463487553972416 1.0061362059522794
22.72399999930889 0.4247191519188386 1.4515471449979334
22.896709999302352 0.5395496870220906 0.9887757382750384
23.069419999295814 0.4185322579454647 1.4359275206974886
23.241119999289314 0.5330100078526501 0.9720755495322253
23.413829999282775 0.41261257272827634 1.4209773405608805
23.586539999276237 0.5264681387594967 0.9553831423513182
23.7592499992697 0.4066239228666316 1.4058434732596048
23.9309499992632 0.5201873959213306 0.939337022158504
24.10365999925666 0.4008988140379571 1.3913947235801527
24.27636999925012 0.5138823748660096 0.9232673976785288
24.44806999924362 0.3952486492336763 1.3771085513526682
24.620779999237083 0.5078520752669887 0.9078617843960579
24.793489999230545 0.3895959736282809 1.3627127227892277
24.966199999224006 0.501758754034883 0.8923521581902683
25.137899999217506 0.3841684461812327 1.3488997583257167
25.310609999210968 0.4959573458626538 0.8775327868183358
25.482309999204467 0.37881397542249584 1.3352543163653752
25.65501999919793 0.4902352848686592 0.8629123956741314
25.82772999919139 0.3734621582244527 1.3215231120767723
26.000439999184852 0.48444564858237915 0.8481956908430122
26.172139999178352 0.3683100553649108 1.3083444631531105
26.344849999171814 0.47891942899216633 0.8340715541875432
26.516549999165314 0.36323094620618 1.2953382293968807
26.689259999158775 0.4734612074610501 0.8201183556057701
26.861969999152237 0.3581432891061318 1.2822138638958869
27.0346799991457 0.46791433840184016 0.8060291072370829
27.206379999139198 0.3532534788087871 1.2696437226845991
27.37908999913266 0.4626285647231208 0.7925177087586333
27.55078999912616 0.3484339342700856 1.2572312213441794
27.72349999911962 0.4574077320861239 0.7791761963616639
27.89519999911312 0.3436967349156138 1.2449737831033314
28.067909999106583 0.45225271049711424 0.7660077737090432
28.240619999100044 0.3389491066170286 1.2326021654637365
28.413329999093506 0.44701681282203787 0.752721933244227
28.585029999087006 0.3343764484801627 1.220726558137597
28.757739999080467 0.4420264809602852 0.7399789119793554
28.929439999073967 0.3298712283665012 1.2089949955303991
29.10214999906743 0.4371020599804395 0.7274057674077072
29.27384999906093 0.3254355333478398 1.1974063074506325
29.44655999905439 0.43224417690140016 0.7150033443716008
29.61926999904785 0.3209717884608547 1.185649982000514
29.79096999904135 0.427453243739758 0.7027731019134231
29.963679999034813 0.3166949100454225 1.1744050937322226
30.136389999028275 0.4225875572542001 0.690431708487993
30.308089999021774 0.3124805650151615 1.1632977569557168
30.480799999015236 0.41795269966786996 0.6786061726644532
30.652499999008736 0.308338094421278 1.1523285248876358
30.825209999002197 0.4133829851320933 0.666951979723196
30.996909998995697 0.30425904656118596 1.1414979878049403
31.16961999898916 0.4088773222757946 0.6554650152934549
31.34131999898266 0.3002519852247605 1.1308069105964158
31.51402999897612 0.4044354355226621 0.6441423833102977
31.68572999896962 0.2963020924080577 1.120255379645152
31.85843999896308 0.4000573930730166 0.6329823018060288
32.03114999896761 0.2923388209392356 1.1095531944669057
32.202849999022106 0.39574305255481296 0.6219834299378446
32.37555999907693 0.28853017989680774 1.099313943457303
32.54725999913143 0.39149124734341284 0.6111429458067974
32.71996999918625 0.28478936223764983 1.089211396012324
32.89267999924107 0.3871659824525644 0.600188202834151
33.06437999929557 0.2811072904902946 1.0792445577913812
33.23708999935039 0.3830435565863409 0.5896764694446222
33.40878999940489 0.277495650458612 1.069411051439384
33.58149999945971 0.3789779081691762 0.5793114441010383
33.75319999951421 0.2739392779433525 1.059708292280781
33.92590999956903 0.3749684568268842 0.5690938780014587
34.09760999962353 0.27045722343960044 1.0501340021397243
34.27031999967835 0.37101476424955226 0.5590230357541026
34.44201999973285 0.26702957946704553 1.0406861683481927
34.61472999978767 0.3671161181758219 0.5490967663817736
34.78642999984217 0.2636761645040392 1.0313627035095085
34.95913999989699 0.3632721505068336 0.5393125611842131
35.13083999995149 0.2603856769043805 1.0221617642305558
35.30355000000631 0.35948155873288967 0.5296673560940768
35.47525000006081 0.25715651295659037 1.0130815178955865
35.64796000011563 0.35574279077364357 0.5201576241179895
35.81966000017013 0.25399824462101617 1.004120031879141
35.99237000022495 0.35205482208514893 0.5107804170541352
36.16407000027945 0.2509075936262505 0.9952755777992595
36.33678000033427 0.34841662705432064 0.5015325985343266
36.50848000038877 0.24787070409839337 0.986546698396118
36.68119000044359 0.34482710071463185 0.4924105596753936
36.85289000049809 0.24490288315083686 0.9779323949543062
37.02560000055291 0.3412851659282401 0.48341110206843174
37.19730000060741 0.24198953654842378 0.9694317889447635
37.37001000066223 0.3377899335712292 0.4745316546663214
37.54171000071673 0.2391350141413343 0.9610437587292853
37.714420000771554 0.33434074964612814 0.46577005845822583
37.886120000826054 0.23634470981035482 0.9527673211040977
38.058830000880874 0.3309371572081652 0.45712437358108593
38.230530000935374 0.23360153369022119 0.9446014431115923
38.403240000990195 0.3275785603572843 0.4485925780541633
38.574940001044695 0.23092115612943953 0.93654372155344
38.747650001099515 0.32426423923506553 0.4401732861845864
38.919350001154015 0.22828595531978324 0.9285918997225417
39.092060001208836 0.32099328973168684 0.43186491459050735
39.263760001263336 0.22570085569375387 0.9207439701007458
39.435460001317836 0.3178724618655978 0.4239070138521317
39.608170001372656 0.22317063341034835 0.9129980652622272
39.779870001427156 0.3146907959463998 0.4158320522803072
39.95258000148198 0.22068507813961014 0.9053524533391255
40.12428000153648 0.31155038241523936 0.4078639850791155
40.2969900015913 0.21825692674109384 0.8978052190382613
40.4686900016458 0.3084505623196 0.400000460422556
40.6403900017003 0.21592645621423937 0.8905741160348923
40.81310000175512 0.30539074455178405 0.39223899882580016
40.98480000180962 0.21360173582573583 0.8832325248441353
41.15751000186444 0.30237039221128714 0.3845772663709224
41.32921000191894 0.2113096092950414 0.8759833882373003
41.50192000197376 0.2993890172499908 0.3770131444687963
41.67362000202826 0.20906277688847844 0.8688251103826761
41.84633000208308 0.29644603626989874 0.3695446510045719
42.01803000213758 0.20686541503651457 0.8617561080816349
42.1907400021924 0.29354082943854876 0.3621701587186221
42.3624400022469 0.20469491193157896 0.854774865254937
42.5341400023014 0.2907597422204947 0.3551129203954395
42.70685000235622 0.20258522163361736 0.8478797327020393
42.87855000241072 0.28793753808913713 0.347948476671589
43.05126000246554 0.20050525189482293 0.8410688108627329
43.22296000252004 0.28515105502120464 0.34087357537287977
43.39567000257486 0.19845014505527322 0.8343398373485078
43.56737000262936 0.28239934650305576 0.3338863980438367
43.73907000268386 0.19652092014257827 0.8278952304802356
43.91178000273868 0.27968167665748933 0.32698543004086034
44.08348000279318 0.19455977853720074 0.8213496860220326
44.256190002848 0.27699738024915943 0.32016897611671924
44.4278900029025 0.19262101555747202 0.8148795013846022
44.599590002957 0.27441739351539407 0.31363417884051614
44.77230000301182 0.19074265399244927 0.8084821373023132
44.94400000306632 0.271809378487184 0.30701273284416963
45.11671000312114 0.18888534268169532 0.8021552617115013
45.28841000317564 0.2692327475864996 0.3004708874982498
45.46112000323046 0.18704829654186617 0.7958969210814959
45.63282000328496 0.26668674940143045 0.2940067981302419
45.80452000333946 0.18532420468661293 0.7898936148712066
45.97723000339428 0.2641704936180236 0.2876186322513963
46.14893000344878 0.18357496637309112 0.7838023434975416
46.3216400035036 0.2616829872483367 0.28130448223754323
46.4933400035581 0.18184545430103494 0.7777797281348753
46.6650400036126 0.2592954980207718 0.275270885354828
46.83775000366742 0.18015984499281734 0.7718253575391243
47.00945000372192 0.2568763451411201 0.26913431717443537
47.182160003776744 0.1785077942402169 0.7659383989721325
47.353860003831244 0.25448434764447336 0.2630676354387962
47.526570003886064 0.17687415199530931 0.7601168657525248
47.698270003940564 0.25211915928237427 0.2570696002692441
47.869970003995064 0.1753338512660525 0.7545586408100768
48.041670004049564 0.24983609470718027 0.2513123290276753
48.214380004104385 0.17378257517383655 0.7488928666968042
48.386080004158885 0.24753680486668475 0.24548374953405894
48.558790004213705 0.17224758919357064 0.7432860555336429
48.730490004268205 0.2452629341963093 0.23971962433815275
48.903200004323025 0.1707364708090252 0.7377366133362595
49.074900004377525 0.24301397330576666 0.23401838130068242
49.246600004432025 0.16931809677391563 0.7324106414919096
49.419310004486846 0.24078940443405272 0.2283786178617242
49.591010004541346 0.16787732840843927 0.7270073294443957
49.762710004595846 0.23864763389065713 0.22298570114328564
49.935420004650666 0.16645125827758922 0.7216588653899181
50.107120004705166 0.2364840928522003 0.21750060533316518
50.27983000475999 0.16507304167471515 0.7163642773417411
50.45153000481449 0.23434333388827874 0.21207253022198502
50.62424000486931 0.16371334739752919 0.7111223914823217
50.79594000492381 0.2322248870761148 0.20670038035451865
50.96764000497831 0.16241590718764587 0.7061144224278282
51.13934000503281 0.23018168274710737 0.2015559233143227
51.31205000508763 0.16111442608630555 0.7010098834937084
51.48375000514213 0.22812065440859444 0.1963276006945902
51.65646000519695 0.15984221659490194 0.6959547353462825
51.82816000525145 0.2260804700702549 0.19115060982335397
52.00087000530627 0.15858211359188024 0.6909479466277291
52.17257000536077 0.22406074030439627 0.18602362238429038
52.34427000541527 0.1573875963204684 0.6861631911810662
52.51597000546977 0.22211298305057273 0.18111160072148413
52.68868000552459 0.15619782044181818 0.681286203185627
52.86038000557909 0.22014745041652198 0.17611706854342435
53.03309000563391 0.15501904250361687 0.6764543279789148
53.20479000568841 0.21820110158153705 0.17116947339083088
53.37750000574323 0.1538511251101662 0.6716669340253056
53.54920000579773 0.21627358182485257 0.16626841451394814
53.72090000585223 0.15276878206486355 0.6671010893096296
53.89260000590673 0.21441829157654238 0.1615768639906312
54.06531000596155 0.15166847907910808 0.6624379565060234
54.23701000601605 0.2125419775592381 0.15680263401134376
54.40972000607087 0.15057829173294945 0.6578175376814044
54.58142000612537 0.21068340600907043 0.1520729558363132
54.75312000617987 0.14954804732921434 0.6533901087022453
54.92583000623469 0.20884228843490027 0.14738742726451148
55.09753000628919 0.14852363288531867 0.6488912146909942
55.26923000634369 0.20707637289870948 0.14291194362203719
55.44194000639851 0.1475085500270037 0.6444333544320724
55.61364000645301 0.20528384958585555 0.13834851369323165
55.78635000650783 0.1465026847613108 0.6400160513685194
55.95805000656233 0.20350790308102795 0.13382764465925678
56.12975000661683 0.14556526970948502 0.6358053301890099
56.30145000667133 0.20179813942346336 0.12948864349355826
56.47416000672615 0.1446224616156091 0.6315043223110495
56.64586000678065 0.2000693054866333 0.12508682380885094
56.81857000683547 0.14368804009453906 0.6272415016960631
56.99027000688997 0.19835628596659471 0.12072575018313714
57.16197000694447 0.14279442981859658 0.6231663625837935
57.33468000699929 0.19665887526450765 0.11640508609069844
57.50638000705379 0.14190079290639002 0.6190152563689155
57.67808000710829 0.19503477973529415 0.11227787669384481
57.85079000716311 0.141034728136595 0.614900217962977
58.02249000721761 0.19338227407789166 0.10807144447869677
58.19419000727211 0.14020491613414054 0.610958742418477
58.36690000732693 0.19174453167460626 0.1039034937274752
58.53860000738143 0.13936144012927854 0.6069511430930596
58.71030000743593 0.190174352656175 0.09990992105094465
58.88301000749075 0.138531097313361 0.6029774047769942
59.05471000754525 0.18857973458794697 0.095852479425651
59.22641000759975 0.1377632398728793 0.5991663301514794
59.399120007654574 0.18699924813744173 0.09183188675260245
59.570820007709074 0.13698329825450817 0.5952955041540364
59.742520007763574 0.18548203695600585 0.08797097166350909
59.915230007818394 0.1362097659458713 0.5914566874092975
60.086930007872894 0.18394314888072938 0.08405729459625144
60.258630007927394 0.13546784990110872 0.5877726407471084
60.431340007982215 0.18241737861546703 0.08017851746943139
60.603040008036714 0.13473745422603411 0.5840328442167197
60.774740008091214 0.1809511611385629 0.07644750334322437
60.947450008146035 0.1340242489898933 0.5803234286354986
61.119150008200535 0.1794649178732144 0.07267098411839479
61.290850008255035 0.13334054193928346 0.5767631004956586
61.463560008309855 0.17799087020381432 0.06892699575379302
61.635260008364355 0.1326456348381162 0.573148724014394
61.807970008419176 0.17652877918102905 0.0652149813361036
61.979670008473676 0.13196008001194015 0.5695629086843734
62.151370008528176 0.17513683985307504 0.061673970713926884
62.323070008582675 0.13133225944705818 0.566121611968895
62.495780008637496 0.1737115542229829 0.05805750445947444
62.667480008691996 0.1306933103320208 0.5626262803364424
62.840190008746816 0.1722975488816073 0.05447116723732437
63.011890008801316 0.13005921840669954 0.5591578843872735
63.183590008855816 0.17095129802078624 0.05104798841009117
63.355290008910316 0.12945225135876748 0.5558302818578831
63.52800000896514 0.16957252387967858 0.04755313555721008
63.69970000901964 0.12883942148195715 0.552448227851221
63.87241000907446 0.1682044902158787 0.044086792414677056
64.04411000912896 0.12825835848138634 0.5490916290240788
64.21581000918346 0.16690214917578705 0.040777366297384265
64.38751000923796 0.12770278522595646 0.5458721178249859
64.56022000929278 0.16556798288316488 0.03739862022515972
64.73192000934728 0.12713599388051144 0.542597999937855
64.9046300094021 0.1642440971546224 0.03404674757534476
65.0763300094566 0.1265734145419556 0.5393481894060193
65.2480300095111 0.16298393351062557 0.030846271684958904
65.4197300095656 0.12603574059717926 0.5362317831723917
65.59244000962042 0.16169258652149887 0.027577587946259197
65.76414000967492 0.12550957435242105 0.5330611164433674
65.93685000972974 0.1604110945699695 0.02433402303622101
66.10855000978424 0.12499623646214275 0.5299137895078299
66.28025000983874 0.15919134685294678 0.021236960050874387
66.45195000989324 0.12450600116976529 0.5268958810337065
66.62466000994806 0.15794109870519402 0.01807264004684006
66.79636001000256 0.12400505823412056 0.5238244462427599
66.96907001005738 0.15670028931152424 0.014932237217024635
67.14077001011188 0.12350776676722675 0.5207752922576359
67.31247001016638 0.15551918576304313 0.011934331111118635
67.48417001022088 0.12303265420393471 0.5178510293846972
67.6568800102757 0.15430838454554785 0.008870271131955487
67.8285800103302 0.12257544708695857 0.514874432108714
68.00129001038502 0.15310666418118646 0.005829179800120876
68.17299001043952 0.12212377290442955 0.5119191280935409
68.34469001049402 0.15196256939949693 0.0029268762223755296
68.51639001054852 0.1216922170829916 0.509083776477226
68.68910001060334 0.15079058290830039 4.0749842677989534e-05
68.86080001065784 0.12125116995614649 0.5061980901436502
69.03250001071234 0.14971984221179246 0.002900592766819088
69.20521001076716 0.12081332022161728 0.5033329415435439
69.37691001082166 0.14863316731501885 0.005796647225841944
69.54861001087616 0.12039456914032552 0.5005827515045524
69.72132001093098 0.14755457340054312 0.00867134474619169
69.89302001098548 0.1199868408575937 0.4977848795125528
70.06472001103998 0.14655906207058855 0.011441045975613129
70.2374300110948 0.11959165647461512 0.4950070278861962
70.4091300111493 0.14556172356695019 0.014246667931927526
70.5808300112038 0.1192135208504782 0.4923392058381437
70.75354001125862 0.14457184317082772 0.017031559272340235
70.92524001131312 0.1188276855004401 0.4896268001411852
71.09694001136762 0.1436355936410546 0.019714335374521053
71.26965001142244 0.11844472533977923 0.48693412004029435
71.44135001147694 0.14272243833495046 0.022432120789106502
71.61305001153144 0.1180779402796105 0.48434666787077196
71.78576001158626 0.14181621094706254 0.025129447042848696
71.95746001164076 0.1177046753680977 0.4817180868811888
72.12916001169526 0.14094385506817508 0.027727442083880227
72.30187001175008 0.11736086306933702 0.47910907296822014
72.47357001180458 0.14009125840759207 0.030359044589012285
72.64527001185908 0.11703270348097261 0.47660050492567274
72.8179800119139 0.13926400002013273 0.03297040555950703
72.9896800119684 0.11669868043521403 0.47405437827652275
73.1613800120229 0.1384672879286839 0.035485409697744164
73.33409001207772 0.11636724374529918 0.4715276262105439
73.50579001213222 0.1376603802211166 0.03803238824007238
73.67749001218672 0.11604904175079234 0.4690965416025761
73.85020001224154 0.13689274140144925 0.04055931621066433
74.02190001229604 0.1157256771791767 0.4666314322346876
74.19360001235054 0.13616735220405674 0.04299292896591256
74.36631001240536 0.11540486154207476 0.4641854893440711
74.53801001245986 0.13543330101184303 0.04545675866476362
74.70971001251436 0.11511646137338916 0.4618305833322789
74.88242001256918 0.1347051580853773 0.0479007755066152
75.05412001262368 0.11482992014304028 0.45944507681634494
75.22582001267818 0.13402268861778321 0.05025458586289666
75.398530012733 0.11454567957961724 0.4570784886031354
75.5702300127875 0.1333572522515547 0.0526368450248782
75.74294001284233 0.11426374246322334 0.45473088339875734
75.91464001289683 0.13269726931073667 0.05499958763326429
76.08634001295133 0.1139949687137576 0.45249115788082994
76.25804001300583 0.13206062266429786 0.05727526294007079
76.43075001306065 0.11372006639311183 0.45020235604460446
76.60245001311515 0.13141745474053546 0.05957769255393597
76.77516001316997 0.11344741926288292 0.44793217359292425
76.94686001322447 0.13081558958442407 0.061861010251762494
77.11856001327897 0.11318935753162418 0.4457652285663638
77.29026001333347 0.1302404786844099 0.06406041778014293
77.46297001338829 0.11294863475025008 0.44355246297772544
77.63467001344279 0.1296598839929589 0.06628508165158475
77.8073800134976 0.11270990938213976 0.44135790223477356
77.9790800135521 0.1290841628215006 0.06849113057488809
78.1507800136066 0.11248192252820344 0.43926249098500403
78.32349001366143 0.12851330893493862 0.07067858062960175
78.49519001371593 0.11224928618512686 0.43712393817086914
78.66689001377043 0.12800142217591215 0.07276531071412906
78.83960001382525 0.11201858900685768 0.4350031255361264
79.01130001387975 0.1274838884802686 0.07489626825376572
79.18300001393425 0.11179818024796416 0.43297794837464654
79.35571001398907 0.12697076006786323 0.07700915858066537
79.52741001404357 0.11157340554021922 0.4309116424420889
79.69911001409807 0.12648032121977681 0.07902462932869447
79.87182001415289 0.11135050241097143 0.4288625644217281
80.04352001420739 0.12598059284157315 0.0810827107436407
80.21522001426189 0.1111564622128347 0.426906206553046
80.38692001431639 0.1255137670655737 0.08306485927529472
80.55963001437121 0.11096242540939782 0.42491011732207484
80.73133001442571 0.1250628407668286 0.08506920750052105
80.90404001448053 0.11077000388212865 0.42293073872500253
81.07574001453503 0.12461576028406007 0.08705651010432192
81.24744001458953 0.11058618187400572 0.42104169329838514
81.41914001464403 0.12418455858128263 0.08896967593926552
81.59185001469885 0.11039873937207102 0.41911374030341175
81.76355001475335 0.12374927657208712 0.09090480399908119
81.93626001480817 0.11021285898722066 0.4172019618488676
82.10796001486267 0.12331771280021418 0.0928234336418865
82.27966001491717 0.11003536850949823 0.41537863718106305
82.45136001497167 0.12291646973965954 0.09466918336721308
82.62407001502649 0.10985431536167456 0.4135167441787879
82.79577001508099 0.12252906495511973 0.09653720821892753
82.96747001513549 0.10967977953102725 0.4117243744683696
83.14018001519031 0.12214496707256106 0.09838929673225971
83.31188001524481 0.10952187539516767 0.4099113097153828
83.48358001529931 0.1217751564217987 0.10016920073885327
83.65629001535413 0.10936831811406689 0.4081133794509473
83.82799001540863 0.121401247320729 0.10197229238466665
83.99969001546313 0.10922035727505197 0.40638449329615245
84.17240001551795 0.12103052285998739 0.10376005910150976
84.34410001557245 0.109070810658474 0.404633766802609
84.51580001562695 0.12067408281289294 0.10547584318973957
84.68851001568177 0.10892249548397669 0.4028975893390352
84.86021001573627 0.12033720730584962 0.10721626354971425
85.03191001579077 0.10877974478431363 0.401230522042495
85.20462001584559 0.12000916573343767 0.10894195515965821
85.37632001590009 0.10863530283997025 0.3995399865989624
85.54802001595459 0.11969427069814755 0.11059533590727089
85.72073001600941 0.1084920376443983 0.39786341956047355
85.89243001606391 0.11937496195682197 0.11227527073571775
86.06413001611841 0.10835436496167328 0.3962565658230721
86.23684001617323 0.1190583457850193 0.11394105257208631
86.40854001622773 0.10821483847592273 0.3946240914085575
86.58024001628223 0.11875507368772574 0.11553371025583292
86.75295001633705 0.10809278287957713 0.3930050114718031
86.92465001639155 0.11844688680797556 0.11715529393567792
87.09635001644605 0.10797880436453 0.3914568104736338
87.26906001650087 0.11815142946577484 0.11876329200479763
87.44076001655537 0.10786311082560951 0.38988031918500976
87.61246001660987 0.11788550123459494 0.12029689518944231
87.7851700166647 0.10774833322321331 0.38831666197322035
87.9568700167192 0.11761458620869625 0.12186221693810673
88.1285700167737 0.10763851261555812 0.3868256079964105
88.3002700168282 0.11735369834374208 0.12336704120616826
88.47298001688301 0.1075267269133875 0.3853030790088252
88.64468001693751 0.11709000226716348 0.12489071826699005
88.81638001699201 0.10741893323261452 0.3838398367004281
88.98909001704683 0.116828456632304 0.12640183520382653
89.16079001710133 0.10731007506791879 0.3823574604969293
89.33249001715583 0.1165774666175433 0.12785000290833626
89.50520001721065 0.1072020600844602 0.38088691591819934
89.67690001726515 0.11632286483115106 0.12932096502836776
89.84860001731965 0.10709832817057542 0.37947875413347765
90.02131001737447 0.1160703025523473 0.13077990897606417
90.19301001742897 0.1069931474128778 0.3780469403059983
90.36471001748347 0.11585068394342779 0.13217310158828433
90.5374200175383 0.10689670703922473 0.37662640396617375
90.7091200175928 0.11562850061885843 0.13359336853003834
90.8808200176473 0.10681370940380397 0.37527171782982816
91.0525200177018 0.11541466338001649 0.13495952185303972
91.22523001775662 0.10672919043452135 0.3738884346499938
91.39693001781112 0.11519834637221582 0.13634214978357484
91.56863001786562 0.10664783948772627 0.3725600422761488
91.74134001792044 0.11498370762793952 0.13771377522285855
91.91304001797494 0.10656553550615899 0.3712130538639613
92.08474001802944 0.11477816820088993 0.13902750967297317
92.25745001808426 0.10648383621250668 0.36987638358062513
92.42915001813876 0.11456917850347505 0.14036291752639318
92.60085001819326 0.1064056729041778 0.3685990909870207
92.77356001824808 0.11436178996693347 0.1416878277154865
92.94526001830258 0.1063261031265017 0.367297354614482
93.11696001835708 0.11416428905799292 0.14295079493384932
93.28866001841158 0.10624952247323316 0.36604536871072124
93.4613700184664 0.11396826375183533 0.14424084159025963
93.6330700185209 0.10617202124521741 0.3647776491084387
93.8047700185754 0.11379509601782835 0.14547857184623592
93.97748001863022 0.10609506711695205 0.36351936820848696
94.14918001868472 0.11361906768676576 0.1467346636020661
94.32088001873922 0.10602150228011196 0.3623160962146543
94.49359001879404 0.11344434845668748 0.14798113787342082
94.66529001884854 0.10594652939859882 0.3610905331571157
94.83699001890304 0.11327802469532323 0.14917044464923812
95.00869001895754 0.1058782962948217 0.359911494161369
95.18140001901236 0.1131078604009107 0.15038425182868354
95.35310001906686 0.1058203437202404 0.35871774680759083
95.52480001912136 0.11294496130690557 0.15154933696155393
95.69751001917618 0.1057627774266643 0.35753260980267987
95.86921001923068 0.11277922985754674 0.1527313435569111
96.04091001928518 0.10570788891286509 0.3563998484052644
96.21362001934 0.11261469491362486 0.15390455351709242
96.3853200193945 0.10565178818642273 0.355245312553476
96.557020019449 0.11245828362280132 0.1550235564506841
96.7287200195035 0.105598033239792 0.3541356930762962
96.90143001955832 0.11229800433329173 0.15616619123594022
97.07313001961282 0.1055433564078122 0.3530109081181343
97.24483001966732 0.11214580868172741 0.15726204459858284
97.41754001972214 0.10548903128427367 0.3518939619969519
97.58924001977664 0.11200763957765825 0.15837494770103433
97.76094001983114 0.1054374207234372 0.3508282124289219
97.93365001988596 0.11187042886189169 0.1594798374522921
98.10535001994046 0.10538446336699403 0.3497398251235406
98.27705001999496 0.1117403687815919 0.16053197687732057
98.44875002004946 0.1053339186806893 0.3486960316967602
98.62146002010428 0.11160666289866661 0.16160832075906573
98.79316002015878 0.10528229035404102 0.3476353842894797
98.96486002021328 0.11147930610078582 0.16263843115207344
99.1375700202681 0.10523098599229162 0.3465818565262513
99.3092700203226 0.11134900192584618 0.1636870419063574
99.4809700203771 0.10518245169195994 0.3455794634193654
99.6526700204316 0.11122429110307241 0.1646954676585488
99.82538002048642 0.10513242826932878 0.3445525567041141
99.99708002054092 0.11109728805808261 0.16571714873134802
100.16878002059542 0.10508489030944934 0.3435708954077632
100.34149002065024 0.1109711188347351 0.16673189728239057
100.51319002070474 0.10504109381408967 0.3425698402695132
100.68489002075924 0.11085137064514262 0.1676998229312665
100.85659002081374 0.10500695426949114 0.3416085278898695
101.02930002086856 0.11072837257063906 0.16868878953157918
101.20100002092306 0.10497199433723979 0.3406325688664058
101.37270002097756 0.11061110714135458 0.16963627394638303
101.54541002103238 0.10493724715195929 0.3396627840686839
101.71711002108688 0.11049118627871313 0.17060022265947827
101.88881002114138 0.10490446056986269 0.33873960034208617
102.06051002119588 0.11038697245305963 0.17152764620287364
102.2332200212507 0.104870571347072 0.3377938786152668
102.4049200213052 0.1102849658089252 0.17246730927295006
102.5766200213597 0.10483844934096086 0.33688980737994756
102.74933002141452 0.11018359057701699 0.17340098654173852
102.92103002146902 0.10480539378750653 0.33596744516258825
103.09273002152352 0.11008744315675312 0.17429114157054837
103.26443002157802 0.10477392243750394 0.3350821073275001
103.43714002163284 0.10998856812630886 0.175201490103305
103.60884002168734 0.10474167662086653 0.3341824258599302
103.78054002174184 0.10989440662226635 0.17607274821112018
103.95224002179634 0.10471084151671428 0.33331544916482825
104.12495002185116 0.10979796175279444 0.17696042636842213
104.29665002190566 0.10467938221589569 0.3324378097503189
104.46835002196016 0.10970574736758953 0.17781317837638477
104.64106002201498 0.10464810275303506 0.331565316474447
104.81276002206948 0.10961166543960088 0.17867886151607948
104.98446002212398 0.1046184772623977 0.3307326566798552
105.15616002217848 0.10952136079214192 0.1795135109482371
105.3288700222333 0.10458795783499199 0.3298813966790992
105.5005700222878 0.10942957797613838 0.18035785171367502
105.6722700223423 0.10455893256755744 0.32906603800715306
105.84498002239712 0.10933832815243694 0.1811972116956162
106.01668002245162 0.10452915518915795 0.3282354254494524
106.18838002250612 0.10925160091041952 0.1819984303360389
106.36008002256062 0.10450072079255224 0.32743701189338337
106.53279002261544 0.10916256494937802 0.18281730926499318
106.70449002266994 0.1044716670302066 0.32662645917040933
106.87619002272444 0.10907763379780222 0.18360162157796678
107.04890002277926 0.10444277624518827 0.3258204384430252
107.22060002283376 0.10899074870520398 0.18440062188045392
107.39230002288826 0.10442361320647153 0.32505357325576245
107.56400002294276 0.10891283354025584 0.18516841328768407
107.73671002299758 0.10440577891390312 0.32426685844049175
107.90841002305208 0.10884021571174451 0.18594810586763932
108.08011002310658 0.10438891825672747 0.3235158746464073
108.25181002316108 0.1087704972006458 0.1866997485433175
108.4245200232159 0.10437151303686076 0.3227479346133988
108.5962200232704 0.1086996175892273 0.18746067933151922
108.7679200233249 0.10435499102820667 0.32201250070862386
108.94063002337973 0.10862912189855012 0.1882174298804884
109.11233002343423 0.10433800281785621 0.32126282887018354
109.28403002348873 0.1085621510852739 0.18893922319696
109.45573002354323 0.10432181323972822 0.3205426241337239
109.62844002359805 0.10849333220150505 0.18967790030427478
109.80014002365255 0.10430523024245852 0.319810734645809
109.97184002370705 0.1084277441042224 0.1903845847351704
110.14354002376155 0.10428936696460234 0.31910544683313447
110.31625002381637 0.1083605586973394 0.19110567812153922
110.48795002387087 0.10427317732066088 0.31839087112978115
110.65965002392537 0.10829632737061601 0.1917975867340549
110.83236002398019 0.10425706881376484 0.3176800229992449
111.00406002403469 0.10823073390865245 0.1925015722707979
111.17576002408919 0.10424182521427572 0.31700247997396014
111.34746002414369 0.10816783289516663 0.19317902941718978
111.5201700241985 0.10422609356996337 0.316308357979489
111.691870024253 0.10810378961063538 0.19386635625526782
111.8635700243075 0.10421115523454305 0.315644831248596
112.03628002436233 0.10804007873931776 0.19455008384068329
112.20798002441683 0.10419579086653108 0.31496701286714
112.37968002447133 0.107979657766897 0.1952007643849396
112.55138002452583 0.10418115230061076 0.31431722156478603
112.72409002458065 0.1079174454706947 0.1958683954046414
112.89579002463515 0.10416614662869961 0.3136552980669838
113.06749002468965 0.10785827305137952 0.1965055125823234
113.23919002474415 0.10415180257326807 0.31301896552108355
113.41190002479897 0.10779752154460387 0.19715746012054503
113.58360002485347 0.10413714729636736 0.3123725396607546
113.75530002490797 0.1077395719751949 0.1977812983054883
113.92700002496247 0.10412309268447917 0.31174939330685936
114.09971002501729 0.10768024462927815 0.19841796291256708
114.27141002507179 0.10410877977977097 0.3111180790589141
114.44311002512629 0.10762349286930839 0.19902880117882438
114.61582002518111 0.10409453661309442 0.3104899246406223
114.78752002523561 0.10757315415115276 0.1996505713200758
114.95922002529011 0.10408103156453097 0.3098912739459059
115.13092002534461 0.1075267519143096 0.20024868372806592
115.30363002539943 0.10406712129982143 0.3092777514145384
115.47533002545393 0.10747948789525419 0.20085593737910745
115.64703002550843 0.10405495167763279 0.30869149753202096
115.81873002556293 0.10743404469349084 0.2014415945448489
115.99144002561775 0.10404941898022146 0.30809224681705993
116.16314002567225 0.10738788508646091 0.20203469995999646
116.33484002572675 0.10404417514685094 0.3075181362495738
116.50755002578157 0.10734195529411406 0.2026248744116277
116.67925002583607 0.1040387741952209 0.3069328065366417
116.85095002589057 0.10729829972124783 0.20318748273692178
117.02265002594507 0.10403363606927263 0.30637058943194795
117.19536002599989 0.10725344009286442 0.2037639661659152
117.36706002605439 0.10402836430270623 0.3057988389119859
117.53876002610889 0.10721068607516526 0.20431489216258258
117.71046002616339 0.10402333046830936 0.30524826814363193
117.88317002621821 0.10716687006047476 0.20487802576599767
118.05487002627271 0.10401818495752958 0.30468976231202705
118.22657002632721 0.10712499822347632 0.20541751802786168
118.39928002638203 0.10401306527245267 0.3041339676056909
118.57098002643653 0.10708219910126404 0.2059676319737358
118.74268002649103 0.10400823066163312 0.30360500385880895
118.91438002654553 0.10704119019912194 0.20649593481211204
119.08709002660035 0.10400323297074954 0.30306203873283755
119.25879002665485 0.1069993826512251 0.20703335133211986
119.43049002670935 0.10399849631109193 0.30254400430487216
119.60219002676385 0.10695921857885293 0.20755070620648297
119.77490002681867 0.10399361782890981 0.3020135557585957
119.94660002687317 0.10691837843780859 0.20807573894218168
120.11830002692767 0.10398897772782269 0.3015062202403329
120.29000002698217 0.1068790417269353 0.208582383236533
120.46271002703699 0.1039842158372919 0.30098798455431286
120.63441002709149 0.10683914560412267 0.20909533681194858
120.80611002714599 0.10397967108158579 0.3004911223781326
120.97882002720081 0.10679944130994024 0.20960585845996027
121.15052002725531 0.10397502324784802 0.2999848044825004
121.32222002730981 0.10676164445315937 0.21009267375317053
121.49392002736431 0.10397057278688081 0.2994981945049102
121.66663002741913 0.10672285561467731 0.21059148853432852
121.83833002747363 0.10396603651346924 0.2990035074438846
122.01003002752813 0.10668583636790074 0.21106826579253557
122.18173002758263 0.10396167939444166 0.29852693232110816
122.35444002763745 0.10664794109793109 0.21155565780476282
122.52614002769195 0.1039572522093687 0.298043596580122
122.69784002774645 0.10661168376459706 0.21202261665203004
122.87055002780127 0.10395284774562874 0.2975625404524451
123.04225002785577 0.1065746607369852 0.21249886196053058
123.21395002791027 0.10394866697500127 0.29710458614524704
123.38565002796477 0.10653914995687595 0.21295621765561323
123.55836002801959 0.10394436835214103 0.2966345411967164
123.73006002807409 0.10650297833172206 0.21342158432112734
123.90176002812859 0.10394027728227483 0.2961860028240837
124.07346002818309 0.10646842109811082 0.21386954743758402
124.24617002823791 0.10393608170346293 0.29572670751074615
124.41787002829241 0.10643993453286116 0.21432429552967758
124.58957002834691 0.10393207887070566 0.2952873858004246
124.76127002840141 0.10641248333648101 0.21476307123131644
124.93398002845623 0.10392798298302519 0.29483858508665417
125.10568002851073 0.10638465053016542 0.215207452519095
125.27738002856523 0.10392406628035578 0.2944082811701221
125.45009002862005 0.10635694834954712 0.21564977433251586
125.62179002867455 0.10392006712966206 0.2939697249576434
125.79349002872905 0.10633056894118999 0.21607150030490407
125.96519002878355 0.10391623494702118 0.29354824429889126
126.13790002883837 0.10630350070958883 0.21650376026196572
126.30960002889287 0.10391233019198122 0.2931196905827993
126.48130002894737 0.10627766251669968 0.21691687394720383
126.65300002900187 0.10390858105728874 0.29270684322636464
126.8257100290567 0.10625121321690444 0.21733930908752752
126.9974100291112 0.10390476847658547 0.292288056735146
127.1691100291657 0.10622590479759819 0.21774399756102625
127.34182002922051 0.10390496016743156 0.2918712156241843
127.51352002927501 0.1062000598256465 0.21815683834381927
127.68522002932951 0.1039068049711297 0.29147440874986996
127.85692002938401 0.10617526999363769 0.21855328424772447
128.02963002943883 0.10390868526700114 0.2910670519087333
128.20133002949333 0.10615001515579568 0.21895675471936826
128.37303002954783 0.10391049773234373 0.29067834225272593
128.54473002960233 0.10612573298003092 0.21934513665112787
128.71744002965715 0.10391233859112758 0.29028024901154303
128.88914002971165 0.1061010544755372 0.21973945493994895
129.06084002976615 0.10391411967438426 0.28989946286451795
129.23254002982065 0.10607726926831516 0.22011994747397345
129.40525002987548 0.10391592199364574 0.28951041848064296
129.57695002992998 0.1060531536797724 0.22050532580731863
129.74865002998447 0.10391767259438922 0.2891373859909008
129.9213600300393 0.10602915033256377 0.2208889323795371
130.0930600300938 0.10391943723867925 0.28875718146956775
130.2647600301483 0.10600628925357901 0.22125474428880132
130.4364600302028 0.10392115817422032 0.28839173657611017
130.60917003025762 0.10598283274376086 0.22162966466571232
130.78087003031212 0.10392288596271526 0.28802016851636747
130.95257003036662 0.1059604382367787 0.22198807753867067
131.12427003042112 0.10392457794635879 0.28766214895008524
131.29698003047594 0.1059375159783783 0.22235451064761547
131.46868003053044 0.10392626963517891 0.28729901939900104
131.64038003058494 0.10591557820429076 0.2227056827848295
131.81309003063976 0.10392795443166937 0.28693757466429215
131.98479003069426 0.10589317795098119 0.22306382195769192
132.15649003074876 0.10392958956471297 0.2865933830157208
132.32819003080326 0.10587168726270281 0.2234079072996331
132.50090003085808 0.10393123912546322 0.2862401409098658
132.67260003091258 0.10584979711591103 0.22375794027615914
132.84430003096708 0.10393284686236082 0.28590291764988285
133.01600003102158 0.10582874402969267 0.22409508805134593
133.1887100310764 0.10393446175806377 0.2855576930449799
133.3604100311309 0.10580735238951756 0.22443719643341353
133.5321100311854 0.10393604227899578 0.2852272916387677
133.70482003124022 0.10578606117173583 0.22477771723099504
133.87652003129472 0.10393762305716568 0.28488990471984277
134.04822003134922 0.10576582314914007 0.22510191067679486
134.21992003140372 0.10393917651842777 0.2845661823376422
134.39263003145854 0.10574501669347901 0.22543472240469375
134.56433003151304 0.10394072377912934 0.2842364575985412
134.73603003156754 0.10572518931575137 0.22575239604377684
134.90773003162204 0.1039422502557239 0.2839192743308683
135.08044003167686 0.1057048567572263 0.2260776704628653
135.25214003173136 0.10394376455700083 0.28359703998130925
135.42384003178586 0.10568543123858931 0.22638895904482093
135.59554003184036 0.10394526404341198 0.28328625828427656
135.76825003189518 0.10566556195910559 0.2267068642070047
135.93995003194968 0.1039467459261484 0.28297134580479444
136.11165003200418 0.10564652969382261 0.22701189959990486
136.284360032059 0.10394822161537687 0.28265791004576934
136.4560600321135 0.10562711330583885 0.2273225997226236
136.627760032168 0.10394966845611608 0.28235907533927795
136.7994600322225 0.10560846585455064 0.22762151089756877
136.97217003227732 0.10395111235113352 0.28205275986289413
137.14387003233182 0.10558949211480174 0.22792516638945326
137.31557003238632 0.10395253264907965 0.2817599359956069
137.48727003244082 0.10557122120752904 0.2282180795143529
137.65998003249564 0.10395394522606316 0.2814605808913573
137.83168003255014 0.10555268003413709 0.22851484700400215
138.00338003260464 0.1039553390951855 0.2811736419675803
138.17609003265946 0.10553422690948977 0.22881021927436684
138.34779003271396 0.10395672081054629 0.2808810910019277
138.51949003276846 0.10551890828679367 0.2290919176145323
138.69119003282296 0.10395808835576925 0.28059991396736095
138.86390003287778 0.10550514653712639 0.22938058871297962
139.03560003293228 0.1039594396288216 0.2803140144700955
139.20730003298678 0.10549201521015938 0.22965664789916795
139.37900003304128 0.10396078093704209 0.2800384791149746
139.5517100330961 0.10547856710342805 0.22993876618123688
139.7234100331506 0.10396210216302071 0.27975908198126787
139.8951100332051 0.10546569957766004 0.23020930120511984
140.06782003325992 0.10396341725050862 0.2794810123974978
140.23952003331442 0.10545255782853202 0.23048501150098044
140.41122003336892 0.10396470884306774 0.27921603058593814
140.58292003342342 0.10543994834590054 0.2307501345696905
140.75563003347824 0.10396599425770903 0.2789442847293322
140.92733003353274 0.10542710584132797 0.2310195782394442
141.09903003358724 0.10396726005435586 0.2786846037194035
141.27073003364174 0.10541474878319147 0.23127939882636728
141.44344003369656 0.10396851613709646 0.27841904045118326
141.61514003375106 0.10540219859811017 0.2315427137995596
141.78684003380556 0.10396975616909687 0.27816455114828553
141.95955003386038 0.10538970828235616 0.2318047689117475
142.13125003391488 0.10397098326256071 0.2779050328339916
142.30295003396938 0.10537782392897888 0.23205465952345072
142.47465003402388 0.10397219761598342 0.27765562899382257
142.6473600340787 0.10536561768008024 0.23231075059136908
142.8190600341332 0.10397339610953539 0.27740202152334303
142.9907600341877 0.10535397014827441 0.23255565083402097
143.1624600342422 0.10397458500768085 0.2771575999110154
143.33517003429702 0.1053420416823495 0.2328059083299583
143.50687003435152 0.10397575542692962 0.27690977302072817
143.67857003440602 0.10533062634347334 0.23304591744689462
143.85128003446084 0.10397691988675473 0.27666314279849447
144.02298003451534 0.10531897004596169 0.23329046882905047
144.19468003456984 0.1039780626516087 0.27642806294166933
144.36638003462434 0.10530779269826575 0.23352568356416192
144.53909003467916 0.10397920029368247 0.27618706093974765
144.71079003473366 0.10529644260653115 0.23376465272036961
144.88249003478816 0.1039803196593092 0.2759566753003373
145.05419003484266 0.10528551757252869 0.23399516678328514
145.22690003489748 0.10398451373434871 0.2757211800599735
145.39860003495198 0.10527442755415693 0.23422867435693995
145.57030003500648 0.10398876909801556 0.2754953973528207
145.7430100350613 0.10526339187075451 0.23446104136712886
145.9147100351158 0.10399307322644437 0.27526528953579765
146.0864100351703 0.10525288579953951 0.23468274343304563
146.2581100352248 0.10399724317513716 0.27504402039001397
146.43082003527962 0.10524210318699645 0.23490979387715827
146.60252003533412 0.10400144870460282 0.2748191831280611
146.77422003538862 0.1052318075241756 0.23512706572652586
146.94592003544312 0.10400553496237995 0.2746023397316666
147.11863003549794 0.10522127245969504 0.23534891521727053
147.29033003555244 0.10400964405159774 0.27438265816172036
147.46203003560694 0.10521118310570798 0.23556184315008943
147.63474003566176 0.10401373282621196 0.27416406012694683
147.80644003571626 0.10520089016679846 0.23577860503181114
147.97814003577076 0.10401766302911997 0.2739555156067719
148.14984003582526 0.10519100308147766 0.23598727368612238
148.32255003588008 0.10402165795084282 0.27374193446426665
148.49425003593458 0.10518094694578395 0.23619905908384142
148.66595003598908 0.1040255093068414 0.27353756026006204
148.8386600360439 0.10517094103225855 0.2364097891391137
149.0103600360984 0.10402941242557318 0.27332888603155414
149.1820600361529 0.10516143361046959 0.23661046935056218
149.3537600362074 0.10403318647569805 0.2731286007084055
149.52647003626222 0.10515165804996252 0.23681635745249618
149.69817003631672 0.10403699980121772 0.27292472560570546
149.86987003637122 0.10514234115437548 0.23701302408544178
150.04157003642572 0.10404069805817595 0.27272844926647943
150.21428003648055 0.10513279086074169 0.23721417654899435
150.38598003653505 0.10404442356100863 0.2725292676748259
150.55768003658955 0.1051236607494903 0.23740690787952268
150.73039003664437 0.10404813031834992 0.27233108612056967
150.90209003669887 0.10511433074078735 0.2376034288963269
151.07379003675337 0.10405168711962742 0.272142330402414
151.24549003680787 0.1051053837430641 0.23779230171027121
151.4182000368627 0.10405530844933586 0.2719487142090915
151.5899000369172 0.10509626914113512 0.23798429337641425
151.76160003697169 0.10405879382659246 0.27176373554952393
151.93330003702619 0.10508750165632354 0.238169382985165
152.106010037081 0.10406233161790955 0.27157458383019195
152.2777100371355 0.10507859768466588 0.2383569453260348
152.44941003719 0.10406574696548787 0.27139330841825515
152.62212003724483 0.10506973884656379 0.2385435588286744
152.79382003729933 0.10406920307160449 0.27120852236248716
152.96552003735383 0.10506130816099368 0.23872155660102923
153.13722003740833 0.1040725497558932 0.2710308777974402
153.30993003746315 0.10505265414959496 0.2389038624109996
153.48163003751765 0.1040759259953078 0.2708503606175583
153.65333003757215 0.10504439252451393 0.23907829561263805
153.82503003762665 0.10407920535516124 0.2706762758868275
153.99774003768147 0.10503593878493467 0.23925638923817383
154.16944003773597 0.10408250351012548 0.27049993281064166
154.34114003779047 0.10502784288478784 0.239427327409647
154.5138500378453 0.10408578489883726 0.27032448691627353
154.6855500378998 0.10501958495678154 0.23960130236285737
154.8572500379543 0.10408893867409919 0.27015707644784115
155.0289500380088 0.10501165150562763 0.23976881371656766
155.2016600380636 0.10409214415930167 0.26998568923222166
155.3733600381181 0.10500358501910878 0.23993876162706762
155.5450600381726 0.1040952344826227 0.26982163232822653
155.71777003822743 0.10499556002845267 0.24010783770180844
155.88947003828193 0.10409836576761233 0.26965421338810414
156.06117003833643 0.10498793147160834 0.24026892369179986
156.23287003839093 0.10410139386745365 0.26949344443942813
156.40558003844575 0.1049800925861253 0.24043408451380754
156.57728003850025 0.10410445261673018 0.2693299052692888
156.74898003855475 0.1049726169486862 0.24059194200898304
156.92068003860925 0.10410741969305272 0.26917235991328337
157.09339003866407 0.10496495998722644 0.24075327486489106
157.26509003871857 0.10411040752562595 0.26901261383439623
157.43679003877307 0.10495763423056503 0.24090796681335291
157.6095000388279 0.10411338002542392 0.26885369110236645
157.7812000388824 0.10495015510420513 0.24106555718717004
