0.001020000000000002 1.9247033466709293 4.800310911166205
0.16060000000001984 1.1521732126235948 3.1089005872684594
0.32321000000018246 1.646147579932402 4.090943315668727
0.48077000000034004 1.1402976060658676 3.08162956376421
0.6383299999997297 1.5443499180526281 3.783139262506452
0.7989199999989989 1.1038087988578713 3.0338603147351373
0.9564799999982818 1.4737127123122338 3.5710301234550212
1.1150499999988375 1.0742687606559742 2.967944331747263
1.2736199999998763 1.4145664036092516 3.412866242931767
1.4321900000009151 1.0467830425008509 2.8984377187965427
1.5897500000019473 1.3646189494556262 3.2793109564778877
1.7493300000029928 1.0199840386513594 2.8344002578265304
1.906890000004025 1.3204320503109148 3.1585510847457754
2.065460000005064 0.994944470283159 2.7748448044763507
2.223020000006096 1.2804488077654572 3.0503769136766556
2.381590000007135 0.9711462705769323 2.717192691473269
2.539150000008167 1.2434696353752228 2.951297837270206
2.6967100000091992 0.9489313516120179 2.662891609458673
2.8542700000102315 1.2094386305288096 2.8604566849509627
3.0128400000112703 0.9268925110272863 2.6091880384807364
3.1704000000123025 1.1772267117597308 2.7743477735957978
3.3279600000133347 0.9058894782780751 2.557654365188211
3.485520000014367 1.147202652569943 2.694477051139499
3.6440900000154057 0.8849674619916574 2.5062182421902057
3.801650000016438 1.118467622347383 2.6181937463174987
3.95921000001747 0.8649938764090956 2.4567271426920945
4.116770000013316 1.0915567713767644 2.5470913845214493
4.274330000007351 0.8454729531842377 2.408086785164354
4.4318900000013866 1.065894309485408 2.4795618390333285
4.589449999995422 0.8265217366456957 2.360765656678887
4.747009999989457 1.0413930677758998 2.415257131127768
4.904569999983492 0.808039919757963 2.3147456881676076
5.062129999977527 1.0178887449797558 2.3535513948418907
5.219689999971562 0.7899329808292148 2.269669350635106
5.377249999965597 0.995269573120808 2.29415112109409
5.5348099999596325 0.772225277518887 2.225470450360012
5.691359999953706 0.9739370342443985 2.2380071443774185
5.848919999947741 0.7554380049301751 2.183526166468397
6.006479999941776 0.9532085565946466 2.1836760865698968
6.164039999935811 0.738824559732164 2.141806745954511
6.3215999999298464 0.9333574734739303 2.131698129586934
6.47814999992392 0.7229765426269092 2.1020450917097366
6.635709999917955 0.9147485620808172 2.082792507447917
6.79326999991199 0.7073488231651143 2.0626645122048592
6.950829999906025 0.8965640780616543 2.035204524440992
7.107379999900099 0.6923482063255326 2.0249655710904757
7.264939999894134 0.8794041056981833 1.9900781135410828
7.422499999888169 0.6775459538659309 1.9876190636969882
7.580059999882204 0.8624660204510362 1.9457369945233616
7.736609999876277 0.6634478008808665 1.95214636271821
7.8941699998703125 0.8464667599046223 1.9036684381935287
8.051729999864348 0.6494968863097919 1.916938914645827
8.208279999858421 0.8309897056832978 1.8629996736190813
8.365839999852456 0.6362785911330562 1.8835740961932523
8.523399999846491 0.8157293869331679 1.8230323396148496
8.679949999840565 0.6234143577897676 1.8510135121726612
8.8375099998346 0.8012980062457746 1.7852425851915932
8.994059999828673 0.610865054921112 1.8192112875668354
9.151619999822708 0.7872671571742089 1.7486220405440567
9.309179999816743 0.598290033074619 1.7873588677968066
9.465729999810817 0.7736245478350238 1.7131418795281794
9.623289999804852 0.586298498853278 1.7568517097140357
9.779839999798925 0.7603601405974071 1.6787524040684954
9.93739999979296 0.5745312193176257 1.7268306353470764
10.093949999787034 0.7474708494672672 1.6454239099713552
10.251509999781069 0.5629768332030047 1.697294627163004
10.408059999775142 0.7349474077493879 1.6131105937441492
10.565619999769178 0.551643474056212 1.6682848319016674
10.722169999763251 0.7227738548528618 1.5817533214719681
10.879729999757286 0.5405381657585905 1.6398503706619771
11.03627999975136 0.7109422924964285 1.551312538681593
11.193839999745395 0.5296535600309314 1.6120295356648606
11.350389999739468 0.6994344843261724 1.5216992117249029
11.507949999733503 0.518983547258612 1.5848346759461562
11.664499999727576 0.6882157184499575 1.4928035411451046
11.822059999721612 0.5085225851573534 1.558236913981248
11.978609999715685 0.6772587196748624 1.4645598852571107
12.13616999970972 0.498273498498433 1.532225813730903
12.292719999703793 0.6665477703396632 1.4369318584931068
12.449269999697867 0.48847646356762703 1.5074393393940455
12.606829999691902 0.6560640857323811 1.409864234021485
12.763379999685975 0.4786947312414565 1.4826974926468894
12.92093999968001 0.645795222166388 1.383325128560886
13.077489999674084 0.4691345348633762 1.4585574025697712
13.235049999668119 0.6357341718907447 1.3573017098537532
13.391599999662192 0.4597809087133733 1.4349679297658846
13.549159999656228 0.6258742980783312 1.3317808497481431
13.705709999650301 0.4506214564861433 1.4118851058566029
13.862259999644374 0.616444680773257 1.3073352082666023
14.01981999963841 0.44164361622312415 1.3892750605500215
14.176369999632483 0.6070103126660865 1.2828846194300358
14.333929999626518 0.43283273757828356 1.3671025871798692
14.490479999620591 0.5977682293260681 1.2589114182351535
14.648039999614626 0.4241804982054136 1.3453417163304837
14.8045899996087 0.5887146094265124 1.2354131243557775
14.961139999602773 0.4159343287500768 1.3245885674599833
15.118699999596808 0.5798406414418215 1.212374127637561
15.275249999590882 0.407621697844917 1.303688765797073
15.431799999584955 0.5713385847806626 1.190310695504193
15.58935999957899 0.39945623687881293 1.283158412935781
15.745909999573064 0.5628442518395047 1.168278549742252
15.903469999567099 0.39143250738601876 1.2629774593750698
16.060019999561174 0.5545166000769288 1.1467010686537438
16.216569999555247 0.38376387106599597 1.2436371022769843
16.374129999549282 0.5463514074972524 1.1255747906841806
16.530679999543356 0.3760500448884744 1.2242096096957589
16.68823999953739 0.5383456569033997 1.10490082679221
16.844789999531464 0.3684674237262139 1.2050844636937175
17.001339999525538 0.5307145887473865 1.0852385050037494
17.158899999519573 0.36101297890031525 1.1862523320270268
17.315449999513646 0.5230518982674263 1.0655284255064013
17.47199999950772 0.3538830865855065 1.1682064750873078
17.629559999501755 0.5155245193803023 1.0461902028410353
17.786109999495828 0.346709678811981 1.1500597267386836
17.943669999489863 0.5081273983563145 1.0271957255043818
18.100219999483937 0.3396455541668817 1.1321858016426156
18.25676999947801 0.5010761170103399 1.009063655193121
18.414329999472045 0.33268582017601334 1.1145747128099348
18.57087999946612 0.4939701571088858 0.9908127363073338
18.727429999460192 0.3260302530185928 1.0977303289373963
18.884989999454227 0.4869769085492569 0.9728572324534612
19.0415399994483 0.31931902569686377 1.0807301901210709
19.198089999442374 0.4802694488628484 0.955611958890723
19.35564999943641 0.3127086717678549 1.0639736065661265
19.512199999430482 0.47351766074086277 0.938287870407295
19.668749999424556 0.3063881598860604 1.0479009214503843
19.82630999941859 0.46685876255855324 0.9212004174045663
19.982859999412664 0.30006627559901045 1.0317510569201715
20.1404199994067 0.460294986889365 0.904350075441418
20.296969999400773 0.2938574576450217 1.015849350066389
20.453519999394846 0.45402485890295546 0.8882144629182576
20.61107999938888 0.28776505426932897 1.0001928506365054
20.767629999382955 0.44769398320153436 0.871952089495065
20.924179999377028 0.2819553618223606 0.9852605436960871
21.081739999371063 0.4414569143197474 0.8559275352240214
21.238289999365136 0.2761130198283409 0.9701834901596595
21.39483999935921 0.4354869381435659 0.8405642305646888
21.552399999353245 0.2703784051051089 0.9553325894228082
21.70894999934732 0.42947855690436243 0.8251231017344152
21.86549999934139 0.26490358572219763 0.9411267435691761
22.023059999335427 0.4235621217302045 0.8099185764692152
22.1796099993295 0.2594073396680132 0.9268018825855928
22.336159999323574 0.41789096702960743 0.7953444647702756
22.49371999931761 0.25401969667991897 0.9126693427867427
22.650269999311682 0.4121953186523287 0.7807261567238322
22.806819999305755 0.24887316356373765 0.8991079204925367
22.96437999929979 0.4065867707326747 0.7663401576460949
23.120929999293864 0.2437199108271204 0.8854505302135607
23.277479999287937 0.4012043444683086 0.7525386657305955
23.435039999281972 0.23864356722999935 0.8719701504918076
23.591589999276046 0.39580541149998505 0.7387028083628011
23.74813999927012 0.23379138695778867 0.8590069492744545
23.905699999264154 0.39048978539862655 0.7250856393241523
24.062249999258228 0.22892865903753745 0.8459585843183071
24.2187999992523 0.38538617345265125 0.7120167207598782
24.376359999246336 0.2241425347378354 0.8330683965824037
24.53290999924041 0.380271783691855 0.6989260934430641
24.689459999234483 0.21956645762761218 0.8206588090082567
24.847019999228518 0.3752317235416094 0.6860341760331234
25.00356999922259 0.2149718215853027 0.8081754566836796
25.161129999216627 0.37026180520611174 0.673327904239962
25.3176799992107 0.21046793784835882 0.7958460730360883
25.474229999204773 0.36551864564161796 0.661189267006479
25.630779999198847 0.20615103719172734 0.7839829490986494
25.788339999192882 0.3607184904493178 0.6489167948367514
25.944889999186955 0.20183816794131348 0.7720592445499719
26.10244999918099 0.3559818352620655 0.6368060848101931
26.258999999175064 0.1976159604918527 0.7602905220638001
26.415549999169137 0.35145879815338943 0.6252183640263698
26.57209999916321 0.1935836479018861 0.748973608033443
26.729659999157246 0.34687995398555127 0.6135048391598397
26.88620999915132 0.18957176234556516 0.7376021751987705
27.043769999145354 0.3423613600763177 0.6019403833532277
27.200319999139428 0.18564664266250153 0.7263820195916426
27.3568699991335 0.3380459935305019 0.5908716051416407
27.513419999127574 0.1818991187504332 0.7155958940279761
27.67097999912161 0.33367642253467134 0.5796824659256128
27.827529999115683 0.17817001580107938 0.7047562916901007
27.985089999109718 0.32936311632753656 0.5686336989055185
28.14163999910379 0.17452924729406483 0.6940616690277235
28.298189999097865 0.32524402307102407 0.5580606038829705
28.454739999091938 0.17106317527151615 0.6837851488336155
28.612299999085973 0.32107284035469374 0.5473684048994953
28.768849999080047 0.16761136786205477 0.6734575061964843
28.92539999907412 0.31705817283692816 0.5370599153180278
29.082959999068155 0.16423946399925882 0.6632681268051721
29.23950999906223 0.3130256105682413 0.5267178487495472
29.396059999056302 0.1610404139543069 0.6534788150283521
29.553619999050337 0.3090458005330833 0.5165096475521103
29.71016999904441 0.15786280879004821 0.6436380384829854
29.866719999038484 0.3052174683857042 0.5066764911727861
30.02427999903252 0.1547642259175407 0.633929007961942
30.180829999026592 0.3013694644249304 0.496805970722769
30.337379999020666 0.15182809023596278 0.6246085085220843
30.4949399990147 0.29757052465701206 0.48706264893184636
30.651489999008774 0.14891108774640283 0.6152339068459023
30.808039999002848 0.29391833016367186 0.4776804367078169
30.965599998996883 0.14608603181306923 0.6059893655042559
31.122149998990956 0.29024483394021905 0.46826166629634347
31.27869999898503 0.1434059537425869 0.59712965420744
31.436259998979065 0.28661903204254036 0.45896687340991615
31.592809998973138 0.14074259883694107 0.588213822460848
31.74935999896721 0.283137565901334 0.45002224578259975
31.906919998961246 0.13816174843460993 0.5794240724266486
32.063469998977865 0.2796340933495045 0.4410400289548977
32.220019999027556 0.1357227960143449 0.57101207804372
32.37757999907757 0.27617777883470607 0.4321778846431923
32.53412999912726 0.13328905155162907 0.5625422863174689
32.69067999917695 0.2728640217145235 0.42365977762588436
32.84823999922696 0.13093769330932303 0.5541978769642797
33.00478999927665 0.2695285110583593 0.41510289607620265
33.161339999326344 0.12870979666585847 0.546226211352574
33.318899999376356 0.26624072353202544 0.40666538093625526
33.47544999942605 0.12651166372993738 0.5381971530307395
33.63199999947574 0.26309436096148264 0.39857431574832347
33.78955999952575 0.12436899551439262 0.5302928811937613
33.94610999957544 0.25992718249875435 0.3904436311594206
34.10265999962513 0.12235764564571328 0.5227549630615114
34.260219999675144 0.25680732014568486 0.38243299897362526
34.416769999724835 0.12035568531708372 0.5151608543306985
34.573319999774526 0.2538261430490514 0.3747726870864554
34.73087999982454 0.11841688196930855 0.5076896282991905
34.88742999987423 0.25082329787761504 0.3670626709974312
35.04397999992392 0.1165997402613811 0.5005767853479837
35.20052999997361 0.24793349657785338 0.35964548346736347
35.35809000002362 0.11479203462806198 0.493403190993158
35.514640000073314 0.24504319573617506 0.35222640046851383
35.671190000123005 0.11308658685057138 0.48651855616788087
35.82875000017302 0.24219563057554594 0.34491767926061456
35.98530000022271 0.11140013926842962 0.4796138421075291
36.1418500002724 0.2394577704792289 0.33790268851729977
36.29941000032241 0.10976324454429419 0.47279976801947177
36.4559600003721 0.2367141580155352 0.33086526938092
36.61251000042179 0.10821537810121128 0.46624800799619504
36.770070000471804 0.234009092180022 0.3239296056783414
36.926620000521496 0.10668213718939301 0.45965155047444917
37.08317000057119 0.23141042646447982 0.3172846767951931
37.2407300006212 0.10519406891112792 0.4531287102724435
37.39728000067089 0.228800040182774 0.31059788939102884
37.55383000072058 0.10377988972635188 0.4468567589733352
37.71139000077059 0.22622434287160542 0.30400294808361483
37.86794000082028 0.1023882213489028 0.44052582213157665
38.024490000869974 0.22375275251337234 0.2976909563042973
38.182050000919986 0.1010179284496896 0.434262981137834
38.33860000096968 0.22126412115139182 0.2913226763684218
38.49515000101937 0.09974809946281103 0.4282546585698266
38.65271000106938 0.21880768782716475 0.28503915360656995
38.80926000111907 0.09846604427145987 0.4221874757996069
38.96581000116876 0.2164544836303287 0.2790315424576306
39.123370001218774 0.09724977348279729 0.4161955036422471
39.279920001268465 0.21408021928546428 0.272958818118918
39.436470001318156 0.09608901796800717 0.4104651732064646
39.59302000136785 0.21179038826518215 0.2671108911660558
39.75058000141786 0.09495738322393243 0.4046737955554769
39.90713000146755 0.20949598618900156 0.2612416058393241
40.06368000151724 0.09387991298965515 0.39910037175218127
40.22124000156725 0.2072317294501849 0.25544961979230285
40.377790001616944 0.09282913078507038 0.39350878032237135
40.534340001666635 0.20505295147576572 0.24988118186839436
40.69190000171665 0.09181520780755326 0.3879939941556665
40.84845000176634 0.2028662434291736 0.24428585287065152
41.00500000181603 0.09085945675141638 0.3827013001089452
41.16256000186604 0.20070886478050307 0.23876511494769215
41.31911000191573 0.08993315669834423 0.3773843251218434
41.47566000196542 0.19863737465704465 0.23346637724717123
41.633220002015435 0.08902090181771805 0.3721432201586272
41.789770002065126 0.1965548230167079 0.22813463381643473
41.94632000211482 0.088196013325337 0.36712472508679816
42.10388000216483 0.19450105039150756 0.2228747370935591
42.26043000221452 0.08736651338644463 0.36207441246324246
42.41698000226421 0.19253349108176887 0.21783622211093423
42.57454000231422 0.08657613363414662 0.3570971872793982
42.73109000236391 0.19055221093154262 0.21275879549879084
42.887640002413605 0.0858433678296 0.35234112789439553
43.045200002463616 0.18859861920609533 0.2077516408680702
43.20175000251331 0.08510739917516719 0.3475474084533636
43.358300002563 0.18673071850479828 0.20296679295596087
43.51485000261269 0.08444537829907173 0.34293607036864904
43.6724100026627 0.1848468216042004 0.19813693312209502
43.82896000271239 0.08378344918922043 0.33832040269107244
43.985510002762084 0.18303405110128712 0.19349325094741854
44.143070002812095 0.08315285608419576 0.3337728483640112
44.299620002861786 0.18121818069010742 0.18883653231217545
44.45617000291148 0.08257315211916516 0.32940703849305697
44.61373000296149 0.17942845953714726 0.18424621998778257
44.77028000301118 0.08199270774459588 0.32502892369064007
44.92683000306087 0.17771018889129642 0.17984406422254517
45.08439000311088 0.08145374702687092 0.3207151936525099
45.240940003160574 0.17598599455931818 0.1754208828344206
45.397490003210265 0.08095065414104641 0.31658225409536556
45.55505000326028 0.17428697722315023 0.1710622847308163
45.71160000330997 0.08044590714876054 0.31242780273168513
45.86815000335966 0.17265965137367156 0.16689305468384763
46.02571000340967 0.07998962113435604 0.30833281277523605
46.18226000345936 0.17102314620800807 0.16269463734587264
46.33881000350905 0.07955728127340589 0.304417534358592
46.495360003558744 0.16944602426176691 0.15865373210607325
46.652920003608756 0.0791223607723387 0.30047095545616687
46.80947000365845 0.16786989778367856 0.15460985620854295
46.96602000370814 0.07874566963117613 0.29667329657505626
47.12358000375815 0.16631678761145663 0.15062526978124602
47.28013000380784 0.07837036817599563 0.29286842516673683
47.43668000385753 0.164824475473336 0.14680152590100803
47.594240003907544 0.0780000819674066 0.2891155963253955
47.750790003957235 0.16332918741563507 0.14296605114890726
47.907340004006926 0.07768188606728799 0.28551405014771714
48.06490000405694 0.16185587158983528 0.13918805274989454
48.22145000410663 0.07736726219506018 0.2818930817441112
48.37800000415632 0.16044496119773755 0.13557513885630312
48.53556000420633 0.07705659493314532 0.27832021201962265
48.69211000425602 0.1590266163181463 0.13194073461801903
48.848660004305714 0.07678766297556261 0.2749029330285424
49.005210004355405 0.1576609183323251 0.12844620171224008
49.16277000440542 0.07652917367214773 0.27145509408492696
49.31932000445511 0.15629545772541387 0.12494987032174443
49.4758700045048 0.07627997020079846 0.268140344037493
49.63343000455481 0.15494976036755193 0.12150528317869114
49.7899800046045 0.07604103392082195 0.2648146962411113
49.94653000465419 0.15365915963323507 0.11820564467512895
50.104090004704204 0.07583514683792947 0.26153411335201326
50.260640004753895 0.15236344013127479 0.11489054279478772
50.41719000480359 0.07563755565792762 0.25839406957193223
50.5747500048536 0.15108628486472897 0.11162378385350946
50.73130000490329 0.07543881624202065 0.25522966802400404
50.88785000495298 0.1498667288756098 0.10850830917821241
51.04440000500267 0.07527064912413617 0.2521851003576603
51.20196000505268 0.14863657067380576 0.1053635214865456
51.358510005102374 0.07511715851676504 0.24913146778233752
51.515060005152066 0.14745620691994876 0.10235032900262064
51.67262000520208 0.07496560554768694 0.24611751229245415
51.82917000525177 0.14627104354637743 0.09932248398951682
51.98572000530146 0.07482040647366617 0.24323118727155313
52.14227000535115 0.14512853010785198 0.09640804667991887
52.29983000540116 0.0747048987790766 0.24032134930309645
52.45638000545085 0.14398644380582826 0.09349202586117489
52.612930005500544 0.07459974339462627 0.2375220607060302
52.770490005550556 0.14285998893249385 0.09061681250754905
52.92704000560025 0.07449467879924376 0.23471285755257698
53.08359000564994 0.14177970784007077 0.0878637388139758
53.24115000569995 0.07439084322656009 0.2319397509812804
53.39770000574964 0.14069382821468857 0.08509355141731456
53.55425000579933 0.07431852065122713 0.22928673385783638
53.71080000584902 0.1396480014889221 0.0824297115242234
53.868360005899035 0.07425316800008719 0.2266095733144735
54.024910005948726 0.13860108701096996 0.07976013255470704
54.18146000599842 0.07418967930976239 0.22403767821866927
54.33902000604843 0.13756818989444908 0.07712689421764951
54.49557000609812 0.0741264267098043 0.22145322658623234
54.65212000614781 0.13657904513902275 0.0746088631343067
54.80968000619782 0.07408158040114676 0.2189017800149573
54.966230006247514 0.13558282115284614 0.07206986715351249
55.122780006297205 0.07405380494755709 0.21646509360704336
55.279330006346896 0.13462488858394206 0.06963174392555782
55.43689000639691 0.0740262442307611 0.21400159118311057
55.5934400064466 0.1336637684952794 0.06718268661883853
55.74999000649629 0.07399924922899914 0.21163971283694183
55.9075500065463 0.13271516583153264 0.06476579878637034
56.06410000659599 0.07397254846246426 0.20926125170628307
56.220650006645684 0.13180853114335844 0.06245835446253567
56.377200006695375 0.07397545217464885 0.20697231174893194
56.53476000674539 0.13089310869365278 0.06012613845040038
56.69131000679508 0.0739809440382384 0.20467621394170132
56.84786000684477 0.1300148423006241 0.05789068450087198
57.00542000689478 0.07398631597905037 0.20240943867001482
57.16197000694447 0.12913135882173865 0.0556398556135651
57.31852000699416 0.07399113868592255 0.200242051718158
57.475070007043854 0.12828054218186058 0.053473903470258044
57.632630007093866 0.07399631356827663 0.1980539906161649
57.78918000714356 0.1274277815564384 0.051301243416612685
57.94573000719325 0.07402869619349073 0.195954222940653
58.10329000724326 0.12658585972551684 0.04915625141913571
58.25984000729295 0.07406310526181958 0.19384215980796649
58.41639000734264 0.1257801212370886 0.04710446339114549
58.57294000739233 0.0740961440879696 0.19180788942514404
58.730500007442345 0.12496716849796598 0.0450331073177046
58.887050007492036 0.07412940785131505 0.18976909756723837
59.04360000754173 0.12418625486565305 0.04304413508846583
59.20116000759174 0.07416225478962901 0.18775627151313978
59.35771000764143 0.1234011810652682 0.04104366906273471
59.51426000769112 0.0742069032600825 0.18583013832005335
59.67081000774081 0.12264426670051387 0.0391155339091287
59.828370007790824 0.07426624131357884 0.18388701641373073
59.984920007840515 0.12188606844202822 0.037183464097012564
60.141470007890206 0.07432327956975282 0.18202082779348316
60.29903000794022 0.12113737226091081 0.03527563237862852
60.45558000798991 0.07438060726041151 0.18014504580008417
60.6121300080396 0.12042015519829363 0.03344837824050817
60.76868000808929 0.07443593048637465 0.1783369873926688
60.9262400081393 0.11969708181323235 0.0316057750839982
61.082790008188994 0.07449130684843486 0.17652626936908167
61.239340008238685 0.11900189648463944 0.02983459018642831
61.396900008288696 0.07456113108323081 0.17473867385056074
61.55345000833839 0.11830363155412625 0.028055161509521476
61.71000000838808 0.07463834183474849 0.17302668269048027
61.86756000843809 0.11761421062150024 0.026298271176228294
62.02411000848778 0.0747161197514572 0.1713010845359353
62.18066000853747 0.11695561605214388 0.024620355733029342
62.337210008587164 0.07479092989697322 0.16964231905230998
62.494770008637175 0.116289904983766 0.02292390024446478
62.65132000868687 0.07486602565141764 0.16797652663435025
62.80787000873656 0.1156516100723284 0.02129781842618028
62.96543000878657 0.07494017278600074 0.16633202640720102
63.12198000883626 0.11500881967811616 0.01965977748985548
63.27853000888595 0.0750136744090193 0.16476103707623313
63.43508000893564 0.1143902119422695 0.01808392256814617
63.592640008985654 0.07510871300484645 0.16317321803517304
63.749190009035345 0.1137695416344362 0.01650219061842817
63.90574000908504 0.07519984221787612 0.1616504261517493
64.06330000913505 0.11315672682141731 0.014940426726040013
64.21985000918474 0.07529166028596102 0.16011703814519107
64.37640000923443 0.11257055454972044 0.013447144415512646
64.53295000928412 0.07537999838191567 0.15864076575454744
64.69051000933413 0.11197872809151878 0.011938769306074626
64.84706000938382 0.07546868227524772 0.1571599210855812
65.00361000943352 0.11141051653809642 0.010491181709237907
65.16117000948353 0.07555623372797549 0.15569789258682576
65.31772000953322 0.11083903138470896 0.009034581809508335
65.47427000958291 0.07564048847052485 0.1542991424134943
65.6308200096326 0.11028834569610545 0.007631556002107853
65.78838000968261 0.07574621674854676 0.15288762793408406
65.9449300097323 0.10973663302872626 0.006225230921796943
66.101480009782 0.07584765023182383 0.15153218158047155
66.259040009832 0.10919204263638826 0.004836996846591113
66.4155900098817 0.07594971420121499 0.1501697319409856
66.57214000993139 0.10867055601020625 0.003508181995148796
66.72869000998108 0.07604798530964918 0.14885657147406528
66.88625001003109 0.10814494131517806 0.0021682224310093368
67.04280001008078 0.07614649209783264 0.14754172048403458
67.19935001013047 0.10763977006999703 0.0008808935303639132
67.35691001018048 0.07624371569135124 0.14624396037470344
67.51346001023018 0.10714077736565975 0.00041228371724377766
67.67001001027987 0.07633674165699378 0.14500092694791356
67.82656001032956 0.10667642238173325 0.0016592263527792639
67.98412001037957 0.07643379259410321 0.14374862548045542
68.14067001042926 0.10621193038996946 0.002907097239801537
68.29722001047895 0.07654230827627417 0.14254470505790096
68.45478001052896 0.10575351607318073 0.00413864207757797
68.61133001057865 0.07665131496135202 0.14133636450771592
68.76788001062835 0.10531407517527525 0.005318762275052791
68.92544001067836 0.07675888673162012 0.1401438401360422
69.08199001072805 0.10487178138935616 0.00650701749324023
69.23854001077774 0.0768615784428478 0.13900461003916176
69.39509001082743 0.1044641457746218 0.007649787403252173
69.55265001087744 0.07696536513408503 0.13785400731775033
69.70920001092713 0.10406005014231866 0.008796172158442861
69.86575001097683 0.07706481084791972 0.1367508445693666
70.02331001102684 0.10366128190816548 0.009927430200362686
70.17986001107653 0.07716493900374133 0.13564075050408464
70.33641001112622 0.10328006650471178 0.011008519630328895
70.49296001117591 0.07726123175303412 0.1345726110242751
70.65052001122592 0.10289538347181626 0.012099808470900086
70.80707001127561 0.07736112343122825 0.13350165617594945
70.9636200113253 0.10252633662080869 0.013146390610985215
71.12118001137532 0.07747289739599128 0.13244477520218956
71.277730011425 0.10216541134844548 0.014199019165306304
71.4342800114747 0.07757972355589493 0.13143439013753033
71.59083001152439 0.10182788253229356 0.015212066674574753
71.7483900115744 0.07768754879815198 0.13041482006364014
71.90494001162409 0.10148972567731718 0.01622732634684043
72.06149001167378 0.07779096828722143 0.1294366687991655
72.2190500117238 0.1011560559976896 0.01722909200254641
72.37560001177349 0.07789498131018924 0.12845312908528195
72.53215001182318 0.10083688898734355 0.018186972689759884
72.68870001187287 0.07799509789809222 0.12750622979831316
72.84626001192288 0.10051506199214211 0.019153151207407237
73.00281001197257 0.07809543439849831 0.12655745820684405
73.15936001202226 0.10020614915646753 0.020080212737261238
73.31692001207227 0.07819444757129468 0.1256211663977269
73.47347001212196 0.09989970642257782 0.021012051231350526
73.63002001217166 0.07828913554080008 0.12472560190452953
73.78657001222135 0.09961792405693948 0.02190925087663942
73.94413001227136 0.07838464794686839 0.12382237982514477
74.10068001232105 0.09933577313814823 0.022807951830239315
74.25723001237074 0.07848726689702923 0.12295544029202743
74.41479001242075 0.09905736611126069 0.0236947043252278
74.57134001247044 0.07859320854971297 0.12208413437877486
74.72789001252013 0.09879093881618596 0.024542945555949824
74.88444001256983 0.0786952290061822 0.12124493104492817
75.04200001261984 0.09852242010173007 0.025398167021861706
75.19855001266953 0.07879741999917678 0.12040443048328964
75.35510001271922 0.09826457102863517 0.026219053068554654
75.51266001276923 0.07889826148407364 0.1195749943325164
75.66921001281892 0.09800559628715022 0.027043841710505667
75.82576001286861 0.07899473778351551 0.11878133724555484
75.9823100129183 0.09775605783494379 0.027838225018739227
76.13987001296832 0.07909200787628623 0.11798122764590246
76.29642001301801 0.09751570861522019 0.028633639733821603
76.4529700130677 0.07918538774687145 0.11721298925828627
76.61053001311771 0.09728408977077696 0.029418455552432388
76.7670800131674 0.07927920942221778 0.11644119104180506
76.92363001321709 0.09706235707440336 0.030169410244751393
77.08018001326678 0.07936958837587604 0.11569758355511883
77.2377400133168 0.09683897766412419 0.030926266275232983
77.39429001336649 0.07946008032342666 0.11495311751228421
77.55084001341618 0.09662439864808914 0.03165294369477101
77.70840001346619 0.07954937266607498 0.11421847931211149
77.86495001351588 0.09640897177021757 0.03238281269708487
78.02150001356557 0.07964033474597265 0.11351529931072912
78.17805001361526 0.09620132235169443 0.0330859751253354
78.33561001366527 0.0797378803414095 0.1128066881749823
78.49216001371497 0.09599357100394035 0.033789797775118924
78.64871001376466 0.07983155772699735 0.11212608499268084
78.80627001381467 0.09578858822616387 0.03448421373500876
78.96282001386436 0.07992563579569745 0.11144260316435783
79.11937001391405 0.09559229058105878 0.03514887349301832
79.27592001396374 0.08001629500961116 0.11078387825338432
79.43348001401375 0.09539740574512234 0.03581850217865279
79.59003001406344 0.08010702511272239 0.11012465907920266
79.74658001411314 0.09521942402290351 0.03646163860702156
79.90414001416315 0.08019654726477188 0.10947417584055152
80.06069001421284 0.09504081462636382 0.03710734616677591
80.21724001426253 0.08028225797864808 0.10885134210973924
80.37379001431222 0.09486859219715693 0.037729641785577694
80.53135001436223 0.08036859222588166 0.1082239668522833
80.68790001441192 0.09469635858949121 0.03835226968945671
80.84445001446161 0.08045153925669302 0.10762119468714637
81.00201001451163 0.09452642671301004 0.03896655892132728
81.15856001456132 0.08053479802485564 0.10701613884136485
81.31511001461101 0.09436363543758741 0.039554759191529065
81.4716600146607 0.08061506989869482 0.1064328111984647
81.62922001471071 0.0941997721815524 0.04014709814283979
81.7857700147604 0.08069536111094555 0.10584930393536807
81.9423200148101 0.09404225457978133 0.04071624202016677
82.0998800148601 0.08077458097623813 0.10527356572566093
82.2564300149098 0.0938842476547449 0.04128739896074318
82.41298001495949 0.08085046915672878 0.10472210347248767
82.5705400150095 0.09372836128106687 0.04185087600657722
82.72709001505919 0.08092852471802026 0.10416687651967349
82.88364001510888 0.09357948142282235 0.042388805723114764
83.04019001515857 0.08101071439336183 0.10363322093343008
83.19775001520858 0.09342916757145325 0.04293212747836783
83.35430001525827 0.08109316289521551 0.10309779128566676
83.51085001530797 0.09328579946429261 0.04345261875923212
83.66841001535798 0.08117450658946312 0.10256952347372783
83.82496001540767 0.0931504677827234 0.04397649080998267
83.98151001545736 0.08125220149467083 0.10206506124629255
84.13806001550705 0.09302032145856476 0.04448009593320812
84.29562001555706 0.08133064162995829 0.10155563676220725
84.45217001560675 0.09288983517631022 0.04498519988279659
84.60872001565644 0.08140582668717855 0.10106747809445205
84.76628001570646 0.0927611049872491 0.04548349426607423
84.92283001575615 0.08148146452985139 0.10057624077082217
85.07938001580584 0.09263810449468635 0.04595944845294797
85.23593001585553 0.08155421845026722 0.10010387261575326
85.39349001590554 0.09251398491783525 0.046439887717319994
85.55004001595523 0.08162715177677382 0.09963018863434758
85.70659001600492 0.09239497819643328 0.04690039138981472
85.86415001605494 0.0816991051517224 0.09916286202438229
86.02070001610463 0.09227530794830052 0.047363602671179894
86.17725001615432 0.08176787384429673 0.09871637055586246
86.33380001620401 0.09216022267346013 0.04780914569173511
86.49136001625402 0.0818372534822307 0.0982657494935868
86.64791001630371 0.09204491707388929 0.04825573469344757
86.8044600163534 0.08190379539300663 0.09783371276236297
86.96202001640341 0.0919311682734758 0.04869629041286405
87.1185700164531 0.08197069098256404 0.09739921404188223
87.2751200165028 0.09182242626423631 0.04911734263010059
87.43167001655249 0.08203507567448665 0.09698117700509545
87.5892300166025 0.09171276003411821 0.04954208669367688
87.74578001665219 0.08209957381272925 0.09656223708778278
87.90233001670188 0.09160755442457769 0.04994944963157
88.0598900167519 0.08216320282592404 0.0961489360804868
88.21644001680158 0.09150182680950592 0.0503589383858527
88.37299001685128 0.08222405334041372 0.09575383102068402
88.52954001690097 0.09140004502098764 0.05075304608563869
88.68710001695098 0.08228540131630113 0.09535533219989789
88.84365001700067 0.09129811711363389 0.05114781733470686
89.00020001705036 0.08234427660395571 0.09497304019497887
89.15776001710037 0.09120018268308294 0.05153724629850531
89.31431001715006 0.08240780670743564 0.09458882389005163
89.47086001719975 0.09111072729961955 0.05190966406843911
89.62741001724945 0.08247093618211021 0.0942189401053839
89.78497001729946 0.09102057065782498 0.05228509716100893
89.94152001734915 0.08253413584260294 0.09384850398561628
90.09807001739884 0.09093402813359996 0.052645388513405944
90.25563001744885 0.08259648250543605 0.09348306293738284
90.41218001749854 0.0908471135078065 0.053007320455411566
90.56873001754823 0.08265614163167001 0.09313349438687668
90.72528001759792 0.09076339109755738 0.05335587052920365
90.88284001764794 0.08271625011094841 0.09278115956475874
91.03939001769763 0.09067960366332417 0.0537047789661238
91.19594001774732 0.08277396909763302 0.09244294522535723
91.35350001779733 0.09059695068567075 0.05404896132202852
91.51005001784702 0.08283191835234305 0.09210325391073582
91.66660001789671 0.09051784029046095 0.054378307047975305
91.8231500179464 0.08288775864945241 0.09177603401365753
91.98071001799642 0.09043816037922436 0.054710106352395815
92.1372600180461 0.08294362498310326 0.09144853905553862
92.2938100180958 0.09036162907798517 0.05502871163366452
92.45137001814581 0.08299873651756995 0.09112546334556493
92.6079200181955 0.09028481654369735 0.05534856665051491
92.76447001824519 0.08305150344298695 0.09081623431974606
92.92102001829488 0.09021078202791433 0.055656773278545124
93.0785800183449 0.08310463450336714 0.09050475507934586
93.23513001839459 0.09013673476116191 0.05596510776783026
93.39168001844428 0.08315568305350507 0.09020558454737593
93.54924001849429 0.09006368988825686 0.05626926362002349
93.70579001854398 0.0832069040141602 0.08990529059111907
93.86234001859367 0.08999373658636356 0.05656047074859005
94.01889001864336 0.08325628908125093 0.08961585866980037
94.17645001869337 0.08992331996937653 0.05685367524517204
94.33300001874306 0.08330566799228378 0.08932635266145628
94.48955001879276 0.08985564949705172 0.05713537384842704
94.64711001884277 0.0833543799329366 0.08904075319113858
94.80366001889246 0.08978776760704832 0.05741801778496036
94.96021001894215 0.08340104536960147 0.08876724721232909
95.11777001899216 0.08972080646712044 0.057696824168140814
95.27432001904185 0.08344800644701689 0.0884919031644893
95.43087001909154 0.08965686932393147 0.057962972738567764
95.58742001914123 0.08349315078693575 0.08822730262173506
95.74498001919125 0.08959231731754713 0.05823174224833805
95.90153001924094 0.08353842325067784 0.08796184933110851
96.05808001929063 0.08953046695793854 0.05848919881268344
96.21564001934064 0.08358308299882122 0.08769998539012169
96.37219001939033 0.08946823820169192 0.058748289634891204
96.52874001944002 0.0836257389306857 0.08744995569516245
96.68529001948971 0.08940840769682357 0.05899733316439004
96.84285001953972 0.08366879353424594 0.0871974944047893
96.99940001958942 0.08934841936148841 0.059247091102088145
97.1559500196391 0.08371005849131741 0.08695560804005131
97.31351001968912 0.08928924443345787 0.05949346030268421
97.47006001973881 0.08375156505117176 0.08671221584749533
97.6266100197885 0.08923496306699019 0.059728751054988205
97.78316001983819 0.08379148345679921 0.08647821345005857
97.9407200198882 0.08918214056698137 0.05996625142333789
98.0972700199379 0.08383149706578508 0.08624356911491882
98.25382001998759 0.0891315056851475 0.060193854190171425
