0.001020000000000002 0.7164840229166339 1.7873571806241828
0.0969699999999951 0.39420565608402025 1.0374844685119733
0.19494000000005418 0.6601842214400395 1.6601457285019383
0.28988000000014913 0.37822975586422203 0.9896926576416609
0.3858300000002451 0.6314500241334264 1.5811397064188104
0.48279000000034206 0.36060511024560915 0.9502295097642888
0.5787400000000009 0.6069491983156364 1.5136981276628658
0.6746899999995642 0.34453038728105556 0.9126148599794215
0.7706399999991276 0.5853315416224174 1.4560835815363493
0.8665899999986909 0.3291947414724984 0.8755073009132253
0.9625399999982542 0.565329451974233 1.4033360188020927
1.0594999999984736 0.31392464037397927 0.8382314323302942
1.1554499999991021 0.5461240997786826 1.3528080964395839
1.2513999999997307 0.2997772343753262 0.8036747858523929
1.3473500000003593 0.5284954677040161 1.3063830972194213
1.443300000000988 0.2861426412761252 0.7703092252392962
1.5392500000016165 0.5117333564208931 1.2622605400768983
1.635200000002245 0.27298889541007854 0.738040251395411
1.7311500000028737 0.4957483103136093 1.220241871727723
1.8271000000035023 0.26029286082855185 0.7068031400469299
1.9230500000041308 0.48048378630351884 1.180198913942665
2.0190000000047594 0.24804515171866015 0.6765825769426859
2.114950000005388 0.4658818765619973 1.1419678840616232
2.2119100000060232 0.23587257740788511 0.6464883943587907
2.307860000006652 0.45158117086546923 1.1045910532279102
2.4038100000072804 0.22450410844357202 0.6183386215143916
2.499760000007909 0.4382495444904896 1.0698058352276663
2.5957100000085376 0.21349692087005412 0.5910448481609931
2.691660000009166 0.42546474506304777 1.0365025657455673
2.7876100000097948 0.20283589025966386 0.5645721357774747
2.8835600000104233 0.41319882384260215 1.0045978543303025
2.979510000011052 0.19250901053589553 0.5388936352878515
3.0754600000116805 0.4014359004498747 0.9740423902582562
3.171410000012309 0.18250610863506422 0.5139843767261509
3.2673600000129377 0.3901550099430573 0.9447711206342801
3.364320000013573 0.1725335893921368 0.48909109303280074
3.4602700000142015 0.37905450984864164 0.9160187215857984
3.55622000001483 0.16321399396010572 0.46580875184039083
3.6521700000154587 0.3687002850539428 0.889210172024113
3.7481200000160872 0.15419396848713463 0.4432424342953212
3.844070000016716 0.3587462829474385 0.8634605811219664
3.9400200000173444 0.14547204116389356 0.42139949325981085
4.035970000016375 0.34916967215345174 0.8387016539036174
4.131920000012743 0.13704183104915124 0.4002689131764048
4.22787000000911 0.33994884893109534 0.814871533117445
4.323820000005478 0.1288871613130972 0.37981008235949965
4.419770000001845 0.33106946921358815 0.7919347173866997
4.516729999998175 0.12075858085784308 0.3593937059907404
4.612679999994542 0.3223063589942696 0.7693230842938159
4.70862999999091 0.11316937753319399 0.3403143914123996
4.804579999987277 0.3141230068440124 0.7482172378590168
4.900529999983645 0.10582703794921955 0.3218324237579062
4.9964799999800125 0.30624392739603534 0.7279096565031673
5.09242999997638 0.09872471544375627 0.3039358615453014
5.188379999972748 0.29865898922530454 0.708372109490607
5.284329999969115 0.0918555775865687 0.286613440587824
5.380279999965483 0.2913596610335347 0.6895818325110104
5.47622999996185 0.08521252310757532 0.269851148370992
5.572179999958218 0.28433900522889655 0.6715188264253658
5.668129999954585 0.07878938204102803 0.2536342949030157
5.765089999950915 0.27740325660608267 0.6536851629610929
5.861039999947282 0.0724136895151617 0.23752995966269674
5.95698999994365 0.27094705369146954 0.6370911165428095
6.052939999940017 0.06644870931378166 0.22245074873671333
6.148889999936385 0.26474116076895116 0.6211494505960369
6.244839999932752 0.06068589745429487 0.2078724325542347
6.34078999992912 0.25877958293686953 0.6058446564703002
6.4367399999254875 0.05522351787899737 0.19377782305775026
6.532689999921855 0.2530544373775142 0.5911560531214
6.628639999918223 0.050155956647357613 0.1801557973888812
6.72458999991459 0.24755569798687294 0.5770568856551028
6.820539999910958 0.04539914252635724 0.16699567786551128
6.916489999907325 0.24227431278184508 0.563521676835288
7.012439999903693 0.04101679275484327 0.15428802734986924
7.10838999990006 0.2372024268935301 0.5505259842726207
7.20534999989639 0.0369639342991529 0.1416564591937175
7.301299999892757 0.23219710943977312 0.5377083885216516
7.397249999889125 0.03339674041672558 0.12986847454160566
7.493199999885492 0.22753229102996098 0.525766310144693
7.58914999988186 0.030153503673647886 0.11849057073076708
7.6850999998782275 0.22304378683013715 0.5142788199665183
7.781049999874595 0.027211092867814757 0.1075118114974738
7.8769999998709626 0.2187215501878704 0.5032184687093544
7.97294999986733 0.02457670171398452 0.09692234753574391
8.068899999863698 0.21455662726712565 0.49256111962443505
8.164849999860065 0.022243383613707146 0.08671075085201485
8.260799999856433 0.21054112763271315 0.48228566249259863
8.3567499998528 0.020240336361186384 0.07686382074511
8.452699999849168 0.20666797116066837 0.47237355230951295
8.548649999845535 0.01859334267924595 0.06736658744889157
8.644599999841903 0.20293094985842086 0.462809064217784
8.74054999983827 0.017334184285621945 0.0582033364519674
8.836499999834638 0.19932506220001037 0.4535799091008652
8.932449999831006 0.016491046450976432 0.0493582181718244
9.028399999827373 0.1958457662057301 0.44467504971594796
9.12434999982374 0.01606869310382819 0.040816696731194035
9.220299999820108 0.19248845744360998 0.4360832109518209
9.317259999816438 0.01608784069113456 0.03231251041774241
9.413209999812805 0.1891556415860992 0.42755753612241376
9.509159999809173 0.01656578072512127 0.02436731391457503
9.60510999980554 0.18603932864020978 0.41958081196563635
9.701059999801908 0.017523069527784152 0.016688313736179516
9.797009999798275 0.18303018719614483 0.41187995915002995
9.892959999794643 0.01901958109332247 0.009265142870618082
9.98890999979101 0.18012421755996666 0.4044448387091837
10.084859999787378 0.02112521947336543 0.0020888926221096504
10.180809999783746 0.17731769429061628 0.3972658381720673
10.276759999780113 0.023776964552836066 0.004848456889805508
10.37270999977648 0.17460700951343122 0.3903335276059572
10.468659999772848 0.026397394842534224 0.011554486894482796
10.564609999769216 0.1719889019463693 0.38363936680284594
10.660559999765583 0.028932545937554347 0.01803652410025114
10.75650999976195 0.16946031958052354 0.3771753550753987
10.852459999758318 0.03138258016547013 0.02430165215868696
10.948409999754686 0.1670183645242882 0.3709338929184569
11.044359999751054 0.03374991460595156 0.030356446543144955
11.140309999747421 0.16466029716599961 0.3649078235980041
11.236259999743789 0.03603701028315187 0.036207011217559426
11.332209999740156 0.16238351558977915 0.3590903770331666
11.428159999736524 0.0382462573599901 0.041859268504118585
11.524109999732891 0.16018549522794845 0.3534749815305993
11.620059999729259 0.040380053745616484 0.04731913366680107
11.716009999725626 0.1580637176977966 0.3480550626569823
11.811959999721994 0.042440787202129626 0.052592495869718814
11.907909999718362 0.15601555534256084 0.3428237262788403
12.003859999714729 0.04443083438953099 0.0576852640495118
12.099809999711097 0.15403822649213506 0.33777361355598057
12.195759999707464 0.046352554903776655 0.06260328443196128
12.291709999703832 0.15212920006379904 0.3328980309124874
12.3876599997002 0.04820821764434935 0.06735224281969598
12.483609999696567 0.15028612390693208 0.3281908254577637
12.579559999692934 0.0499999950600164 0.0719376356087209
12.675509999689302 0.14850676873379187 0.32364623474101517
12.77145999968567 0.05173124559439746 0.07636474612899846
12.867409999682037 0.14678906251304535 0.31925885034453927
12.963359999678405 0.05340311434125722 0.08063866746355064
13.059309999674772 0.14513186214074414 0.31502351436822895
13.156269999671101 0.05506558201799805 0.08488847748971962
13.252219999667469 0.14348498399398646 0.3108155096232301
13.348169999663837 0.05662019266678453 0.0888622995032895
13.444119999660204 0.14194423191308747 0.3068776277637686
13.540069999656572 0.05812084351958691 0.09269804629046252
13.63601999965294 0.14045710754585028 0.30307680865397923
13.731969999649307 0.059569341304747114 0.09640035147937542
13.827919999645674 0.13902183043800376 0.299408524692657
13.923869999642042 0.060967473354098904 0.09997379234455428
14.01981999963841 0.13763665896786892 0.29586831321760654
14.115769999634777 0.062316956460338184 0.10342276454798904
14.211719999631145 0.13629990043942253 0.2924518291023359
14.307669999627512 0.06361940742969896 0.10675140515602477
14.40361999962388 0.13500991190829437 0.2891548527707455
14.499569999620247 0.06487636847991296 0.10996364842875694
14.595519999616615 0.13376506379881525 0.28597317353317164
14.691469999612982 0.06608935847278308 0.11306334280175578
14.78741999960935 0.13256378845235783 0.28290274057014564
14.883369999605717 0.0672598626479125 0.1160542646003404
14.979319999602085 0.1314045895081658 0.27993970958785086
15.075269999598452 0.06838932525540264 0.1189401100094134
15.17121999959482 0.13028602563179148 0.27708039567488907
15.267169999591188 0.06947914812925993 0.1217244807091622
15.363119999587555 0.1292067047819041 0.2743212484356605
15.459069999583923 0.07053069138117818 0.1244108784950182
15.55501999958029 0.128165280909041 0.2716588408566145
15.650969999576658 0.07154527390070653 0.12700269951581022
15.746919999573025 0.12716045080370608 0.2690898613785686
15.842869999569393 0.072524175451671 0.12950324023994764
15.93881999956576 0.12619095191913543 0.2666111067129995
16.03476999956213 0.07346863918106483 0.13191570410211462
16.130719999558497 0.12525555995167914 0.26421947541658275
16.226669999554865 0.07437987452240435 0.13424320793983258
16.322619999551232 0.12435308581618276 0.2619119588856522
16.4185699995476 0.07525906337766364 0.13648879726241292
16.514519999543968 0.12348237133274553 0.2596856273898607
16.610469999540335 0.0761073641516904 0.13865545632616438
16.706419999536703 0.12264228570166502 0.25753762164824057
16.80236999953307 0.0769258962339553 0.1407460667912308
16.898319999529438 0.12183173254318415 0.2554651643448258
16.994269999525805 0.07771575265748987 0.14276343513118794
17.090219999522173 0.12104964671850225 0.25346554464956705
17.18616999951854 0.07847858213063863 0.14471025109162872
17.282119999514908 0.1202950099759229 0.25153617290240016
17.378069999511276 0.0792148182050173 0.14658907702449486
17.474019999507643 0.11956685199091632 0.24967457737924414
17.56996999950401 0.07992534784835004 0.1484023556028835
17.665919999500378 0.1188642393248941 0.247878370525223
17.761869999496746 0.08061108036447151 0.15015241168738758
17.857819999493113 0.11818627285465312 0.24614524830807172
17.95376999948948 0.08127288799116728 0.15184147063104225
18.04971999948585 0.11753208375985592 0.2444729835565984
18.145669999482216 0.08191161105144651 0.15347167344890167
18.241619999478583 0.11690083314116996 0.24285942403586835
18.33756999947495 0.0825280571671182 0.15504507550095914
18.43351999947132 0.11629171237242542 0.24130249433780282
18.529469999467686 0.08312300379220527 0.15656365390798177
18.625419999464054 0.11570394201378975 0.23980019374862938
18.72136999946042 0.08369720032584116 0.15802931364625739
18.81731999945679 0.11513677019775748 0.23835059250273405
18.913269999453156 0.08425136973423675 0.15944389217865673
19.009219999449524 0.11458947064712866 0.2369518269389248
19.10516999944589 0.08478620993645059 0.16080916395757594
19.20111999944226 0.1140613392782147 0.235602091195386
19.297069999438627 0.08530239584392518 0.16212684730086968
19.393019999434994 0.11355169784885667 0.23429964662358138
19.48896999943136 0.08580057946020847 0.16339860347887036
19.58491999942773 0.11305989555473583 0.23304282611649185
19.680869999424097 0.08628138936950802 0.16462603554200372
19.776819999420464 0.11258530726388749 0.23183002958585552
19.872769999416832 0.08674543108877952 0.16581068804943921
19.9687199994132 0.11212733248140894 0.23065971980665845
20.064669999409567 0.0871932875430268 0.16695404814909276
20.160619999405935 0.11168539103612207 0.2295304121120112
20.256569999402302 0.08762552089529607 0.16805755045702364
20.35352999939863 0.11124613437572606 0.2284081693153972
20.449479999395 0.08805499708947162 0.16915411603777297
20.545429999391366 0.11083535143018308 0.22735852883164487
20.641379999387734 0.08845686301003575 0.17018013824228184
20.7373299993841 0.11043894236480445 0.22634564306242
20.83327999938047 0.08884471236616631 0.17117040052156973
20.929229999376837 0.11005640575273758 0.22536822829023473
21.025179999373204 0.08921903070379011 0.17212614114699987
21.121129999369572 0.10968725844471106 0.2244250469787601
21.21707999936594 0.08958028633025705 0.17304855341973013
21.313029999362307 0.10933122206751178 0.22351490606941082
21.408979999358674 0.08992893082339137 0.1739387875235865
21.504929999355042 0.10898772218725693 0.22263665388445597
21.60087999935141 0.09026540034904096 0.17479795461597947
21.696829999347777 0.10865625302655156 0.22178917839299483
21.792779999344145 0.09059011628583646 0.17562712818349757
21.888729999340512 0.10833639549786499 0.2209714059566048
21.98467999933688 0.0909034856996862 0.17642734536366111
22.080629999333247 0.10802774497164314 0.22018230010364404
22.176579999329615 0.0912059018076582 0.1771996081585958
22.272529999325982 0.10772991078316108 0.21942086026743857
22.36847999932235 0.09149774443623382 0.17794488459031976
22.464429999318718 0.10744251576080832 0.21868612056090697
22.560379999315085 0.09177938046156087 0.17866410980194036
22.656329999311453 0.10716519576362893 0.21797714857519912
22.75227999930782 0.09205116423996107 0.17935818714104323
22.848229999304188 0.1068975992357799 0.217293044227429
22.944179999300555 0.09231343802146563 0.18002798919667384
23.040129999296923 0.10663938677606823 0.21663293864194744
23.13607999929329 0.09256653235627288 0.18067435882461735
23.232029999289658 0.10639023071898879 0.21599599307793316
23.327979999286026 0.09281076648169106 0.181298110126904
23.423929999282393 0.10614981473111794 0.21538139788139787
23.51987999927876 0.09304644870269063 0.18190002940691175
23.615829999275128 0.1059178334205254 0.214788371479524
23.711779999271496 0.09327387675849597 0.18248087609917807
23.807729999267863 0.10569399195776241 0.21421615940225847
23.90367999926423 0.09349333818067807 0.18304138367493117
23.9996299992606 0.10547800571081856 0.21366403335668638
24.095579999256966 0.09370511063823028 0.18358226051501392
24.191529999253333 0.1052695998908817 0.21313129031071965
24.2874799992497 0.09390946227277241 0.1841041907593821
24.38342999924607 0.10506850920643962 0.21261725162060596
24.479379999242436 0.09410665202557322 0.1846078351350977
24.575329999238804 0.10487447753681824 0.21212126219789518
24.67127999923517 0.09429692995482963 0.18509383176210648
24.76722999923154 0.10468725760348274 0.2116426896831558
24.863179999227906 0.09448053754569397 0.18556279693403566
24.959129999224274 0.1045066106602498 0.21118092364678098
25.05507999922064 0.09465770801617035 0.18601532589108682
25.15102999921701 0.10433230618061762 0.21073537478304427
25.246979999213377 0.09482866661745226 0.18645199357657516
25.342929999209744 0.10416412155425281 0.21030547409799372
25.43887999920611 0.09499363094937874 0.18687335541239802
25.53482999920248 0.10400184179576744 0.20989067213489365
25.630779999198847 0.09515281134325404 0.18727994819889293
25.726729999195214 0.1038452592323079 0.20949043790630117
25.822679999191582 0.09530641123200978 0.18767229098318738
25.91862999918795 0.10369417313078945 0.20910425785624076
26.014579999184317 0.0954546268133234 0.1880508845720108
26.110529999180685 0.10354838981136605 0.2087316364876579
26.206479999177052 0.09559764729777165 0.18841621192803304
26.30242999917342 0.10340772249929564 0.20837209593591588
26.398379999169787 0.09573565518569616 0.18876873884923207
26.494329999166155 0.10327199106981721 0.20802517535007947
26.590279999162522 0.09586882650845807 0.18910891462929902
26.68622999915889 0.10314102180284468 0.2076904302838689
26.782179999155257 0.09599733106810482 0.18943717267418947
26.878129999151625 0.10301464715160726 0.20736743210322262
26.974079999147992 0.09612133266249512 0.18975393107784067
27.07002999914436 0.10289270551378459 0.20705576740346343
27.165979999140728 0.09624098930231173 0.19005959317381915
27.261929999137095 0.10277504101893166 0.20675503745649637
27.357879999133463 0.09635645342245514 0.19035454807398988
27.45382999912983 0.10266150331716228 0.20646485767298328
27.549779999126198 0.09646787208219176 0.19063917117589924
27.645729999122565 0.1025519473818397 0.2061848570943714
27.741679999118933 0.09657538715653968 0.19091382465383777
27.8376299991153 0.10244623331556113 0.20591467789425888
27.933579999111668 0.0966791355240525 0.19117885794071032
28.029529999108036 0.10234422616551421 0.2056539749078934
28.125479999104403 0.09677924924491232 0.19143460818032976
28.222439999100732 0.10224285878631234 0.20539492960697237
28.3183899990971 0.09687870106414997 0.19168866561071196
28.414339999093468 0.10214805088918655 0.2051526289016059
28.510289999089835 0.09697175647458811 0.19192638807641327
28.606239999086203 0.10205656451681276 0.20491881884987517
28.70218999908257 0.09706155442878939 0.1921557905216309
28.798139999078938 0.10196828316768179 0.2046932015174585
28.894089999075305 0.09714820899268173 0.19237716418102346
28.990039999071673 0.10188309444402711 0.20447548947098992
29.08598999906804 0.09723183022867166 0.19259079007438729
29.181939999064408 0.1018008899027979 0.20426540540193772
29.277889999060775 0.09731252433822979 0.19279693936972153
29.373839999057143 0.10172156491710871 0.20406268176543785
29.46978999905351 0.09739039379807601 0.19299587372995086
29.565739999049878 0.10164501854045215 0.2038670604361137
29.661689999046246 0.09746553748975895 0.19318784564551494
29.757639999042613 0.10157115337410318 0.20367829236869195
29.85358999903898 0.09753805083010048 0.19337309876485964
29.94953999903535 0.1014998754426002 0.20349613727527194
30.045489999031716 0.0976080258895059 0.1935518681950632
30.141439999028083 0.1014310940724823 0.20332036331797143
30.23738999902445 0.09767555151395657 0.1937243808146194
30.33333999902082 0.10136472177563226 0.20315074680863354
30.429289999017186 0.09774071343501067 0.19389085555336916
30.525239999013554 0.1013006741369973 0.2029870719194804
30.62118999900992 0.09780359438215679 0.19405150368106971
30.71713999900629 0.10123886970415354 0.2028291304055463
30.813089999002656 0.09786427418607047 0.1942065290650219
30.909039998999024 0.10117922988316264 0.20267672133150727
31.00498999899539 0.09792282988154287 0.19435612843866634
31.10093999899176 0.10112167884050317 0.20252965082396823
31.196889998988127 0.09797933580714757 0.1945004916522164
31.292839998984494 0.10106614340148813 0.20238773181305847
31.38878999898086 0.09803386369755383 0.19463980191073427
31.48473999897723 0.1010125529591559 0.20225078379286776
31.580689998973597 0.09808648277581922 0.19477423600284816
31.676639998969964 0.10096083938264257 0.20211863259298468
31.772589998966332 0.09813725984268906 0.19490396453869518
31.8685399989627 0.10091093693091323 0.2019911101554528
31.964489998959067 0.09818625935916647 0.19502915215405814
32.060439998976904 0.1008627821672007 0.20186805431581245
32.15638999900736 0.09823354353136439 0.1951499577271254
32.252339999037815 0.10081631388069012 0.20174930860148432
32.34828999906827 0.09827917238881022 0.19526653457812015
32.44423999909873 0.10077147300481594 0.2016347220243908
32.54018999912918 0.0983232038575772 0.19537903066030315
32.63613999915964 0.10072820254483195 0.2015241488944608
32.732089999190094 0.09836569383984385 0.19548758875584937
