0.001020000000000002 1.433434787934297 3.5752296806875083
0.13837999999999762 0.8090733331287712 2.169851431069414
0.274730000000134 1.2214144610970203 3.0207275917173093
0.41108000000027034 0.7755089003323753 2.0984415837573267
0.546420000000148 1.1199867177452658 2.7394043002732626
0.6827699999995275 0.7321661134471924 2.0006943623369744
0.8181099999989115 1.048842318138934 2.545825098485388
0.954459999998291 0.6897585965605786 1.9003158546959775
1.0887899999986654 0.9897571688014716 2.3876771775407035
1.2251399999995587 0.6507213253107219 1.8062593790164394
1.3604800000004453 0.9372458629608152 2.2476555068847603
1.4968300000013386 0.6133938508439176 1.7157722568420852
1.6321700000022252 0.8895116327354864 2.1210271948065573
1.7675100000031119 0.5786267732967774 1.6309726426953053
1.9028500000039985 0.8458985428622744 2.0057220142139953
2.038190000004885 0.5457206509144398 1.5506262138323734
2.173530000005772 0.8053346813601122 1.8984931420910955
2.309880000006665 0.5143288786128629 1.4739785239764935
2.4452200000075517 0.7671613159470884 1.7975840150792455
2.5805600000084383 0.4851151715181774 1.40246485023654
2.715900000009325 0.7318515358335731 1.7043981167234157
2.8512400000102116 0.45752108452852697 1.3347374666215606
2.9865800000110982 0.69885218812999 1.6174264335358846
3.121920000011985 0.4314314186758249 1.2704641947399287
3.2572600000128715 0.6679274167531707 1.5360887907453713
3.392600000013758 0.40678588789725223 1.2094749225158075
3.527940000014645 0.6388842838864444 1.4599349858799515
3.6632800000155314 0.38347959634598683 1.1515319943623759
3.798620000016418 0.6115628552330833 1.3885146489192146
3.9339600000173047 0.36140833016466634 1.096427708598613
4.069300000015113 0.5858236326811702 1.321391687026241
4.20464000000999 0.3403902712696829 1.043756109601146
4.339980000004866 0.5615676329814435 1.2582705699502705
4.475319999999742 0.32031658682224895 0.993324220259828
4.610659999994619 0.5387173533097462 1.1989381663265908
4.745999999989495 0.3011148727822168 0.9449761925767408
4.881339999984371 0.5171584320599429 1.1430592517657434
5.016679999979248 0.28277156943759285 0.8987163232494488
5.152019999974124 0.4967848497267396 1.09030688305779
5.287359999969 0.26526870452257756 0.8545480629982172
5.422699999963877 0.4775104251846122 1.040425556246749
5.558039999958753 0.24857412460245754 0.8124071659263987
5.693379999953629 0.45928100582287534 0.9932632521377438
5.828719999948506 0.2326344508026993 0.7721713465471569
5.964059999943382 0.4420529794525225 0.9487178955845166
6.099399999938258 0.2174041019414379 0.7337176884473329
6.234739999933135 0.4257767068954742 0.9066827451069237
6.370079999928011 0.2028365035576556 0.6969110842300563
6.504409999922926 0.41055157400485437 0.8673935327433768
6.639749999917802 0.1891774438949182 0.6621535677265866
6.775089999912678 0.3959710077392542 0.8298004333488818
6.910429999907555 0.17621352886633068 0.6285075136196583
7.045769999902431 0.3821248705822755 0.7941076206695818
7.181109999897307 0.16415697208746316 0.5963731017123108
7.316449999892184 0.3689431049448665 0.760125286406188
7.45178999988706 0.15289342776242887 0.5657171529025895
7.587129999881936 0.3563800839248431 0.7277329279932632
7.722469999876813 0.14239470030495138 0.536481018782009
7.856799999871727 0.3445574353335501 0.6972424056943427
7.992139999866604 0.1327839666867544 0.5089837692366594
8.12747999986148 0.3331803452686857 0.6679222832914333
8.262819999856356 0.12384145264836732 0.48240907929643084
8.398159999851233 0.3223388625623095 0.6399959820419299
8.533499999846109 0.11565196859683936 0.45703635250158303
8.668839999840985 0.31201667699258107 0.6134266467438088
8.8031699998359 0.10822593189646534 0.43308802136053925
8.938509999830776 0.30232617826819175 0.5884925517984807
9.073849999825653 0.10135434763652507 0.409991145622457
9.209189999820529 0.29302245762724377 0.5645847872806975
9.344529999815405 0.09507243828753398 0.38790726085711213
9.479869999810282 0.28417796437020415 0.5418725510402456
9.615209999805158 0.0893402982449395 0.3667885657401948
9.750549999800034 0.2757711965397426 0.5202950761641012
9.884879999794949 0.08419488866405656 0.3468763071196368
10.020219999789825 0.2678952266548066 0.5000824379654878
10.155559999784701 0.07947861726797112 0.32762779841838396
10.290899999779578 0.2603016305441185 0.48061131708243554
10.426239999774454 0.07520296872834276 0.30923021425123265
10.56157999976933 0.25306497517775484 0.4620589611209813
10.695909999764245 0.07143909115453329 0.29189415321883017
10.831249999759121 0.24627158083705913 0.4446379116072152
10.966589999753998 0.0680341802217953 0.27513993971065576
11.101929999748874 0.23970896618426518 0.427819323908174
11.23726999974375 0.06501357190268697 0.2591182837481498
11.371599999738665 0.23352315358245956 0.4119619792487983
11.506939999733541 0.062423693909921744 0.24402714037018436
11.642279999728418 0.22756483224620816 0.3966919771061672
11.777619999723294 0.06012770679841229 0.22943747057768693
11.91295999971817 0.2218752031544159 0.3821075165950316
12.047289999713085 0.05819859570811703 0.21566411125237828
12.182629999707961 0.21651898705762318 0.3683700553175351
12.317969999702838 0.05655035946908859 0.202403303325438
12.453309999697714 0.21135029447333664 0.3551124831079111
12.58864999969259 0.05519984907829801 0.18974284152271093
12.722979999687505 0.20647296478358246 0.342594758844772
12.858319999682381 0.054126807781938895 0.17783418943330132
12.993659999677257 0.2017778658638425 0.3305436050446753
13.128999999672134 0.0533088058349358 0.16634983914606272
13.26433999966701 0.19729357567073924 0.31903104870003585
13.398669999661925 0.05271209234485352 0.15552554926756557
13.534009999656801 0.19307794858366933 0.30819897661307216
13.669349999651677 0.0523359179440448 0.14510135534308022
13.804689999646554 0.18900657919974684 0.29774061852692046
13.94002999964143 0.0521482280323583 0.13514172829783844
14.074359999636345 0.18517007584326173 0.28788489505672255
14.209699999631221 0.05212608812251696 0.12578269371731343
14.345039999626097 0.18146922608217742 0.27838146181884404
14.480379999620974 0.052260250236799255 0.11672779510709663
14.614709999615888 0.17797648118465426 0.2694109463000527
14.750049999610765 0.052546158521775466 0.1082050858104644
14.885389999605641 0.17461018186614485 0.26076804998451664
15.020729999600517 0.052960336210097325 0.09996775844376415
15.156069999595394 0.1713911365938201 0.2525031727399374
15.290399999590308 0.05348149789028345 0.09220605726388831
15.425739999585184 0.1683654438457961 0.2447313790761685
15.56107999958006 0.05411195556726345 0.0847123322635368
15.696419999574937 0.16543530311354715 0.2372076352524899
15.830749999569852 0.054828557912892095 0.07764432747060512
15.966089999564728 0.16267829359745123 0.23012572108408458
16.101429999559606 0.055637057024250806 0.0708261859950654
16.236769999554483 0.1600102337368472 0.22327525541187
16.371099999549397 0.056512846979903 0.06438877612325866
16.506439999544273 0.15749731489667762 0.21682176848454304
16.64177999953915 0.05746751328743149 0.05818243204478435
16.777119999534026 0.15506689749548397 0.21058290746815977
16.91144999952894 0.05847490800451626 0.05231625822894603
17.046789999523817 0.15277561735878487 0.20470041607689726
17.182129999518693 0.05954378012906736 0.04666314088324075
17.31746999951357 0.1505607948190858 0.19901612349620956
17.452809999508446 0.06066172657875957 0.04125228036284678
17.58713999950336 0.1484709097644603 0.19365213916907598
17.722479999498237 0.06180300365977964 0.03616194252171745
17.857819999493113 0.14645190855183177 0.1884712419816692
17.99315999948799 0.06299495675500799 0.03122915202727894
18.127489999482904 0.14454504783403377 0.18357789939686953
18.26282999947778 0.0641972859770017 0.026584155315800828
18.398169999472657 0.1427037142929939 0.17885325029592947
18.533509999467533 0.06544394729268765 0.022084941909172873
18.667839999462448 0.1409627101900961 0.17438588986603554
18.803179999457324 0.06669401471860581 0.017843466992339962
18.9385199994522 0.13928224758985042 0.17007399797239753
19.073859999447077 0.06797455465254343 0.013736611590020598
19.209199999441953 0.13767236228224677 0.1659430638221271
19.343529999436868 0.06924963118204153 0.009860221858137841
19.478869999431744 0.136156835588229 0.16205387985219755
19.61420999942662 0.07054595757134607 0.006108879524036048
19.749549999421497 0.1346863582773734 0.15828034759783893
19.88387999941641 0.07182951189563602 0.00256373828777523
20.019219999411288 0.1333005535797689 0.15472375144720552
20.154559999406164 0.07312548499459748 0.0008642575149320209
20.28989999940104 0.1319572066853285 0.15127618925608877
20.424229999395955 0.07440039974075163 0.00410763986656848
20.55956999939083 0.13068977684211192 0.14802315786431874
20.694909999385708 0.07563170400781805 0.007240579841216732
20.830249999380584 0.1294625072785235 0.14487333183157425
20.96558999937546 0.07681183148042581 0.010243341729254674
21.099919999370375 0.12830313634356927 0.14189755196580833
21.23525999936525 0.07792372433167827 0.013071941519793295
21.370599999360127 0.1271818224709651 0.1390196153556844
21.505939999355004 0.07900234588610233 0.015816504494992056
21.64026999934992 0.12612104262353319 0.13629687910552413
21.775609999344795 0.0800200434070859 0.018405589822301227
21.91094999933967 0.12509633874919068 0.13366675838075714
22.046289999334547 0.08100597322772451 0.020914305036279224
22.181629999329424 0.12411428180597295 0.13114599459176368
22.31595999932434 0.08193766577090023 0.02328457841732634
22.451299999319215 0.12318870045067076 0.12876994963412214
22.58663999931409 0.08283898010069446 0.02557788675773276
22.721979999308967 0.12229088399205001 0.1264651309379916
22.856309999303882 0.0836921121218882 0.027748210945188756
22.991649999298758 0.12144326590122323 0.1242889538061065
23.126989999293635 0.08451614301098131 0.0298447150635317
23.26232999928851 0.12062251593840446 0.12218118386899679
23.397669999283387 0.08530599174744269 0.03185416378512773
23.5319999992783 0.11984669281221438 0.12018758228462545
23.667339999273178 0.08605086463448841 0.03374882504834087
23.802679999268054 0.11909653646677244 0.11825977932143905
23.93801999926293 0.0867730401697584 0.0355858900977557
24.073359999257807 0.11837748814930861 0.11641174249960029
24.20768999925272 0.08745531978049592 0.037321152130487256
24.343029999247598 0.11769981816490416 0.11466977079680474
24.478369999242474 0.0881156150879645 0.03900057734230744
24.61370999923735 0.11704223722343 0.11297929976208376
24.748039999232265 0.08874058507008709 0.04058988430445387
24.88337999922714 0.11642134941871041 0.1113828838409936
25.018719999222018 0.08934428385659865 0.04212512953427616
25.154059999216894 0.1158199767534035 0.109836516641304
25.28939999921177 0.08992290624618937 0.04359650062860654
25.423729999206685 0.11525108865664326 0.10837342752865187
25.55906999920156 0.0904686978397875 0.04498412102516003
25.694409999196438 0.11470111947205386 0.10695888114956587
25.829749999191314 0.09099771572182691 0.04632912341755446
25.96508999918619 0.11417395554156229 0.10560284359011352
26.099419999181105 0.09149768496806643 0.04760004028998566
26.23475999917598 0.11367689752669696 0.1043240032243653
26.370099999170858 0.09198134121518686 0.04882948011860622
26.505439999165734 0.11319476907862779 0.1030835088331683
26.64077999916061 0.09244488349178726 0.050007682886377136
26.775109999155525 0.11273928542619292 0.10191134824720782
26.9104499991504 0.09288151623892382 0.05111726106035164
27.045789999145278 0.11229833773155595 0.10077651676170252
27.181129999140154 0.0933053199285585 0.05219422208361246
27.31545999913507 0.11188094236265056 0.09970210061319706
27.450799999129945 0.09370530884258821 0.0532104690172841
27.58613999912482 0.11147765597899328 0.09866391170373356
27.721479999119698 0.09409277223638202 0.05419484678245157
27.856819999114574 0.11109107978826438 0.09766861418245565
27.99114999910949 0.09445918554068944 0.05512557094694559
28.126489999104365 0.11072633628704609 0.09672932593877137
28.26182999909924 0.09481341787291464 0.0560252806294792
28.397169999094118 0.11037277249863198 0.09581875778514881
28.532509999088994 0.09515292222174909 0.056887469202937524
28.66683999908391 0.1100385209623177 0.09495774675560842
28.802179999078785 0.09547292427138176 0.05769994017410518
28.93751999907366 0.10971513625125195 0.09412465044588147
29.072859999068537 0.09578333415757445 0.05848799827041784
29.208199999063414 0.10940513909454463 0.09332593377593401
29.34252999905833 0.0960764981381409 0.05923210343404817
29.477869999053205 0.10911301049341782 0.09257307498771183
29.61320999904808 0.09636031845637139 0.05995242631295916
29.748549999042957 0.1088294345061348 0.09184220507708618
29.882879999037872 0.09662890239892163 0.06063392942246004
30.01821999903275 0.10856168076230312 0.09115195310495094
30.153559999027625 0.096888417522486 0.0612923483555905
30.2888999990225 0.10830226191657412 0.0904831290048258
30.424239999017377 0.09713716701102915 0.061923358464577305
30.558569999012292 0.10805684200700405 0.08985025340677577
30.693909999007168 0.09737177671774222 0.06251834401481693
30.829249999002045 0.10781951522587886 0.08923818334399813
30.96458999899692 0.09759923434692874 0.06309514032296626
31.099929998991797 0.10759198926700597 0.08865130170692126
31.234259998986712 0.09781417777312562 0.06364006372182596
31.369599998981588 0.10737744663055948 0.08809776221004872
31.504939998976464 0.09802216041303823 0.0641672825013595
31.64027999897134 0.10716928513170143 0.08756064277144482
31.775619998966217 0.09822150884820269 0.06467253056756661
31.90994999896113 0.10697262888041514 0.0870530790262447
32.045289998972095 0.09840924791080574 0.06514821136018867
32.18062999901505 0.1067821831269159 0.08656149458162732
32.31596999905801 0.0985915284977601 0.0656100231785306
32.45029999910065 0.10660192367054899 0.08609608655919532
32.58563999914361 0.09876352114238496 0.0660456418801525
32.72097999918657 0.10642768534253023 0.0856461692719801
32.85631999922953 0.0989301897675533 0.06646773130707384
32.991659999272485 0.10626063485483017 0.0852147395109526
