0.001020000000000002 2.150388472960192 5.36310218069862
0.17070000000002994 1.2468339539514397 3.3778738706152556
0.3363400000001956 1.7435243727439325 4.263444513932935
0.5029900000003457 1.18679273708019 3.2747530176675976
0.6676199999995964 1.544886748609414 3.7105561282246513
0.834269999998838 1.1051956909259895 3.092247537831838
0.9988999999980888 1.4054286108564422 3.3293189259247624
1.1645399999991617 1.0276581213319154 2.908311704856348
1.3291700000002402 1.2930097519246395 3.0258689876398015
1.4948100000013254 0.9556017671657164 2.734146630068235
1.6594400000024039 1.1969125953559188 2.7694359091439025
1.825080000003489 0.8887994736219389 2.5708180961742433
1.9897100000045675 1.1120267303616114 2.544642037930467
2.1553500000056527 0.8268161316404676 2.418691923173999
2.3189700000067246 1.0359550841958873 2.343262201223495
2.4846100000078097 0.7701388879031831 2.2789849598116585
2.6492400000088883 0.9670768186361314 2.1607677934899483
2.813870000009967 0.7183182988088119 2.1508445236523177
2.9785000000110453 0.9051605556347897 1.99694839710437
3.143130000012124 0.6709423231835782 2.033407353304195
3.3077600000132024 0.8487777691563949 1.848213911524288
3.472390000014281 0.6273367541844665 1.9249671258161793
3.6370200000153594 0.7970377475089249 1.7122409478810274
3.801650000016438 0.5870252854872375 1.8244415950347093
3.96527000001751 0.7497794930919526 1.5882621220458581
4.129900000012819 0.549880727794007 1.7316908654050334
4.294530000006587 0.7059928223560518 1.4732737646177885
4.459160000000354 0.5151867067642727 1.6453210265080398
4.62277999999416 0.6657278846057543 1.3674051701376366
4.787409999987927 0.48329936678699764 1.5661031105082546
4.952039999981695 0.6282226550897211 1.2691169143297376
5.115659999975501 0.45352218382862547 1.4919306376660502
5.280289999969268 0.5935818753069854 1.178727952230596
5.4449199999630356 0.4254125002196878 1.4216441105240896
5.608539999956841 0.5612953614327058 1.0947515533597851
5.773169999950609 0.39917944232891234 1.3559510736559588
5.9367899999444145 0.5311461025222244 1.0164223020664331
6.101419999938182 0.3744746052956254 1.2940014390309895
6.265039999931988 0.5029067021379902 0.9431167466963597
6.429669999925755 0.3513061434763858 1.2354275257581038
6.593289999919561 0.4765359930323152 0.874752526459055
6.757919999913328 0.3300018610210602 1.1798417269569872
6.921539999907134 0.45204119595259634 0.811384679455851
7.086169999900902 0.31029614547900164 1.1271045701688354
7.249789999894707 0.4293317241699757 0.7527607338709164
7.414419999888475 0.2919666843990767 1.076989703931086
7.5780399998822805 0.40820830767984045 0.698304483922163
7.742669999876048 0.275000503703851 1.0295149073707988
7.906289999869854 0.38848767598128764 0.6475256018007469
8.070919999863621 0.2594037020963965 0.9846246596770358
8.234539999857427 0.3700318105611764 0.6000504109303639
8.398159999851233 0.24520881333851083 0.9425404061175646
8.562789999845 0.35272525776251273 0.5555696589512049
8.726409999838806 0.23209112210072605 0.902501158180391
8.890029999832612 0.33658534049755295 0.5141167372642252
9.054659999826379 0.22004377924292573 0.8646685060494375
9.218279999820185 0.3212946079002339 0.47486263447941157
9.38189999981399 0.20907997604153983 0.8292250500800846
9.546529999807758 0.3068730460876623 0.43786405990129396
9.710149999801564 0.19891018595899224 0.7955163760413608
9.87376999979537 0.29338330751576136 0.40326582472071104
10.037389999789175 0.18962618430716383 0.7638557535338375
10.202019999782943 0.2805708913916447 0.3704071662804287
10.365639999776748 0.18103977351599043 0.733777072432007
10.529259999770554 0.2685791146225641 0.33965668355325773
10.693889999764322 0.17315195353237167 0.7053155673907407
10.857509999758127 0.2572125129735988 0.31051771090285785
11.021129999751933 0.16599805261988487 0.6786322435722747
11.184749999745739 0.24659702952509643 0.28328664922324664
11.349379999739506 0.1594180973538155 0.6532226164027155
11.512999999733312 0.23655094348699235 0.2575130699996597
11.676619999727118 0.15347249045174272 0.6294416830098792
11.840239999720923 0.22716543891510133 0.23341332976113405
12.003859999714729 0.14805290053085007 0.606973246537712
12.168489999708497 0.21825987815987713 0.21054715695124626
12.332109999702302 0.1430941159094471 0.5856470067797104
12.495729999696108 0.2099261755004834 0.18913251376450058
12.659349999689914 0.1386185352322733 0.5656418518559247
12.82296999968372 0.2020371911446166 0.16885743965262545
12.987599999677487 0.13451755247185881 0.5465719008780012
13.151219999671293 0.19451800984295708 0.14953361980120095
13.314839999665098 0.13081561658220087 0.5286481900335538
13.478459999658904 0.1874355878394287 0.13133307378243586
13.64207999965271 0.1274394806132526 0.5116144192510719
13.805699999646516 0.18070772978582061 0.1140550999807366
13.970329999640283 0.1243422155088192 0.4953252264545016
14.133949999634089 0.17429302987216133 0.09759302628158384
14.297569999627894 0.12154755947741847 0.47998495555352516
14.4611899996217 0.1682530367848889 0.08210408188175089
14.624809999615506 0.11900731683175649 0.4654133716326614
14.789439999609273 0.16249115571698758 0.0673462139265113
14.953059999603079 0.11670941827383019 0.4514957777130957
15.116679999596885 0.1570803998487703 0.0535009195488656
15.28029999959069 0.11465377185033766 0.43839178977936877
15.443919999584496 0.15195135754203193 0.04038499613411295
15.607539999578302 0.11278133623262797 0.4259555163943607
15.77216999957207 0.147057575944479 0.02787357548134084
15.935789999565875 0.11106735505977171 0.4140904967550596
16.099409999559683 0.14245805483006058 0.016120921329332294
16.26302999955349 0.10956688617791865 0.402924412279293
16.426649999547294 0.13809535503128123 0.004977581481435678
16.5902699995411 0.1081984221934359 0.3923289074844183
16.753889999534906 0.1340691729618173 0.00558842832630857
16.918519999528673 0.10695584129512782 0.3822168808633952
17.08213999952248 0.13048741337366732 0.015655193322849925
17.245759999516284 0.10587333089686535 0.3727024288362024
17.40937999951009 0.12736348992053326 0.025133011559663743
17.572999999503896 0.10487355619569749 0.3636767990224832
17.7366199994977 0.12458652958270766 0.034120916450175454
17.90124999949147 0.1040131913719834 0.35506256054669283
18.064869999485275 0.12210281162587566 0.0426898030035372
18.22848999947908 0.10321876666332197 0.3469660789739981
18.392109999472886 0.1199026023373403 0.05075357801354041
18.555729999466692 0.10254229014626037 0.33928991320724133
18.719349999460498 0.11793498132546411 0.05840095796467715
18.882969999454303 0.10190911605034347 0.33201388995091063
19.04759999944807 0.11618715092624199 0.06569743878350742
19.211219999441877 0.10138155694065898 0.32508194050148154
19.374839999435682 0.11462952629699308 0.0725562480442421
19.538459999429488 0.10088535344829974 0.3185631737232075
19.702079999423294 0.11321688410179487 0.07905791142500673
19.8656999994171 0.10047904661863472 0.3123867784396328
20.029319999410905 0.11196237708836633 0.08521968141056435
20.193949999404673 0.10010295841039485 0.3064961148514511
20.35756999939848 0.1108272956448214 0.09109203541982636
20.521189999392284 0.099770520182789 0.3009657457158088
20.68480999938609 0.10979904855601831 0.09661275827476112
20.848429999379896 0.09950157773519874 0.2957272571201264
21.0120499993737 0.10889195902866801 0.10184365252776661
21.175669999367507 0.09924695249327109 0.29076565717498504
21.339289999361313 0.10805317264206882 0.10679990393890337
21.50290999935512 0.09902937714303804 0.2860662497765398
21.667539999348886 0.10730462951673869 0.11152507371849918
21.83115999934269 0.0988572321688872 0.28159003800033444
21.994779999336497 0.1066269458725274 0.11596691771875722
22.158399999330303 0.09869530620398315 0.2773807488256508
22.32201999932411 0.10599849117001581 0.12017684608826018
22.485639999317915 0.09854335271577597 0.2733919219771064
22.64925999931172 0.10545483572315793 0.12416761023807954
22.812879999305526 0.09844755270186345 0.2696113785544796
22.97649999929933 0.10493958178907481 0.12795130879382777
23.1411299992931 0.09835624350610561 0.2660030784469858
23.304749999286905 0.10446559767920914 0.13156097209873208
23.46836999928071 0.09827050507547196 0.2626114368375787
23.631989999274516 0.10405817464815602 0.13495865254961048
23.795609999268322 0.09818946161552877 0.25939504906865585
23.959229999262128 0.10367152862835305 0.13818243238117311
24.122849999255934 0.0981533098938242 0.25634437402923815
24.28646999924974 0.10330453679363615 0.14124183517534306
24.450089999243545 0.09811911040434673 0.25345046143954164
24.61370999923735 0.1029902574110456 0.144145780706606
24.777329999231156 0.09808674561335963 0.25070491813053986
24.941959999224924 0.10270142606502997 0.1469203367804095
25.10557999921873 0.09805587784704073 0.24808446035549103
25.269199999212535 0.1024293050060525 0.14953356270981377
25.43281999920634 0.09802691069284608 0.24561668227133238
25.596439999200147 0.10217090932008355 0.15201513541388545
25.760059999193953 0.09802767312990847 0.24327477067178638
25.92367999918776 0.10193435337583988 0.15437190344729235
26.087299999181564 0.09803199386470139 0.24105221784855857
26.25091999917537 0.10173617087014897 0.15661033815767
26.414539999169175 0.09803613278206212 0.23894288403788488
26.579169999162943 0.10154672630429773 0.1587513829258036
26.74278999915675 0.09804007559062 0.23692792203376944
26.906409999150554 0.10136828746128967 0.16076771917701294
27.07002999914436 0.09804386722243308 0.23503112141913807
27.233649999138166 0.10119880734227571 0.16268327355997148
27.39726999913197 0.09804749731626296 0.23323076088095362
27.560889999125777 0.10103782925591875 0.16450317577393347
27.724509999119583 0.09805097310475841 0.23152192939972505
27.88812999911339 0.10088807088813355 0.16623228801097012
28.051749999107194 0.0980746238725061 0.22989997008344698
28.215369999101 0.10076793050308153 0.1678752200113487
28.379999999094768 0.09809937445505545 0.22834932884013837
28.543619999088573 0.10065312841800711 0.16944636799699486
28.70723999908238 0.09812272620290585 0.22689056289086906
28.870859999076185 0.10054489300334601 0.17092748238168864
29.03447999906999 0.0981449247060797 0.22550587152518897
29.198099999063796 0.10044206656643917 0.17233508331190306
29.361719999057602 0.09816603186173156 0.2241915081979684
29.525339999051408 0.10034437496851369 0.17367288288401284
29.688959999045213 0.09818610463400723 0.22294391702749605
29.85257999903902 0.1002515569496696 0.17494440058617444
30.016199999032825 0.09820519408153218 0.22175971197214706
30.17981999902663 0.10016336552932627 0.17615297942960018
30.344449999020398 0.09822344482845134 0.22062800942916905
30.508069999014204 0.10007910035033196 0.17730871213110788
30.67168999900801 0.09824068529637109 0.21956284692439265
30.835309999001815 0.09999959339536113 0.17839909670702703
30.99892999899562 0.09825708406074361 0.21855174826426182
31.162549998989427 0.09993719131901292 0.17943573387833034
31.326169998983232 0.09827356116147669 0.2175919775157742
31.489789998977038 0.09988017486168121 0.18042132158866409
31.653409998970844 0.09830132638400903 0.2166809380431456
31.81702999896465 0.09982599208225616 0.18135842014810333
31.980649998958455 0.09832771266772043 0.21581616532022618
32.14527999900383 0.0997741687563557 0.18225567822753863
32.30889999905577 0.09835293036248728 0.21498991486970098
32.4725199991077 0.09972530871742492 0.18310164561315956
32.63613999915964 0.09837672588912105 0.21421203320457494
32.799759999211574 0.09967886906260093 0.18390616759833556
32.96337999926351 0.09839934253368021 0.2134736366855572
33.126999999315444 0.09963472842446575 0.1846713130482791
33.29061999936738 0.09842083916376589 0.21277273325006618
33.454239999419315 0.09959277162360268 0.18539904612132618
