0.001020000000000002 0.23852555704481226 0.5954422250936897
0.05556000000000634 0.12945529336695683 0.3381467268120386
0.11312999999998884 0.2298146040813288 0.5843578465977939
0.1666600000000259 0.1266015327798351 0.3244339546287889
0.22322000000008246 0.22565449979213345 0.5723894631706083
0.278770000000138 0.1220768856309663 0.3145879506691984
0.33331000000019256 0.2217099977359015 0.559920676490977
0.3888600000002481 0.11874879150193707 0.3076623502299758
0.4444100000003037 0.21736792848073724 0.5478095866166544
0.49996000000035923 0.1151155245135288 0.2986356063785722
0.5555100000001066 0.2130848150420244 0.5369632636101462
0.6110599999998538 0.11158342738847882 0.2895307275812553
0.666609999999601 0.20898832725786254 0.5264548890508314
0.7211499999993528 0.10859239127242015 0.28206209837046137
0.7766999999991 0.2056487444072399 0.5177090151411212
0.8322499999988472 0.1052376154664658 0.2737328730411548
0.8877999999985944 0.20194504546124215 0.5080659595397385
0.9433499999983416 0.10192754604509158 0.2654515725617035
0.9988999999980888 0.19831674155249812 0.4986886430343618
1.0544499999984405 0.09865514997167235 0.257220149351689
1.1089899999987978 0.19528552911595543 0.49086193400198486
1.1645399999991617 0.09601161570475791 0.2505733358572848
1.2200899999995256 0.19192889986732353 0.4822082728355048
1.2756399999998895 0.09293277457997551 0.24282373165037674
1.3311900000002534 0.18862228627043576 0.47369260541461067
1.3867400000006174 0.08987550665770583 0.23511902898315507
1.4412800000009747 0.1858502585432753 0.46655438956739737
1.4968300000013386 0.08740060461570887 0.22888154478639677
1.5523800000017025 0.18276629602709704 0.458627170481396
1.6079300000020664 0.08451954618203805 0.22161006988971055
1.6634800000024303 0.1797137899818042 0.45078792530055534
1.7190300000027943 0.08165225929855613 0.21436753311665502
1.7735700000031516 0.1771671369703569 0.44424418930958387
1.8291200000035155 0.07934443246320166 0.20854190084319546
1.8846700000038794 0.17430616600888094 0.43690451796892793
1.9402200000042433 0.07663745651349108 0.20169899942371616
1.9957700000046072 0.17146508952925532 0.4296213941173632
2.0503100000049646 0.07434946101185724 0.1959176679464325
2.1058600000053285 0.16912144629937143 0.4236073168231491
2.1614100000056924 0.07179378752071608 0.18945338119072952
2.2169600000060563 0.16644949772195727 0.4167626160536897
2.2725100000064202 0.0692426863908624 0.1829975120074656
2.328060000006784 0.16379042652529208 0.40995469747011626
2.3826000000071414 0.06711971658284732 0.17762936581967592
2.4381500000075054 0.16163317432399749 0.4044236168837978
2.4937000000078693 0.06470796373772092 0.17152350195251964
2.549250000008233 0.15912638227121212 0.39800888897552067
2.604800000008597 0.06229811074328694 0.1654201472222061
2.6593400000089544 0.15700773103952137 0.39258065538697595
2.7148900000093183 0.06033281401728984 0.16044798774311753
2.7704400000096823 0.1546433887195916 0.3865329932523087
2.825990000010046 0.05805195476426251 0.15466956775350704
2.88154000001041 0.15228367232556783 0.38049939710994574
2.9360800000107674 0.05611438758064568 0.14976502005117354
2.9916300000111313 0.1503346802486818 0.3755080651733578
3.0471800000114952 0.05395571689470968 0.14429480213075108
3.102730000011859 0.14810535772632594 0.369809615833816
3.158280000012223 0.05179486538589973 0.1388176749739678
3.213830000012587 0.145878430793842 0.36411892891555775
3.2683700000129443 0.05000635380313556 0.1342888121185437
3.3239200000133082 0.14408741675928127 0.3595334792723448
3.379470000013672 0.047959183673381145 0.12909879807067037
3.435020000014036 0.14198108400174636 0.35415124209594584
3.4905700000144 0.045909102473831065 0.12390032985286625
3.5451100000147573 0.14022473799196078 0.3496561354934258
3.600660000015121 0.044261021600915496 0.1197256922449319
3.656210000015485 0.13823179165512578 0.3445647503688698
3.711760000015849 0.04231699132659095 0.1147953061190421
3.767310000016213 0.1362376944475746 0.3394715030466733
3.8218500000165703 0.040696904874802486 0.11068997777158307
3.877400000016934 0.13462531944889788 0.3353461699642901
3.932950000017298 0.03885350761052364 0.10601408545091173
3.988500000017662 0.13273645385227728 0.33052265642871115
4.044050000016069 0.0370053894634097 0.10132540753589048
4.0985900000140045 0.13115676944584298 0.32648269859336665
4.1541400000119015 0.03551521093207555 0.09754827786869757
4.2096900000097985 0.12936748290906597 0.32191447013276697
4.2652400000076955 0.03376123750712112 0.09309772291222762
4.3207900000055925 0.12757498727240035 0.31733902187531804
4.375330000003528 0.03229842398686156 0.08938867147584295
4.430880000001425 0.12612626182414322 0.31363534581104746
4.486429999999322 0.030633773553761845 0.08516406143201927
4.541979999997219 0.12442647467443045 0.3092974192478004
4.597529999995116 0.02896335784316917 0.080924230242585
4.652069999993051 0.12300794774812007 0.30567233345155653
4.707619999990948 0.02761946057011677 0.07751589262845471
4.763169999988845 0.12139589415469587 0.30155893380685583
4.818719999986742 0.026032813870958123 0.07348823542800975
4.874269999984639 0.11977932443230666 0.29743455639037464
4.928809999982574 0.024714802967888527 0.0701445448168303
4.984359999980471 0.11847903221279743 0.2941125192436167
5.039909999978368 0.023207771855389026 0.06631856369111455
5.095459999976265 0.11694455565115958 0.29019808531276503
5.151009999974162 0.02169459436198451 0.06247653404464204
5.2055499999720976 0.11567190074379542 0.28694775789536164
5.261099999969995 0.020485030262227144 0.05940712510865698
5.316649999967892 0.1142157383822201 0.2832325374760525
5.372199999965789 0.019046817766169455 0.05575499319927513
5.426739999963724 0.11297132671427945 0.28005471937985194
5.482289999961621 0.01786143372638893 0.05274594350156425
5.537839999959518 0.11158913954330495 0.2765286522711463
5.593389999957415 0.016494576465617583 0.049274546794719765
5.648939999955312 0.1102011995570592 0.27298831137476665
5.703479999953247 0.015333878906425236 0.0463272008447313
5.759029999951144 0.10906102316609846 0.27007763629443016
5.814579999949041 0.014034958030162081 0.04302785616174809
5.870129999946938 0.10774277208583172 0.2667155228779361
5.925679999944835 0.012729406161971046 0.03971120725988486
5.98021999994277 0.10662809387705019 0.26387106280996164
6.035769999940667 0.011665073959477579 0.03700772149329845
6.091319999938564 0.10537608757662809 0.2606784134895346
6.146869999936461 0.010423707173109031 0.03385359660448284
6.202419999934358 0.10411840166163289 0.25747176021201357
6.256959999932294 0.00938199617034774 0.0312069433855533
6.312509999930191 0.10309790206985414 0.25486853115708197
6.368059999928088 0.008201733688210866 0.02820760060171512
6.423609999925985 0.1019025859203563 0.2518214264764951
6.479159999923882 0.0070214087820943405 0.025191962344928154
6.533699999921817 0.10090497551962874 0.24927740076903238
6.589249999919714 0.00612696735036533 0.022766410628383138
6.644799999917611 0.09976890248386916 0.24638179913912817
6.700349999915508 0.005169808358588268 0.019897193696105653
6.755899999913405 0.09862732940247164 0.24347255597075845
6.81043999991134 0.004465593209863727 0.017523272288400005
6.865989999909237 0.09771433369518091 0.2411448335578381
6.921539999907134 0.003743762051157229 0.014793649725419744
6.977089999905031 0.09662865828745226 0.238378317951371
7.031629999902966 0.003208198013664787 0.012471677778802537
7.087179999900863 0.09573603298071631 0.2361030189059976
7.14272999989876 0.0027245428840795283 0.009875167388451178
7.198279999896657 0.0947035690131608 0.2334723004139727
7.253829999894554 0.0024308943400910277 0.007263084743369674
7.30836999989249 0.09383128007795849 0.23124924732892405
7.363919999890387 0.002378277005441909 0.005135750307583287
7.419469999888284 0.09284982061221325 0.2287477671047533
7.475019999886181 0.0025826302907049348 0.002650001237836097
7.530569999884078 0.09186297578935065 0.22623268070992575
7.585109999882013 0.00306052027980519 0.0005695334086897041
7.64065999987991 0.09106490041603643 0.22419823748365264
7.696209999877807 0.003957439268277407 0.0017956905823734992
7.751759999875704 0.09012600984049568 0.22180544487285792
7.807309999873601 0.0048843592381153655 0.004174790962008235
7.861849999871536 0.08934605521845929 0.2198174610818615
7.917399999869433 0.005626844941013953 0.006079495845834337
7.97294999986733 0.08845285698345984 0.21754116001770907
8.028499999865227 0.0065095540444665145 0.008344161435402953
8.083039999863162 0.08769095438757113 0.21559939894836289
8.13858999986106 0.007235582141649432 0.010206805562873456
8.194139999858956 0.08684129404950458 0.2134340706927862
8.249689999856853 0.008075745081886132 0.012362286063904993
8.30523999985475 0.08598653170168358 0.2112558377546203
8.359779999852686 0.008785326352493072 0.014182889766423123
8.415329999850583 0.08528917058476893 0.20947862541201845
8.47087999984848 0.009584906913088553 0.0162342132744131
8.526429999846377 0.08447569871086091 0.20740561327012852
8.581979999844274 0.010390671960481268 0.01829829212091072
8.636519999842209 0.08379440965482032 0.20566947435602945
8.692069999840106 0.011041202858627308 0.01996487455523388
8.747619999838003 0.08302030538619631 0.20369678438396654
8.8031699998359 0.011808416530148191 0.021930030986583304
8.858719999833797 0.08224167265221283 0.2017126521748125
8.913259999831732 0.012444239534725399 0.023559085601188023
8.96880999982963 0.08161844552486053 0.20012447318112914
9.024359999827526 0.013174614002178231 0.025429885227634674
9.079909999825423 0.08087718542894795 0.19823562123147953
9.134449999823358 0.013795780020052219 0.02702153353028036
9.189999999821255 0.08026827514927848 0.19668397282475159
9.245549999819152 0.014491006102359871 0.02880233948472366
9.30109999981705 0.07956266649934607 0.19488604414436006
9.356649999814946 0.015190743966336018 0.03059478221433265
9.411189999812882 0.07896801453530067 0.19337073628216128
9.466739999810779 0.015759276203318517 0.03205171511956317
9.522289999808676 0.07829642005534365 0.19165957773005227
9.577839999806573 0.016426395056169718 0.03375860653364038
9.63338999980447 0.07762070744445648 0.1899380628998415
9.687929999802405 0.016982614446879984 0.035182105500097816
9.743479999800302 0.07707681884566542 0.1885520158117493
9.799029999798199 0.017617877040423502 0.03680727769311831
9.854579999796096 0.0764335475752308 0.1869129980667017
9.909119999794031 0.018161032942381472 0.03819738664083694
9.964669999791928 0.0759026500228045 0.1855593198666683
10.020219999789825 0.01876575315197515 0.03974447795126457
10.075769999787722 0.07529047470146877 0.18399907447862462
10.13131999978562 0.019374479806466227 0.04130189262354644
10.185859999783554 0.07477226412854765 0.1826776345540515
10.241409999781451 0.01987142684191956 0.04257375254618223
10.296959999779348 0.07418959104947642 0.18119262275565484
10.352509999777245 0.020451039554831296 0.04405671579278403
10.408059999775142 0.0736032714776258 0.17969837283706713
10.462599999773078 0.02093624871427613 0.04529852800152501
10.518149999770975 0.07312951833151582 0.1784901324388355
10.573699999768872 0.021488031968483146 0.04671031080425436
10.629249999766769 0.07257130471890905 0.17706753844670686
10.684799999764666 0.022043252995030294 0.048130934175227846
10.739339999762601 0.07210891225525307 0.17588820655712878
10.794889999760498 0.02248672485825154 0.04926591071914288
10.850439999758395 0.07157755062393056 0.17453406435473662
10.905989999756292 0.023015615248043075 0.05061866905674561
10.960529999754227 0.0711264599952629 0.17338351109074113
11.016079999752124 0.023449069186528226 0.05172665563689671
11.071629999750021 0.07062075284323277 0.17209475940155317
11.127179999747918 0.02395301225425639 0.05301453820076851
11.182729999745815 0.07011184239270285 0.17079785140474701
11.23726999974375 0.024375953387329452 0.05409565012703954
11.292819999741647 0.06969968675360638 0.1697465408809551
11.348369999739544 0.024855642225129815 0.05532155618204193
11.403919999737441 0.06921521410730025 0.16851192857740838
11.459469999735338 0.02533835444792254 0.05655520998094632
11.514009999733274 0.06881314992415455 0.16748640483013055
11.56955999973117 0.025724675335714542 0.05754274342458787
11.625109999729068 0.06835201161738869 0.16631128898343395
11.680659999726965 0.026184309641675174 0.05871742719372186
11.7351999997249 0.06795994761054414 0.16531132827325434
11.790749999722797 0.02656127198675251 0.05968107117337862
11.846299999720694 0.06752107415664499 0.16419297399269395
11.901849999718591 0.026998874151279547 0.060799451705273455
11.957399999716488 0.06707936432190575 0.16306738600198045
12.011939999714423 0.027366555666912262 0.06173939859048794
12.06748999971232 0.06672127040952713 0.16215408004169873
12.123039999710217 0.027783128188429432 0.06280403142528979
12.178589999708114 0.06630073785725732 0.16108246965752526
12.234139999706011 0.028202379577446646 0.06387551853903606
12.288679999703946 0.06595150437987995 0.16019180405431044
12.344229999701843 0.02853812232484842 0.06473384693207462
12.39977999969974 0.06555118190319753 0.15917170346897436
12.455329999697637 0.0289373610797663 0.06575418283243373
12.509869999695573 0.06521071401371104 0.1583034318674459
12.56541999969347 0.029264875407176368 0.06659149762894279
12.620969999691367 0.06482967691951946 0.15733248184249815
12.676519999689264 0.029645008563084715 0.06756299929890908
12.73206999968716 0.0644461281712223 0.15635512335886448
12.786609999685096 0.029964374824577034 0.06837950038472984
12.842159999682993 0.06413523570084667 0.15556228060094046
12.89770999968089 0.030326269355126726 0.0693043829444906
12.953259999678787 0.06377003757863076 0.15463168955286433
13.008809999676684 0.030690521398400228 0.07023529948858576
13.06334999967462 0.06346690341641248 0.15385865877168836
13.118899999672516 0.03098230039089589 0.07098066667339253
13.174449999670413 0.06311922159912864 0.15297270915987093
13.22999999966831 0.031329545648727475 0.07186719385559037
13.284539999666245 0.06282375853593225 0.1522192632740893
13.340089999664142 0.031614161391493756 0.07259411105361435
13.39563999966204 0.062492795780038746 0.15137592411691436
13.451189999659936 0.031944808283146275 0.0734382560307667
13.506739999657833 0.062159687375864865 0.15052695304659247
13.561279999655769 0.032222278730033915 0.07414691847026367
13.616829999653666 0.06189012594598009 0.1498391408818911
13.672379999651563 0.03253708076826611 0.07495060264001152
13.72792999964946 0.06157305724434614 0.14903072894417724
13.783479999647357 0.03285395093917176 0.07575957388388233
13.838019999645292 0.06131027236405451 0.14836022092687973
13.893569999643189 0.03310717325249379 0.07640629408797173
13.949119999641086 0.061008383870379435 0.14759051809738466
14.004669999638983 0.033408959745203526 0.07717674445980593
14.059209999636918 0.06075228950820044 0.1469370930939684
14.114759999634815 0.03365587122043723 0.07780733774289672
14.170309999632712 0.06046488901545177 0.14620433445508008
14.22585999963061 0.033943257666184556 0.07854101511821643
14.281409999628506 0.060175552640356456 0.1454666372634139
14.335949999626441 0.03418393476251791 0.07915567925895761
14.391499999624338 0.0599418194255309 0.14487025695451017
14.447049999622235 0.03445757478237599 0.07985425437440075
14.502599999620132 0.059666277056092176 0.14416773462927468
14.55814999961803 0.034733022101155364 0.08055744956115829
14.612689999615965 0.059438446491826946 0.14358642662498644
14.668239999613862 0.034952617390624496 0.08111826855284887
14.723789999611759 0.059176072295625715 0.14291748309013252
14.779339999609656 0.035214973226282975 0.08178803499074849
14.833879999607591 0.05895406591042495 0.14235104613916638
14.889429999605488 0.03542906879669139 0.08233480456854014
14.944979999603385 0.0587042616938429 0.14171415583251745
15.000529999601282 0.03567892438403597 0.08297265287530164
15.056079999599179 0.05845276996709281 0.14107296020753335
15.110619999597114 0.035887590022906424 0.08350555218125111
15.166169999595011 0.05825019079539551 0.14055608284968546
15.221719999592908 0.036125510778165726 0.08411292690446714
15.277269999590805 0.058010671515017265 0.1399454166760794
15.33180999958874 0.03632882048107344 0.08463214569330857
15.387359999586637 0.05781322666259648 0.13944164909285295
15.442909999584534 0.036555347145223016 0.08521042823634861
15.498459999582431 0.057585138341216924 0.13886013145461007
15.554009999580328 0.03678346924902731 0.08579278948346314
15.608549999578264 0.057392757216828794 0.13836929277815102
15.66409999957616 0.036969028328589615 0.08626667699863644
15.719649999574058 0.05717558199466466 0.13781560300991647
15.775199999571955 0.037186293314564245 0.08682131770112456
15.830749999569852 0.05695694223871095 0.13725817633132298
15.885289999567787 0.037367129835951585 0.08728314373865897
15.940839999565684 0.05678143322324969 0.1368103788174646
15.996389999563581 0.037574027860730386 0.08781131588356805
16.05193999956148 0.05657319017251549 0.13627946312366745
16.106479999559415 0.03775020838097254 0.08826125083791769
16.162029999557312 0.056402141425904495 0.1358430539615485
16.21757999955521 0.03794720835548171 0.08876415206682253
16.273129999553106 0.05620382571519101 0.13533745222964466
16.328679999551003 0.038145589080652686 0.08927058343339844
16.38321999954894 0.05603717412263998 0.1349122697760441
16.438769999546835 0.03830635289568807 0.08968114979308606
16.494319999544732 0.0558483367397432 0.13443083687947333
16.54986999954263 0.03849530069436424 0.0901634980803423
16.605419999540526 0.05565823220067113 0.13394617023725353
16.65995999953846 0.038651962681837126 0.09056358934864672
16.71550999953636 0.05550622786206849 0.13355835304460495
16.771059999534256 0.0388319029269254 0.09102294086924534
16.826609999532153 0.055325154348213945 0.133096714524239
16.881149999530088 0.03898452247597717 0.0914127089438388
16.936699999527985 0.055177019973457364 0.13271877824752032
16.99224999952588 0.03915586216436151 0.09185010304122443
17.04779999952378 0.055004570240565265 0.1322791292365899
17.103349999521676 0.039328394023621316 0.09229054538683057
17.15788999951961 0.05486024979284176 0.13191093042157487
17.213439999517508 0.039467629579654995 0.09264613690966872
17.268989999515405 0.05469603420338642 0.13149227721415135
17.324539999513302 0.03963196437826577 0.09306565213620388
17.379079999511237 0.05455546941672407 0.13113366676259508
17.434629999509134 0.0397677107107296 0.09341215691851534
17.49017999950703 0.05439911520464503 0.13073505869153346
17.54572999950493 0.039924355321104166 0.09381168818868302
17.601279999502825 0.054241651839311955 0.13033361990923975
17.65581999950076 0.04005664262634001 0.09414924068450459
17.711369999498658 0.0541133964509537 0.13000641026534865
17.766919999496555 0.04020580638860116 0.09452969045138371
17.82246999949445 0.05396342572225632 0.12962407636293305
17.87801999949235 0.04035599853906591 0.09491276766768753
17.932559999490284 0.05383847498991812 0.12930530387323946
17.98810999948818 0.040476660817687415 0.09522066170186694
18.043659999486078 0.05369565863494796 0.1289412122286504
18.099209999483975 0.04061972277145065 0.09558555191349072
18.15374999948191 0.053573961318386654 0.12863074577726952
18.209299999479807 0.0407372986987391 0.09588557153707988
18.264849999477704 0.053437975706673184 0.12828407109732876
18.3203999994756 0.04087355154804684 0.09623309383355316
18.375949999473498 0.05330103417631271 0.1279349567935295
18.430489999471433 0.040988087526972694 0.09652535725512834
18.48603999946933 0.053190014533774255 0.12765172830734306
18.541589999467227 0.04111783852969786 0.09685629532710793
18.597139999465124 0.05305958364323571 0.12731921469997243
18.65268999946302 0.04124847457831404 0.09718949465558069
18.707229999460957 0.05295142484818305 0.12704328993443648
18.762779999458854 0.04135292570730631 0.09745602841410017
18.81832999945675 0.05282721091734155 0.1267266279268653
18.873879999454648 0.04147736455538509 0.09777342037925463
18.928419999452583 0.052721868124635085 0.12645789206631175
18.98396999945048 0.041579143680603114 0.0980331363319209
19.039519999448377 0.05260359015040006 0.12615636505561856
19.095069999446274 0.04169766423007737 0.09833543241990483
19.15061999944417 0.05248448950744956 0.12585273837650846
19.205159999442106 0.041796811999687544 0.0985884342137422
19.260709999440003 0.05238840636700848 0.125607622457935
19.3162599994379 0.04190968113203741 0.09887631521449114
19.371809999435797 0.05227496367321871 0.12531842195512288
19.426349999433732 0.04200623950593607 0.09912270982328497
19.48189999943163 0.05218135516033439 0.1250796234627427
19.537449999429526 0.0421137125746448 0.09939682710421449
19.592999999427423 0.052073315360125376 0.12480419874402182
19.64854999942532 0.04222195565196585 0.09967291168837544
19.703089999423256 0.051982142380279546 0.12457161756620483
19.758639999421153 0.04231004595370902 0.09989770109322116
19.81418999941905 0.05187926143853605 0.12430934635226931
19.869739999416947 0.04241314461975565 0.10016066374448629
19.925289999414844 0.05177567336700484 0.12404527048793801
19.97982999941278 0.042498959038327344 0.10037964560639656
20.035379999410676 0.05169252826314008 0.12383316653054033
20.090929999408573 0.042597145162678096 0.10063007771041743
20.14647999940647 0.05159385750527278 0.12358162825482077
20.201019999404405 0.042680720253087334 0.10084334529915084
20.256569999402302 0.05151285141394557 0.1233749845031995
20.3121199994002 0.04277421567437478 0.10108181270717109
20.367669999398096 0.051418876471380104 0.12313541895332403
20.423219999395993 0.04286837234146168 0.10132196951794237
20.47775999939393 0.051339975452996955 0.12293414850349516
20.533309999391825 0.04294460581836468 0.10151650571738058
20.588859999389722 0.05125048441974157 0.12270601529064118
20.64440999938762 0.043034290496972494 0.10174525569438542
20.699959999385516 0.051160386331505214 0.12247633276111225
20.75449999938345 0.043108556786560226 0.10193477211868363
20.81004999938135 0.051088443849201186 0.12229281122999591
20.865599999379246 0.04319397083336496 0.102152628936647
20.921149999377143 0.0510026198629151 0.12207402601702722
20.975689999375078 0.04326630153956024 0.10233720630903331
21.031239999372975 0.05093252537655424 0.12189522140846343
21.086789999370872 0.04334763758601734 0.10254466139024698
21.14233999936877 0.05085078321401393 0.121686843103197
21.197889999366666 0.04342954079450245 0.10275356563477223
21.2524299993646 0.050782507539180004 0.12151268064285459
21.307979999362498 0.043495507322964255 0.10292190552048108
21.363529999360395 0.050704663263250294 0.12131424015909831
21.419079999358292 0.04357352258459268 0.1031208927393168
21.473619999356227 0.050638176507672654 0.1211446433651453
21.529169999354124 0.043637789227428336 0.10328489487413384
21.58471999935202 0.05056405411126508 0.12095569189258804
21.64026999934992 0.04371209144396038 0.1034744111926611
21.695819999347815 0.050489404869549996 0.12076539573784295
21.75035999934575 0.04377468538067464 0.10363414490911493
21.805909999343648 0.050428756828136516 0.1206106908280713
21.861459999341545 0.04384544192824602 0.1038146172598231
21.91700999933944 0.050357656053774964 0.1204294415567908
21.97255999933734 0.0439166846102752 0.10399633178151957
22.027099999335274 0.050298579245928954 0.12027874674362948
22.08264999933317 0.04397376202545289 0.10414199044996852
22.138199999331068 0.05023086706884061 0.12010613670347947
22.193749999328965 0.04404162448625715 0.10431508294796998
22.2482899993269 0.0501733357528753 0.11995938614824952
22.303839999324797 0.04409723335171034 0.10445699402520381
22.359389999322694 0.05010885919494534 0.1197950252644353
22.41493999932059 0.044161867630462925 0.1046218523090281
22.470489999318488 0.050043958627353446 0.11962951113703157
22.525029999316423 0.044216031348842 0.1047600755010758
22.58057999931432 0.04999152591923905 0.11949566681024315
22.636129999312217 0.04427758294060469 0.10491707068872591
22.691679999310114 0.04992972750945779 0.11933801703195579
22.74621999930805 0.044330325471069076 0.10505166712156955
22.801769999305947 0.04987865081164011 0.11920763591690697
22.857319999303844 0.04438893359590246 0.10520115432325339
22.91286999930174 0.04981979599173658 0.11905749620828576
22.968419999299638 0.044447963120888945 0.10535171824537226
23.022959999297573 0.04977005318906214 0.11893052170506291
23.07850999929547 0.04449607723486837 0.10547450531933622
23.134059999293367 0.04971400910785928 0.11878755307168642
23.189609999291264 0.044552300249036225 0.10561791053668168
23.24515999928916 0.04965757791333314 0.11864359560963544
23.299699999287096 0.04459916612547421 0.1057375120906201
23.355249999284993 0.04961221716042108 0.11852780548412545
23.41079999928289 0.04465270908758545 0.1058740811662795
23.466349999280787 0.04955846544521137 0.11839068421007903
23.520889999278722 0.044698347330210386 0.10599054977102895
23.57643999927662 0.049514275560510246 0.1182778843524579
23.631989999274516 0.04474933124553093 0.10612059135883811
23.687539999272413 0.049463082672628216 0.11814729140254832
23.74308999927031 0.044800676447243726 0.10625155610061165
23.797629999268246 0.04942004466674821 0.11803743321723292
23.853179999266143 0.04484230351344132 0.10635779005113699
23.90872999926404 0.049371295158753936 0.11791307401137763
23.964279999261937 0.044891208882226086 0.1064825313381923
24.019829999259834 0.049322213813335014 0.11778786715285205
24.07436999925777 0.04493175801623217 0.10658601427957493
24.129919999255666 0.04928297304295137 0.11768770054748634
24.185469999253563 0.044978333456185626 0.10670481245367291
24.24101999925146 0.04923622084994062 0.11756843600770894
24.295559999249395 0.04501782235414231 0.10680558954122565
24.351109999247292 0.04919799090173915 0.11747085085197506
24.40665999924519 0.04506217302979931 0.10691871285346544
24.462209999243086 0.04915346302063627 0.11735726111832268
24.517759999240983 0.04510683339322963 0.10703262750091369
24.57229999923892 0.049116227605964013 0.11726221573131745
24.627849999236815 0.04514284628056109 0.1071245352770478
24.683399999234712 0.04907382371884605 0.11715404483640945
24.73894999923261 0.04518538564140717 0.10723303969278897
24.793489999230545 0.049037566189874204 0.11706149662688015
24.84903999922844 0.0452204678304704 0.10732257212013874
24.90458999922634 0.048997190312263794 0.11695849965929206
24.960139999224236 0.04526098169991688 0.1074259099342334
25.015689999222133 0.04895652662890804 0.1168547675499898
25.070229999220068 0.04529514837551807 0.10751310576189166
25.125779999217965 0.048923454018086183 0.11677034791449659
25.181329999215862 0.045333728145445895 0.1076115101003916
25.23687999921376 0.048884723832238734 0.1166715486165204
25.292429999211656 0.04537257332040012 0.10771059264019778
25.34696999920959 0.04885250978309442 0.1165893214523539
25.402519999207488 0.04540372792089831 0.10779010279717838
25.458069999205385 0.048815625925666795 0.11649523255276018
25.513619999203282 0.04544072930305232 0.10788448217730062
25.568159999201217 0.0487842561641072 0.116415161340655
25.623709999199114 0.04547108045135495 0.10796194165673123
25.67925999919701 0.048749135233117635 0.11632557003975474
25.73480999919491 0.04550632103946528 0.108051829595468
25.790359999192805 0.04871376753975476 0.11623534843342442
25.84489999919074 0.04553588175370782 0.10812727162194946
25.900449999188638 0.04868515741670543 0.11616232028479612
25.955999999186535 0.045569440965703034 0.10821287070199581
26.01154999918443 0.048651470405817854 0.11607638646368157
26.06709999918233 0.045603227588429385 0.10829905090928849
26.121639999180264 0.04862360137484534 0.11600525075510237
26.17718999917816 0.045630178367316976 0.1083678332677862
26.232739999176058 0.04859151930743588 0.11592341147447227
26.288289999173955 0.045662362208595986 0.10844992506272577
26.34282999917189 0.04856437913716827 0.11585413691194146
26.398379999169787 0.04568861947554137 0.10851693727276235
26.453929999167684 0.04853382954598351 0.11577620727605265
26.50947999916558 0.04571927265711151 0.10859512462911836
26.565029999163478 0.04850306842675933 0.11569773733336453
26.619569999161413 0.04574484756431374 0.10866039515439185
26.67511999915931 0.04847831932171642 0.1156345650820012
26.730669999157207 0.045774039097699504 0.10873485411002637
26.786219999155104 0.04844901911277 0.11555982221226335
26.84075999915304 0.04579894304543286 0.1087984120481611
26.896309999150937 0.048424909638245195 0.11549828326035128
26.951859999148834 0.04582673896016731 0.10886931103634145
27.00740999914673 0.048397004532841126 0.1154270995636808
27.062959999144628 0.04585473206167057 0.1089407138761822
27.117499999142563 0.048373524214845864 0.11536716711491035
27.17304999914046 0.04587744702426799 0.10899868617536557
27.228599999138357 0.04834695124901123 0.1152993819405701
27.284149999136254 0.045904109544916305 0.10906669491449472
27.33969999913415 0.04832019699611578 0.11523113369266147
27.394239999132086 0.045926235504295865 0.10912316375499831
27.449789999129983 0.04829878833714263 0.11517648831829153
27.50533999912788 0.0459516274107894 0.10918793135897831
27.560889999125777 0.04827330395077434 0.11511147972373958
27.615429999123712 0.04597317413188151 0.10924292167031613
27.67097999912161 0.04825244730432732 0.115058243874544
27.726529999119506 0.04599735280122208 0.10930459449843832
27.782079999117403 0.04822817560865755 0.11499632905094259
27.8376299991153 0.04602170048450471 0.10936669918054642
27.892169999113236 0.048207862012891955 0.11494447980211486
27.947719999111133 0.0460413505592413 0.10941684976454313
28.00326999910903 0.048184748302193214 0.11488551916636336
28.058819999106927 0.04606454160652951 0.10947600402041457
28.113359999104862 0.04816496860733244 0.11483503312137433
28.16890999910276 0.04608368330261203 0.10952485692161673
28.224459999100656 0.04814296054047429 0.1147788931257776
28.280009999098553 0.04610576981862513 0.10958119366631935
28.33555999909645 0.04812079529290336 0.11472235161795741
28.390099999094385 0.04612441149192048 0.10962877023357187
28.445649999092282 0.048102752940275106 0.11467629936613433
28.50119999909018 0.04614544333145343 0.10968241664810474
28.556749999088076 0.04808164181512575 0.11462244705986446
28.612299999085973 0.04616662001300387 0.10973643315845827
28.66683999908391 0.04806406816010944 0.11457759155650837
28.722389999081805 0.04618361836401985 0.10977981642816825
28.777939999079702 0.0480439636240686 0.11452630718691292
28.8334899990776 0.046203789624177705 0.10983126824478662
28.888029999075535 0.048026850836031754 0.11448262841129431
28.94357999907343 0.046220349206426814 0.10987353152130952
28.99912999907133 0.04800770741056848 0.11443379594506808
29.054679999069226 0.04623956032073384 0.10992253413549813
29.110229999067123 0.047988429231929475 0.11438461924893062
29.164769999065058 0.0462556882852736 0.10996369567792819
29.220319999062955 0.04797282169385653 0.11434478194425335
29.275869999060852 0.04627398257429549 0.11001035959571359
29.33141999905875 0.04795445978867863 0.11429794277250105
29.386969999056646 0.046292400975181835 0.11005734064239991
29.44150999905458 0.04793925676186239 0.11425913831272227
29.497059999052478 0.046307105130677484 0.11009486898865273
29.552609999050375 0.047921769829858296 0.11421453129196735
29.608159999048272 0.046324649575517296 0.11013962067375482
29.662699999046207 0.04790696461405575 0.11417674254505794
29.718249999044104 0.04633897506471296 0.11017618241542237
29.773799999042 0.047890313138560625 0.1141342668568801
29.8293499990399 0.04635568489411801 0.11021880509396453
29.884899999037795 0.047873546149091006 0.11409149607684022
29.93943999903573 0.0463696378324987 0.11025441584735507
29.994989999033628 0.0478600450827672 0.11405703555873448
30.050539999031525 0.0463855506891504 0.11029500554194938
30.10608999902942 0.047844074530715375 0.11401629657625811
30.160629999027357 0.04639913732583956 0.11032968126588605
30.216179999025254 0.04783092256217203 0.11398272740352766
30.27172999902315 0.046414289226133554 0.11036832985127365
30.327279999021048 0.04781571256314787 0.11394392866499459
30.382829999018945 0.04642954875576999 0.11040725343004487
30.43736999901688 0.04780290395995335 0.11391123617904286
30.492919999014777 0.046441941320529034 0.11043888215730435
30.548469999012674 0.047788420178706215 0.11387429008602457
30.60401999901057 0.046456475368008676 0.11047595510355057
30.65956999900847 0.047773837388376705 0.11383709105695639
30.714109999006403 0.04646854638525033 0.11050676301800344
30.7696599990043 0.047762158684427014 0.11380728209137159
30.825209999002197 0.0464823876582201 0.11054206876676131
30.880759999000094 0.04774826815962352 0.11377184909692195
30.93529999899803 0.04649414247588113 0.11057206952798104
30.990849998995927 0.047736890716222447 0.11374280932657799
31.046399998993824 0.04650732226845489 0.1106056879085493
31.10194999899172 0.047723661278841645 0.11370906282164306
31.157499998989618 0.046520594328333 0.1106395420343742
31.212039998987553 0.04771258019336588 0.11368077971132262
31.26758999898545 0.046531314583665884 0.1106669028123064
31.323139998983347 0.047699982014037245 0.11364864359362237
31.378689998981244 0.04654395603272232 0.11069914830341698
31.43322999897918 0.047689192284953275 0.1136211043579527
31.488779998977076 0.04655439877449463 0.11072580066133764
31.544329998974973 0.04767719682235705 0.11359050581019048
31.59987999897287 0.046566438029978174 0.11075651000972409
31.655429998970767 0.04766511550797525 0.11355968794702909
31.709969998968702 0.04657660783309292 0.11078246563233085
31.7655199989666 0.047655273312769975 0.11353456680618379
