0.001020000000000002 0.955466985246706 2.3833146806833128
0.11211999999998923 0.5300398614391337 1.4003011317026193
0.22524000000008448 0.8526659770894216 2.1355033481353924
0.3353300000001946 0.5073106620525653 1.340081260916648
0.4464300000003057 0.7987600956531636 1.9863522522352017
0.5575300000000974 0.482151013648201 1.2846913144419547
0.6686299999995918 0.7563209091989475 1.8708283123512692
0.7797299999990862 0.4579727516404854 1.2278728119189508
0.8908299999985806 0.7203778781959084 1.7754239745429445
1.0009199999980898 0.4353122682460782 1.1729807128133318
1.1120199999988176 0.6893463666706031 1.693792135903427
1.2231199999995455 0.41346742978608136 1.1192731455314964
1.3342200000002733 0.6610128482725246 1.6196354500038201
1.4453200000010011 0.39279614780239136 1.068190942418179
1.5554100000017224 0.6355942169568061 1.5531178049907335
1.6665100000024502 0.37360520466073355 1.0207388221362579
1.777610000003178 0.6117714445950855 1.4909504532226947
1.8887100000039059 0.3548333785466986 0.9740876066466897
1.998800000004627 0.5899185044938472 1.4340210387337904
2.109900000005355 0.3372180696964874 0.9302380792319265
2.2210000000060828 0.569078106767584 1.3798637100459143
2.3321000000068106 0.31986392845617206 0.886932235578497
2.442190000007532 0.5497582963335521 1.3297334701242502
2.5532900000082597 0.3035920882471148 0.8462972997402729
2.6643900000089875 0.531103881804056 1.2814121438860293
2.7744800000097087 0.2878835308559471 0.8070069499771182
2.8855800000104366 0.5137657411680111 1.236519142114323
2.9966800000111644 0.2725064084534754 0.7684811960508964
3.1067700000118856 0.497222877729758 1.1936969549511511
3.2178700000126135 0.25804265203464705 0.7322128155226149
3.3289700000133413 0.4811884503936848 1.1522156186032806
3.440070000014069 0.24383565946980648 0.6965519492331484
3.5501600000147904 0.46612372907048893 1.1132082528028553
3.661260000015518 0.23053863008093892 0.6631649403092688
3.772360000016246 0.4514072490949096 1.075129280894671
3.8824500000169673 0.21774222655728245 0.631026640624599
3.993550000017695 0.43762146102270855 1.039449659774927
4.104650000013775 0.20521300179490934 0.5995593907499597
4.214740000009607 0.42436341929845023 1.0051511573102023
4.325840000005401 0.1934403544714146 0.5699843904746538
4.436940000001195 0.41140881910906363 0.9716617351898882
4.547029999997028 0.18207605692019557 0.5414188894641625
4.658129999992822 0.3992198510774444 0.9401506260369175
4.769229999988616 0.1709390274959257 0.5134140076223925
4.879319999984448 0.3874785344971642 0.909806608616448
4.990419999980242 0.16043628964074863 0.4869903751728022
5.101519999976036 0.3760102608246938 0.8801705558117545
5.21261999997183 0.15008568028518932 0.4609467950330459
5.322709999967662 0.3651841707217346 0.852197472969396
5.433809999963456 0.14038133277668996 0.4365223779835836
5.543899999959288 0.3547448232930339 0.8252317540841325
5.654999999955082 0.13100975741403065 0.41293106541470115
5.766099999950876 0.344561628089305 0.7989276475991458
5.87719999994667 0.12178276322684989 0.38970483789841914
5.987289999942503 0.33493073010470553 0.7740638078080009
6.098389999938297 0.11310421164564055 0.3678561747406883
6.209489999934091 0.32547561924767365 0.7496587501553464
6.319579999929923 0.1047142800990649 0.3467348786544755
6.430679999925717 0.3165671532076546 0.7266713036193639
6.541779999921511 0.09647535827149989 0.32597386054308286
6.651869999917343 0.3079642662318438 0.7044748586586547
6.762969999913137 0.08882607793325714 0.3064267659523834
6.874069999908931 0.299535853214012 0.6827382257923564
6.984159999904763 0.0815445045016766 0.28755499274587537
7.0952599999005574 0.2915933682890828 0.6622419775256239
7.2063599998963515 0.07457066394206024 0.26905631536203733
7.316449999892184 0.2839317845350616 0.6424698245172222
7.427549999887978 0.06813907457109991 0.251611407379837
7.538649999883772 0.2764405157976808 0.6231493806638455
7.648739999879604 0.06214937078934668 0.23475998217146188
7.759839999875398 0.26935944491404296 0.6048759958740435
7.870939999871192 0.05661847270263809 0.21826435760157192
7.982039999866986 0.2624013322280355 0.5869346549534638
8.092129999862818 0.05166343742571799 0.2026539891418544
8.203229999858612 0.2558549240018496 0.5700415703750017
8.314329999854406 0.04704336027310285 0.18729452806842684
8.424419999850238 0.24953826287228043 0.5537445582674994
8.535519999846032 0.04294158330586262 0.17283076940495246
8.646619999841826 0.243358936057679 0.5378203836562845
8.756709999837659 0.03921596412917294 0.1588470377194673
8.867809999833453 0.23754370428315374 0.5228325130953393
8.978909999829247 0.03583735236493202 0.14513777227983526
9.088999999825079 0.23194220720904032 0.5084043165005769
9.200099999820873 0.03291056646841217 0.13219546948202154
9.311199999816667 0.22648035209231676 0.4943489151847391
9.422299999812461 0.030327448986859684 0.11946245754966833
9.532389999808293 0.221327317642669 0.4810762437306937
9.643489999804087 0.028218812219709902 0.10751445398086146
9.754589999799881 0.21628287445892128 0.46809247562725753
9.864679999795714 0.0265405668731441 0.09600130907191362
9.975779999791508 0.21154627197773057 0.455894247642763
10.086879999787302 0.025281887413333596 0.08473675715811035
10.196969999783134 0.20698952780697286 0.44416058984867446
10.308069999778928 0.024481076513213736 0.0741585304042669
10.419169999774722 0.20254399352025834 0.43271889471241387
10.529259999770554 0.024092745582600772 0.06398103110661912
10.640359999766348 0.1983625389328539 0.42195263654921655
10.751459999762142 0.024102183794715182 0.054052774976176554
10.861549999757974 0.19434093930532914 0.4115989803670117
10.972649999753768 0.024494090364345692 0.04470445509153764
11.083749999749562 0.19042518079675086 0.40152135729677463
11.194849999745356 0.025277117026363483 0.035533512545571355
11.304939999741189 0.18673378303357002 0.39201873397096687
11.416039999736983 0.02642685225415653 0.026940065927383294
11.527139999732777 0.1831225275936842 0.3827256861670736
11.637229999728609 0.027974830132474593 0.018665048256283345
11.748329999724403 0.17973579855272204 0.3740084310095537
11.859429999720197 0.02998493960642312 0.010561241072615246
11.969519999716029 0.17648004875355128 0.3656293437361957
12.080619999711823 0.03238911685308876 0.002949347106406819
12.191719999707617 0.17330220277438446 0.35745350715508106
12.30180999970345 0.0351939699887599 0.004382325109464347
12.412909999699243 0.17031805995920946 0.34977523786827724
12.524009999695037 0.03801630552580526 0.011551748674554219
12.63409999969087 0.1674505422790391 0.342398371414776
12.745199999686664 0.04067532185621281 0.018302835142336438
12.856299999682458 0.1646578873366633 0.33521341273824445
12.96638999967829 0.04323710257590352 0.024808047527280497
13.077489999674084 0.16203149313909904 0.3284547356479983
13.188589999669878 0.045737851142769514 0.031158851796520004
13.29867999966571 0.15950741242798916 0.32196005277234097
13.409779999661504 0.04809571332802354 0.03714737600267748
13.520879999657298 0.15705119591704986 0.31564176965651614
13.631979999653092 0.05040864057115679 0.04302223817416184
13.742069999648924 0.1547368191776518 0.3096872705108056
13.853169999644718 0.052576630568978544 0.04852895131810531
13.964269999640512 0.1524728681656804 0.3038644980460359
14.074359999636345 0.05466292611314483 0.05382844463464043
14.185459999632139 0.15035102381743715 0.2984057665712636
14.296559999627933 0.05670487722001272 0.059015815350971224
14.406649999623765 0.14831188495389358 0.2931601392457184
14.517749999619559 0.058620141548811795 0.06388130565049277
14.628849999615353 0.1463200711026843 0.2880383057054514
14.738939999611185 0.06046161269598228 0.0685597861553866
14.85003999960698 0.1444515047229059 0.28323199452623404
14.961139999602773 0.062260303930397394 0.07313034522193895
15.071229999598605 0.14265648663256802 0.278615324226561
15.1823299995944 0.06394822662750088 0.07741948969703927
15.293429999590193 0.14090569133035447 0.27411432784339995
15.403519999586026 0.06556995201635696 0.08154091048507839
15.51461999958182 0.1392621015859995 0.2698878791444814
15.625719999577614 0.067151517603936 0.08556086269623231
15.735809999573446 0.1376839213988098 0.26583015551921996
15.84690999956924 0.06863658725932686 0.08933573582341481
15.958009999565034 0.13614676764168754 0.2618795604284352
16.068099999560868 0.07006286799666395 0.09296169184651593
16.179199999556662 0.1347030495310797 0.2581683585263783
16.290299999552456 0.07145224765229796 0.0964943397449014
16.40038999954829 0.13331752214082182 0.2546072816306588
16.511489999544082 0.07275800241995045 0.0998147706861574
16.622589999539876 0.131969878336197 0.2511449813205724
16.73267999953571 0.07401288370621473 0.10300417552110419
16.843779999531503 0.13070355492602703 0.24789113692800235
16.954879999527297 0.07523433597092744 0.10610841661363724
17.06496999952313 0.12948875365181833 0.244770199791422
17.176069999518923 0.07638321635835366 0.10902870536952936
17.287169999514717 0.12830858899093212 0.2417393997935613
17.39725999951055 0.0774864019708692 0.11183329239752293
17.508359999506343 0.12719892805389788 0.23888934747007262
17.619459999502137 0.0785588471109484 0.11456000623698559
17.72954999949797 0.1261345829300009 0.23615609952316596
17.840649999493763 0.07956840046813551 0.11712723522562252
17.951749999489557 0.1251015177141983 0.23350407247781924
18.06284999948535 0.08055532637636231 0.11963722720229608
18.172939999481184 0.12412925625745784 0.23100787850849347
18.284039999476978 0.08147905458650417 0.1219867900333571
18.39513999947277 0.12318032920315648 0.2285724319357585
18.505229999468604 0.08236600025596741 0.12424309955659796
18.616329999464398 0.12229220174314492 0.22629273675406347
18.727429999460192 0.083232213496779 0.1264468839800137
18.837519999456024 0.12144019836283382 0.22410604200050477
18.948619999451818 0.08404368077467284 0.12851165874800952
19.059719999447612 0.12060935016864018 0.221974322890095
19.169809999443444 0.08482277035112973 0.13049430496854253
19.28090999943924 0.11983103269008975 0.21997715205736013
19.392009999435032 0.0855828916932162 0.13242883785952175
19.502099999430865 0.11908437972196562 0.2180614638913947
19.61319999942666 0.08629558458662534 0.13424292991124354
19.724299999422453 0.1183569053346959 0.216195555084564
19.834389999418285 0.08697976835200527 0.13598467767124145
19.94548999941408 0.11767483508490895 0.21444592174688637
20.056589999409873 0.0876466279423812 0.13768243904728195
20.166679999405705 0.11702053962900716 0.2127677353107149
20.2777799994015 0.0882723941013841 0.13927583643126296
20.388879999397293 0.1163836156184953 0.2111345986840596
20.498969999393125 0.08887305556259206 0.14080550236295064
20.61006999938892 0.11578594762534587 0.20960196840426049
20.721169999384713 0.08945793258008217 0.14229505545806376
20.831259999380546 0.11521304833686052 0.20813200024371037
20.94235999937634 0.09000720287341601 0.14369416245167965
21.053459999372134 0.11465585480062046 0.20670272668172895
21.163549999367966 0.09053437322509994 0.14503713656410788
21.27464999936376 0.11413258009529269 0.20536033114941787
21.385749999359554 0.0910472082476278 0.14634364268391042
21.495839999355386 0.11363066150912415 0.20407286646064726
21.60693999935118 0.09152919253214953 0.1475717522807507
21.718039999346974 0.11314288842318852 0.20282204383570424
21.828129999342806 0.09199173719118203 0.14875044485973543
21.9392299993386 0.1126844413670358 0.20164629589504157
22.050329999334394 0.09244131096666386 0.14989610100377693
22.160419999330227 0.11224471007245951 0.20051865337916697
22.27151999932602 0.09286415738344089 0.15097380456468024
22.382619999321815 0.11181769064472047 0.19942390172199564
22.49371999931761 0.09327748645825995 0.15202727550773787
22.60380999931344 0.11141602820854936 0.1983940379209126
22.714909999309235 0.09366399206809017 0.15301249804184902
22.82600999930503 0.11102375914701634 0.19738853527111466
22.93609999930086 0.09403491411335219 0.1539580668351581
23.047199999296655 0.11065687813905312 0.1964479854725476
23.15829999929245 0.09439722704995013 0.15488169615373026
23.26838999928828 0.11030491945231279 0.19554576314563255
23.379489999284075 0.09473628830727976 0.15574614744435777
23.49058999927987 0.10996140127847898 0.1946653990314129
23.6006799992757 0.0950616861601088 0.15657581416113064
23.711779999271496 0.10963985982273038 0.19384124567403127
23.82287999926729 0.09537932092194645 0.1573856802761897
23.932969999263122 0.10933137270876714 0.19305060376186844
24.044069999258916 0.09567678900155374 0.15814420762285675
24.15516999925471 0.10903045971404923 0.1922795504579744
24.265259999250542 0.09596227143472147 0.15887220814677638
24.376359999246336 0.10874858420704192 0.19155717849324017
24.48745999924213 0.09624076027282702 0.15958235713587898
24.597549999237962 0.10847813611537038 0.19086412765579874
24.708649999233756 0.09650174923350485 0.16024794695512767
24.81974999922955 0.10821448241824172 0.19018862923469992
24.929839999225383 0.09675222117224858 0.16088673992930014
25.040939999221177 0.10796732942113106 0.1895553162028718
25.15203999921697 0.09699639821706207 0.16150945420736473
25.262129999212803 0.10773018457152772 0.1889476720917438
25.373229999208597 0.09722538465072517 0.16209348225447728
25.48432999920439 0.10749913274979506 0.18835575345317324
25.594419999200223 0.09744514093085299 0.16265398401211772
25.705519999196017 0.10728238846648586 0.18780040606127812
25.81661999919181 0.09765923557439415 0.1632000161757463
25.926709999187644 0.10707441262946014 0.18726753983124844
26.037809999183438 0.09786014171468149 0.16371245554280822
26.14890999917923 0.10687189921831997 0.18674875985132955
26.258999999175064 0.09805294610611824 0.1642042381403197
26.370099999170858 0.10668179490801544 0.1862616928884675
26.481199999166652 0.09824066192468295 0.16468300909896483
26.591289999162484 0.10649937514566578 0.1857943217520419
26.702389999158278 0.09841692652093414 0.16513260823193265
26.813489999154072 0.10632185105796221 0.18533956616905156
26.923579999149904 0.09858607930354191 0.16556406933160295
27.0346799991457 0.10615509127668299 0.1849123156357657
27.145779999141492 0.09875066142789135 0.16598383787298499
27.255869999137325 0.10599506767846778 0.18450232526000532
27.36696999913312 0.09890530067523018 0.16637827395639126
27.478069999128913 0.10583943057355881 0.18410363108809502
27.588159999124745 0.09905369684495868 0.1667567834530148
27.69925999912054 0.10569313182064764 0.18372879481467486
27.810359999116333 0.09919798990350925 0.16712479233125244
27.920449999112165 0.10555273900741335 0.18336908748022296
28.03154999910796 0.09933365014684102 0.1674708041822237
28.142649999103753 0.10541627537879682 0.18301949292179875
28.252739999099585 0.09946382984802547 0.16780283141866192
28.36383999909538 0.10528791332110032 0.18269059372804097
28.474939999091173 0.09959032810288515 0.16812543391990786
28.585029999087006 0.10516473005616411 0.18237495775419443
28.6961299990828 0.09970933162793383 0.1684289375841419
28.807229999078594 0.10504506538056013 0.18206837320745572
28.918329999074388 0.09982564056307253 0.16872553837420368
29.02841999907022 0.10493242924497258 0.1817797408499855
29.139519999066014 0.09993441490986987 0.16900293212935846
29.250619999061808 0.10482237870716506 0.18149776831221098
29.36070999905764 0.10003879987022413 0.1692691217968223
29.471809999053434 0.10471939047073209 0.1812338345054454
29.582909999049228 0.10014075498816288 0.16952908475504902
29.69299999904506 0.10462054350532002 0.180980503438799
29.804099999040854 0.1002361635077691 0.16977235821543646
29.91519999903665 0.10452402312964204 0.18073316164531894
30.02528999903248 0.10032771880579638 0.17000579443188224
30.136389999028275 0.1044336357702863 0.180501483575346
30.24748999902407 0.10041708456857446 0.1702336181805375
30.3575799990199 0.10434688085889499 0.180279103951686
30.468679999015695 0.10050076286544196 0.17044694192117626
30.57977999901149 0.10426221847219797 0.18006210831644776
30.68986999900732 0.10058105868507217 0.1706516288682125
