0.001020000000000002 0.4775025698646752 1.191399686509742
0.07879000000000215 0.2617529570254007 0.6851542967641788
0.15959000000001883 0.4517462167633864 1.1426552522929567
0.2363500000000956 0.2527955465338412 0.6536910510005045
0.3161400000001754 0.4364837567074829 1.1004209641293672
0.39391000000025317 0.24222881397268928 0.6302743614280182
0.47269000000033196 0.42285159271038064 1.0620652205974523
0.551470000000125 0.23206158082753828 0.6068430836356997
0.6302499999997665 0.409488149794299 1.0265828781712893
0.7080199999994126 0.22289319460460044 0.5843508456301216
0.786799999999054 0.39755364340844923 0.9953846873229311
0.8655799999986955 0.21360906116967038 0.561471902905375
0.944359999998337 0.3858461680945713 0.9647303596886148
1.0221299999982287 0.20505807919859764 0.5404773451717193
1.1009099999987448 0.37541420779745716 0.937379511030656
1.179689999999261 0.1962999676896152 0.5188827022037601
1.2574599999997704 0.365496730485638 0.911451555814069
1.3362400000002865 0.1883439355633837 0.49921959940282257
1.4150200000008026 0.3556434447436202 0.885771100314503
1.4927900000013121 0.180594305780172 0.48001228583948174
1.5715700000018282 0.34676677987422033 0.8626481689957832
1.6503500000023443 0.17263566551375553 0.460228642378091
1.7281200000028538 0.3382683495721188 0.8405439740282183
1.80690000000337 0.1654265366970621 0.44229535838961054
1.8846700000038794 0.33012020427207345 0.8193788161450666
1.9634500000043955 0.1584159803952131 0.42482723267476263
2.0422300000049116 0.3219467899764925 0.7981846717087349
2.120000000005421 0.15160395843213148 0.4078314322489063
2.198780000005937 0.3145142735351687 0.7789111961187478
2.2765500000064467 0.14498888271608246 0.3913103512045768
2.355330000006963 0.30735524747033227 0.760360103245139
2.434110000007479 0.13824203685373904 0.37444222291264095
2.5118800000079884 0.3004555838363705 0.7424929971245664
2.5906600000085045 0.13208033797822183 0.3590294428012841
2.668430000009014 0.29380241805153307 0.7252755137107658
2.74721000000953 0.1260949574064214 0.3440440581352955
2.825990000010046 0.28705632401103987 0.7078384627696499
2.9037600000105557 0.12028188502523394 0.3294777027840312
2.982540000011072 0.28091816074121934 0.6919723655607224
3.0603100000115813 0.1146370214581488 0.3153220810873214
3.1390900000120974 0.27498643125264943 0.6766478251043262
3.216860000012607 0.10915641999147252 0.3015693139670872
3.295640000013123 0.2692518065013185 0.6618387002720549
3.374420000013639 0.10353573142932937 0.2874472051433097
3.4521900000141486 0.26370296930895976 0.647515419204836
3.5309700000146647 0.09841514920361462 0.27458398371293935
3.608740000015174 0.25833065075999173 0.6336521080279156
3.6875200000156902 0.09344109256555955 0.26208457903439397
3.7652900000161997 0.2531269409830892 0.6202274055516321
3.844070000016716 0.08860927228260773 0.24993901261349816
3.9218400000172253 0.24808377205084975 0.6072195426092719
4.0006200000177135 0.08391545783063215 0.23813700930693793
4.079400000014731 0.2429272158378074 0.5939446364367051
4.157170000011787 0.0793558328345847 0.2266695330594537
4.235950000008804 0.23821822334086873 0.5818025697724272
4.31372000000586 0.07492688641543344 0.215528026015388
4.392500000002878 0.2336493772483876 0.5700237571248157
4.470269999999934 0.07062514455783553 0.20470400896168695
4.549049999996951 0.2292157125924994 0.5585954283873429
4.626819999994007 0.066446992811528 0.19418879760478847
4.7055999999910245 0.22491354991354073 0.5475086585271516
4.78336999998808 0.062388525443086255 0.1839725406302395
4.862149999985098 0.22073944555017522 0.5367554135910724
4.939919999982154 0.058446133900098556 0.17404567434772256
5.018699999979171 0.2166897939325251 0.5263258701862616
5.097479999976189 0.05440690106416602 0.16385702049677153
5.175249999973245 0.21276127032444195 0.516210770282155
5.254029999970262 0.05070747965036771 0.15453635276028166
5.331799999967318 0.20894990095129173 0.5064017943285704
5.410579999964336 0.047112778605118755 0.1454761391745274
5.488349999961391 0.20525233208195723 0.49689030509715293
5.567129999958409 0.043619947108896495 0.13666915662653434
5.644899999955465 0.20166459872566475 0.48766550044360146
5.723679999952482 0.04022599026770346 0.12810831268758038
5.801449999949538 0.19818312733232424 0.4787174579542697
5.880229999946556 0.03692806960792361 0.11978692639084132
5.9579999999436115 0.19480453077589177 0.47003704000597724
6.036779999940629 0.03372362843673149 0.11169887660619215
6.114549999937685 0.19152543015911605 0.4616150779433448
6.1933299999347025 0.030610090900186182 0.10383807400740075
6.27210999993172 0.18816454201604937 0.4529952123075498
6.349879999928776 0.027629428403146528 0.09619832006997342
6.428659999925793 0.18508747491886235 0.44509451584280324
6.506429999922849 0.0248685637444187 0.08877329856271654
6.585209999919867 0.18209815854924272 0.43741996208515044
6.662979999916923 0.02225934892302206 0.08155654024143422
6.74175999991394 0.17919345219481375 0.4299631265007653
6.819529999910996 0.01983343969577911 0.07454164910374317
6.8983099999080135 0.17637026028328195 0.4227157578488683
6.976079999905069 0.017612483018218494 0.06772225459104053
7.054859999902087 0.17362557729399608 0.4156698586631147
7.132629999899143 0.015583645734199125 0.061091900939247434
7.21140999989616 0.1709577449585159 0.4088188210583099
7.289179999893216 0.013761102459901808 0.05464401858885637
7.367959999890234 0.1683639013555529 0.40215784164057133
7.4457299998872895 0.012161904849238736 0.048372347201119936
7.524509999884307 0.16584200317837217 0.3956821760722651
7.602279999881363 0.010785607350639048 0.04227110791209521
7.68105999987838 0.16338998217662537 0.38938669593419073
7.758829999875436 0.009665498085144275 0.036334924966530124
7.837609999872454 0.16100581510106693 0.38326624688792554
7.916389999869471 0.008791463491616636 0.030228250083241814
7.994159999866527 0.1586876755458203 0.3773162088452242
8.072939999863545 0.008287116502930458 0.024631824129361934
8.1507099998606 0.1564338229375707 0.3715322423047063
8.229489999857618 0.008097303069072637 0.019184810860350954
8.307259999854674 0.15424254850975738 0.3659100829338957
8.386039999851691 0.008250752024850816 0.013882881895099786
8.463809999848747 0.152112070211619 0.3604451574724332
8.542589999845765 0.008801494485129568 0.0087220495744611
8.62035999984282 0.150040476636649 0.35513237242377205
8.699139999839838 0.009844486169684807 0.003698516443095823
8.776909999836894 0.1480262196806733 0.3499676787653949
8.855689999833912 0.011506069976864652 0.0011914469175589026
8.933459999830967 0.14606794840923998 0.34494770133758346
9.012239999827985 0.01337246727795205 0.005951380641544546
9.09000999982504 0.1441642129857983 0.340068792024939
9.168789999822058 0.015188586461268973 0.010584606971131283
9.246559999819114 0.14231347679380724 0.33532697140696843
9.325339999816132 0.016956286918944907 0.015094179393704277
9.403109999813188 0.14051430357984007 0.3307183732347174
9.481889999810205 0.018677838445801065 0.019482789338665096
9.559659999807261 0.13876533223512677 0.326239210596424
9.638439999804278 0.020352459360282404 0.023752862739934155
9.717219999801296 0.13697487555676313 0.3216535172415602
9.794989999798352 0.02198112145063935 0.02790663914518099
9.87376999979537 0.13533025156247325 0.31744095763076574
9.951539999792425 0.023564673453815632 0.03194609754035849
10.030319999789443 0.13373218816141796 0.31334811825889375
10.108089999786499 0.025104004879164976 0.03587333350109079
10.186869999783516 0.13217957242774636 0.30937201147790416
10.264639999780572 0.026600065057250988 0.039690601026365346
10.34341999977759 0.1306712602050829 0.30550957719220895
10.421189999774645 0.028053840507913153 0.043400255811842925
10.499969999771663 0.12920607010041363 0.301757655361401
10.577739999768719 0.029466344342789497 0.04700472806300482
10.656519999765736 0.12778278155688938 0.29811296523799546
10.734289999762792 0.030839087677518973 0.05050651154125951
10.81306999975981 0.12640020827232712 0.29457235143428573
10.890839999756865 0.03217381878216785 0.053908242347600055
10.969619999753883 0.12505719094430756 0.29113280029533506
11.047389999750939 0.03347050778477545 0.05721286434998696
11.126169999747956 0.12375258905625841 0.2877914326977371
11.203939999745012 0.03473034780016049 0.06042348010018017
11.28271999974203 0.12248528046919739 0.2845454751498888
11.360489999739086 0.03595448129561607 0.06354308154336019
11.439269999736103 0.12125415938244088 0.28139218892622164
11.51804999973312 0.03721074197883523 0.06674551306697918
11.595819999730177 0.12005813444757896 0.2783288585738175
11.674599999727194 0.03836221127423145 0.0696800671606379
11.75236999972425 0.11889610570493013 0.2753527356362473
11.831149999721267 0.03948141698933372 0.07253248074874374
11.908919999718323 0.11776699380103195 0.2724611040296421
11.98769999971534 0.040569485172643804 0.0753056717940126
12.065469999712397 0.11666975110384879 0.26965132387897217
12.144249999709414 0.0416274817523995 0.07800242445029637
12.22201999970647 0.11560336450672992 0.2669208606991158
12.300799999703488 0.04265635950795843 0.08062523045679892
12.378569999700543 0.11456687384490626 0.2642672890078135
12.457349999697561 0.04365700167872011 0.0831763726551249
12.535119999694617 0.11355937159226148 0.26168829103851987
12.613899999691634 0.04463023866738558 0.085657974048714
12.69166999968869 0.11257999570069777 0.25918165055739406
12.770449999685708 0.045576857911936663 0.08807203243924588
12.848219999682764 0.11162792267047361 0.25674524257771614
12.926999999679781 0.0464979103993749 0.09042044461675669
13.004769999676837 0.11070236183306137 0.25437702008448415
13.083549999673854 0.04739445005094234 0.09270502359678412
13.16131999967091 0.10980254998948534 0.2520750007363848
13.240099999667928 0.04826651467414278 0.09492750742774447
13.317869999664984 0.10892817489463501 0.2498372497820922
13.396649999662001 0.04911477652947549 0.09708956055637374
13.475429999659019 0.10802964752053479 0.2475390947915268
13.553199999656075 0.049939886928854316 0.09919278834679135
13.631979999653092 0.10720630736397152 0.24543208303082764
13.709749999650148 0.050742476748999454 0.10123874956512458
13.788529999647166 0.10640570652246106 0.24338340481435683
13.866299999644221 0.051523157624958286 0.10322896628620626
13.945079999641239 0.1056272019624459 0.24139138060996768
14.022849999638295 0.05228252260044019 0.10516492529266674
14.101629999635312 0.10487017312439517 0.23945439830859172
14.179399999632368 0.05302114730417695 0.10704807589648757
14.258179999629386 0.10413402036107433 0.2375709051149144
14.335949999626441 0.05373959070072887 0.1088798290406201
14.414729999623459 0.10341816367444066 0.2357394023547732
14.492499999620515 0.054438395497502845 0.11066155727217364
14.571279999617532 0.10272204174140998 0.23395844195041038
14.649049999614588 0.055118088439828794 0.1123945946596483
14.727829999611606 0.10204511123804927 0.2322266241355675
14.805599999608662 0.05577918045675945 0.11408023657879518
14.88437999960568 0.10138684646176453 0.2305425967370267
14.962149999602735 0.05642216635441755 0.11571973871968844
15.040929999599753 0.10074673919684973 0.22890505427747287
15.118699999596808 0.05704752318295003 0.1173143137487842
15.197479999593826 0.10012429931128375 0.22731273804874608
15.275249999590882 0.057655716296170834 0.11886514543875126
15.3540299995879 0.09951905184476428 0.22576442830489762
15.431799999584955 0.058247198381323195 0.12037338365292749
15.510579999581973 0.09893053377843875 0.22425893306117217
15.58935999957899 0.05885432305346028 0.12192185203775407
15.667129999576046 0.09835829005923859 0.22279507397733322
15.745909999573064 0.05941153165380386 0.1233426886084299
15.82367999957012 0.0978018851748399 0.22137172504050895
15.902459999567137 0.05995340690180062 0.12472441822990454
15.980229999564193 0.09726090249356334 0.21998781543822732
16.059009999561212 0.06048034681717562 0.1260680553970217
16.136779999558268 0.09673493474521999 0.21864230382812044
16.215559999555285 0.0609927403924404 0.12737459456216849
16.29332999955234 0.09622358421035648 0.21733417549849587
16.37210999954936 0.061490968754929654 0.12864501149211227
16.449879999546415 0.09572646267118057 0.21606244162502009
16.528659999543432 0.06197540511891331 0.1298802630577467
16.606429999540488 0.09524319126043235 0.2148261388949413
16.685209999537506 0.06244641468603652 0.1310812867849065
16.76297999953456 0.09477340042834381 0.21362432923004437
16.84175999953158 0.06290435463437927 0.13224900067529965
16.919529999528635 0.09431673003913832 0.2124560998417624
16.998309999525652 0.0633495741888549 0.13338430341297558
17.076079999522708 0.09387282972909561 0.2113205643669458
17.154859999519726 0.06378241468565327 0.1344880740412724
17.23262999951678 0.09344136052420615 0.21021686818878393
17.3114099995138 0.06420326799249665 0.13556117303761273
17.389179999510855 0.09302199273050782 0.20914417984018163
17.467959999507872 0.06461270272284347 0.13660444072949307
17.54673999950489 0.0925921186801506 0.2080451407296069
17.624509999501946 0.06501072332231228 0.13761868976278624
17.703289999498963 0.09219753922816509 0.20703596081232956
17.78105999949602 0.06539763699506951 0.13860470598102692
17.859839999493037 0.09181403929025578 0.20605518867524708
17.937609999490093 0.06577374360216348 0.13956325284631976
18.01638999948711 0.09144131796755461 0.2051020532194303
18.094159999484166 0.06613933565632224 0.14049507346444168
18.172939999481184 0.09107908133664155 0.2041758001124938
18.25070999947824 0.0664946983814444 0.14140089146904566
18.329489999475257 0.09072704245613261 0.20327569208783425
18.407259999472313 0.06684010986846456 0.142281411565659
18.48603999946933 0.09038492128314313 0.20240100879724832
18.563809999466386 0.06717584128214316 0.14313732055464268
18.642589999463404 0.0900524444967784 0.20155104648149624
18.72035999946046 0.06750215701078355 0.14396928733945158
18.799139999457477 0.08972934517566389 0.20072511716272556
18.876909999454533 0.06781931468293234 0.14477796206975313
18.95568999945155 0.08941536197251332 0.19992254579319635
19.033459999448606 0.06812756561313416 0.14556397822316214
19.112239999445624 0.0891102399542475 0.19914267301148758
19.19000999944268 0.06842715491996898 0.1463279536227602
19.268789999439697 0.08881373180449414 0.1983848599838911
19.347569999436715 0.0687345441639492 0.14711184707028035
19.42533999943377 0.08852559717415254 0.19764848719544537
19.504119999430788 0.06901638876112803 0.1478306462097123
19.581889999427844 0.0882456023769923 0.19693295316188797
19.66066999942486 0.06929031955451248 0.1485292977670749
19.738439999421917 0.08797352015078419 0.1962376733759541
19.817219999418935 0.0695565549421352 0.1492083551705936
19.89498999941599 0.0877091294449781 0.1955620796316282
19.97376999941301 0.06981530754327692 0.14986835747731186
20.051539999410064 0.08745221523558111 0.1949056194630039
20.13031999940708 0.07006678433648894 0.15050982965547632
20.208089999404137 0.08720256835854223 0.19426775567005228
20.286869999401155 0.07031118679388859 0.15113328289525496
20.36463999939821 0.08695998534803129 0.19364796589056432
20.44341999939523 0.0705487110182661 0.15173921494009424
20.521189999392284 0.0867242682864221 0.1930457422151144
20.5999699993893 0.07077954787180718 0.15232811039300742
20.677739999386358 0.08649522465507808 0.1924605908008803
20.756519999383375 0.07100388311141448 0.15290044105049638
20.83428999938043 0.08627266719367377 0.19189203150714595
20.91306999937745 0.07122189751708374 0.1534566662242942
20.990839999374504 0.08605641375421302 0.19133959750914364
21.069619999371522 0.07143376702314252 0.15399723306536162
21.147389999368578 0.0858462871521205 0.19080283488617233
21.226169999365595 0.07163966284970025 0.1545225768938563
21.304949999362613 0.08563109591750406 0.19025332473195933
21.38271999935967 0.07183975163664547 0.15503312151228243
21.461499999356686 0.08543349597238137 0.18974859194527127
21.539269999353742 0.07203419558908697 0.15552927953113027
21.61804999935076 0.08524148419516886 0.18925815142398772
21.695819999347815 0.0722231527330347 0.15601145293006047
21.774599999344833 0.0850549032570036 0.18878160068633854
21.85236999934189 0.07240677695383924 0.15648003314688852
21.931149999338906 0.08487373142301613 0.18831854704722817
22.008919999335962 0.07258521763462478 0.156935400545688
22.08769999933298 0.08469768567366931 0.18786860904880243
22.165469999330035 0.07275861980443865 0.15737792389211025
22.244249999327053 0.08452662095127217 0.18743141624683046
22.32201999932411 0.07292712438221494 0.15780796137595532
22.400799999321126 0.08436039708965004 0.18700660883015363
22.478569999318182 0.07309086837028289 0.15822586130253002
22.5573499993152 0.08419887790316372 0.18659383727651635
22.635119999312256 0.07324998497104684 0.15863196238641297
22.713899999309273 0.08404193105701108 0.18619276205052993
22.79166999930633 0.07340460369374568 0.15902659404050112
22.870449999303347 0.08388942794403098 0.1858030532883137
22.948219999300402 0.07355485045811838 0.15941007663524687
23.02699999929742 0.08374124357231882 0.18542439049217263
23.105779999294437 0.0737088093748931 0.1598030113149962
23.183549999291493 0.08359725645772886 0.1850564622355333
23.26232999928851 0.07385011018260512 0.1601636770096615
23.340099999285567 0.08345734851995046 0.18469896588544366
23.418879999282584 0.07398742189111263 0.16051416837912225
23.49664999927964 0.08332140498365026 0.18435160733465406
23.575429999276658 0.07412085606021213 0.16085476946539057
23.653199999273713 0.08318931428446752 0.18401410075786773
23.73197999927073 0.07425052117181574 0.16118575651298261
23.809749999267787 0.08306096797505336 0.18368616835910956
23.888529999264804 0.07437652271130157 0.1615073981722781
23.96629999926186 0.08293626063960768 0.18336754014763867
24.045079999258878 0.07449896325081262 0.16181995570418994
24.122849999255934 0.0828150898046719 0.18305795370314737
24.20162999925295 0.07461794252840492 0.16212368318077042
24.279399999250007 0.08269735585996107 0.1827571539681716
24.358179999247024 0.07473355752589417 0.16241882767332738
24.43594999924408 0.08258296197853399 0.1824648930374706
24.514729999241098 0.07484590254222356 0.1627056294442597
24.592499999238154 0.08247181403511628 0.1821809299503485
24.67127999923517 0.07495506926797046 0.16298432212817904
24.749049999232227 0.08236382053592184 0.18190503050000695
24.827829999229245 0.07506114685393006 0.16325513290509353
24.906609999226262 0.08225312609178448 0.18162230237371846
24.984379999223318 0.0751642219835803 0.16351828268337254
25.063159999220336 0.08215158579658732 0.18136289531941463
25.14092999921739 0.0752643789379781 0.1637739862630716
25.21970999921441 0.08205292195460623 0.18111084058941573
25.297479999211465 0.07536169966248218 0.16402245250368708
25.376259999208482 0.08195705359583538 0.18086593097257353
25.454029999205538 0.07545626383005433 0.1642638844850608
25.532809999202556 0.08186390200819749 0.1806279650542586
25.61057999919961 0.07554814890199613 0.164498479661368
25.68935999919663 0.08177339067549516 0.18039674705315756
25.767129999193685 0.07563743019253366 0.16472643002675147
25.845909999190702 0.0816854452168303 0.18017208666488704
25.92367999918776 0.0757241809219098 0.16494792224390764
26.002459999184776 0.08159999332627799 0.17995379890237695
26.08022999918183 0.07580847227963616 0.16516313781110847
26.15900999917885 0.08151696471622227 0.17974170395552713
26.236779999175905 0.07589037347588323 0.16537225318689064
26.315559999172923 0.08143629105930861 0.1795356270402504
26.39332999916998 0.07596995179922839 0.1655754399402798
26.472109999166996 0.08135790593733983 0.17933539826353595
26.54987999916405 0.07604727266946909 0.1657728648789103
26.62865999916107 0.08128174478537342 0.17914085248394995
26.707439999158087 0.076126557983481 0.16597527875702456
26.785209999155143 0.08120774483798687 0.178951829167584
26.86398999915216 0.07619925931934046 0.16616091270266198
26.941759999149216 0.081135845078395 0.17876817225999098
27.020539999146234 0.07626990212242113 0.16634129213706217
27.09830999914329 0.08106598619164285 0.17858973006461554
27.177089999140307 0.07633854431701292 0.16651656477504329
27.254859999137363 0.08099811052408967 0.17841635513712317
27.33363999913438 0.07640524221415834 0.16668687421828032
27.411409999131436 0.08093216203461562 0.17824790416141045
27.490189999128454 0.07647005056099276 0.16685236007978332
27.56795999912551 0.08086808625094122 0.17808423783910454
27.646739999122527 0.07653302258047257 0.1670131580870371
27.724509999119583 0.08080583022222154 0.17792522076653938
27.8032899991166 0.0765942100172311 0.16716940020383708
27.881059999113656 0.08074534247798171 0.17777072132799665
27.959839999110674 0.076653663178893 0.16732121472067263
28.03760999910773 0.08068657297655923 0.17762061156587627
28.116389999104747 0.07671143097358568 0.16746872635732268
28.194159999101803 0.08062947305499624 0.1774747670550303
28.27293999909882 0.07676756096257353 0.16761205642833454
28.350709999095876 0.0805739954227146 0.17733306688325623
28.429489999092894 0.07682209938297835 0.16775132289922334
28.50826999908991 0.08051709002220864 0.17718775061779102
28.586039999086967 0.07687509117515623 0.16788664045154222
28.664819999083985 0.08046493163667534 0.17705452858374215
28.74258999908104 0.07692658001743369 0.16801812056261856
28.82136999907806 0.08041425195410146 0.1769250839447345
28.899139999075114 0.0769766083612281 0.16814587159073024
28.97791999907213 0.08036500919037803 0.1767993099253351
29.055689999069187 0.07702521746640856 0.16826999885448668
29.134469999066205 0.08031716273985734 0.17667710276623172
29.21223999906326 0.07707244743233088 0.1683906047157402
29.29101999906028 0.08027067314070979 0.17655836163612548
29.368789999057334 0.07711833723066663 0.16850778866180915
29.447569999054352 0.08022550204306289 0.17644298854437857
29.525339999051408 0.07716292473817221 0.16862164738388197
29.604119999048425 0.08018161217846986 0.17633088826852772
29.68188999904548 0.07720624676489163 0.16873227485337816
29.7606699990425 0.08013896732685333 0.1762219682657773
29.838439999039554 0.07724833908669848 0.16883976240437137
29.917219999036572 0.08009753228952332 0.1761161386050425
29.994989999033628 0.07728923647122632 0.16894419879645017
30.073769999030645 0.08005727286053876 0.17601331189187608
30.1515399990277 0.07732897270757877 0.16904567029296658
30.23031999902472 0.08001815579641924 0.17591340319313975
30.309099999021736 0.07736974811187547 0.16914977861475222
30.386869999018792 0.0799801487916636 0.17581632997235586
30.46564999901581 0.07740710790962602 0.16924518243530695
30.543419999012865 0.07994322045065716 0.1757220120180869
30.622199999009883 0.07744340921576176 0.16933788343850287
30.69996999900694 0.0799073402637579 0.1756303713858265
30.778749999003956 0.07747868190357232 0.16942795789466336
30.856519999001012 0.07987247858026636 0.1755413323243138
30.93529999899803 0.07751295500546906 0.16951547992535287
31.013069998995086 0.07983860658672837 0.17545482122114375
31.091849998992103 0.07754625673830917 0.16960052157178884
31.16961999898916 0.07980569628095202 0.1753707665396398
31.248399998986176 0.07757861452620096 0.16968315285232904
31.326169998983232 0.07977372045064823 0.17528909876036725
31.40494999898025 0.07761005502151308 0.16976344181339753
31.482719998977306 0.07974265265188485 0.17520975032662145
31.561499998974323 0.07764060412843155 0.16984145459335576
31.63926999897138 0.07971246718548974 0.17513265558595226
31.718049998968397 0.07767028702243728 0.16991725547128578
31.795819998965452 0.0796831390780921 0.17505775074218022
31.87459999896247 0.07769912817023938 0.1699909069149519
