0.001020000000000002 2.389373304964667 5.959059680702328
0.17979000000003903 1.396111287824875 3.8119391409317416
0.3545200000002138 1.9104329929490336 4.6632902350567935
0.5292500000002262 1.3239559601362991 3.6786200646051426
0.7029699999994355 1.6728836138249568 4.003776819791371
0.8787099999986357 1.2283064950302276 3.463567750428298
1.0514199999984206 1.5044587894921209 3.5435301184020607
1.2261499999995653 1.1371828499932137 3.244471909381652
1.3988600000006968 1.3697295734193722 3.182473663839769
1.5735900000018415 1.0526836583323629 3.035088577583578
1.746300000002973 1.256471204561723 2.881732591366326
1.9210300000041176 0.9742827847820247 2.8388944145340766
2.093740000005249 1.1587034001124938 2.622016993174836
2.267460000006387 0.9030696118532343 2.660907207809071
2.4401700000075186 1.0733337314173177 2.3949992228663786
2.6138900000086567 0.8391525643287396 2.5012020660059697
2.786600000009788 0.998200955979584 2.1963576693997955
2.960320000010926 0.7818395755608684 2.3577609639594432
3.1330300000120577 0.9314344820285959 2.020790252532634
3.305740000013189 0.7301638736981808 2.2284201495924805
3.479460000014327 0.8710603252548903 1.8627227391626366
3.6521700000154587 0.6826640491436226 2.109391861919041
3.82488000001659 0.8160773147228492 1.7193192827490655
3.9975900000177216 0.6389780317417566 1.9995571321727135
4.17030000001129 0.7652934424235208 1.5872445663479784
4.344020000004713 0.5980883841169664 1.8967020229545883
4.516729999998175 0.7180271770521706 1.464262415020845
4.689439999991636 0.5599045580239972 1.8007856665928412
4.862149999985098 0.6743910952975875 1.3506833334736457
5.0348599999785595 0.5239321044199123 1.7104914523365045
5.207569999972021 0.6339603310176374 1.2453585139372891
5.380279999965483 0.490061283973676 1.6253590776248772
5.552989999958944 0.5964869368040242 1.1477512685024505
5.725699999952406 0.4582605915043281 1.5452555347365338
5.897399999945906 0.5618074247619086 1.0574804905401969
6.070109999939367 0.42863315275309277 1.4704930430839425
6.242819999932829 0.5292914072546813 0.9730020216595414
6.4155299999262905 0.4006913534757379 1.400004180368719
6.588239999919752 0.4989455628603414 0.8941802621508455
6.759939999913252 0.37521787289953745 1.3343435370345325
6.9326499999067135 0.4708519964917433 0.8212075935972063
7.105359999900175 0.3518730367875559 1.2725558000384996
7.277059999893675 0.4446086646215046 0.7531118120001401
7.4497699998871365 0.33061786883871735 1.2150173939628028
7.622479999880598 0.4199600930800963 0.6892312343515838
7.794179999874098 0.31110383764923133 1.161056155288842
7.9668899998675595 0.3970298989773093 0.6298343177595922
8.139599999861021 0.2931465634437749 1.110164445091677
8.311299999854521 0.3755447021015612 0.5741411870332946
8.484009999847983 0.27685597382777793 1.0626626597727284
8.655709999841482 0.3553902174862881 0.5218490822591293
8.828419999834944 0.26199280040013295 1.0180150891332507
9.000119999828444 0.3364719160875601 0.47271503719287233
9.172829999821905 0.24847297887788033 0.9760901919820597
9.345539999815367 0.31861820367688765 0.4263647409985083
9.517239999808867 0.23608541082064316 0.9367117165581029
9.689949999802328 0.3019320027998914 0.3830614616382344
9.861649999795828 0.22476880847871794 0.8996576741513662
10.03435999978929 0.28622745600714095 0.3423013514906925
10.207069999782751 0.21433308495554926 0.8645906565686756
10.378769999776251 0.2714236690849 0.30385768400638113
10.551479999769713 0.20486127440434873 0.831815143791903
10.723179999763213 0.2574346044333682 0.26750877203179924
10.895889999756674 0.19622382553892181 0.800951600739952
11.067589999750174 0.24419833217617704 0.2331129858683778
11.240299999743636 0.18833214192209724 0.7718499025613168
11.413009999737097 0.23163535441847538 0.20048563219887683
11.584709999730597 0.1811163948990594 0.7443658380792528
11.757419999724059 0.21986518062901986 0.16994128376586204
11.93012999971752 0.17452629865013913 0.718227576086683
12.10182999971102 0.20879949687480068 0.14126054551145684
12.274539999704482 0.16855192111736494 0.693648194177432
12.446239999697982 0.19841121157987773 0.11436155636443956
12.618949999691443 0.16310331579485216 0.670366557481028
12.791659999684905 0.18862802338483653 0.08905330356184793
12.963359999678405 0.1581216433865522 0.6483013625070422
13.136069999671866 0.1795057182952624 0.0655042791070981
13.308779999665328 0.1535476880336245 0.627280494511151
13.480479999658828 0.17095612363139956 0.043473566195961766
13.65318999965229 0.14939679182835697 0.6074743914039504
13.82589999964575 0.16291166384197386 0.022768351917257235
13.99759999963925 0.14561394299007868 0.5887368601588006
14.170309999632712 0.15541283411070816 0.0034925249452699703
14.343019999626174 0.14217403489609115 0.57097691543877
14.514719999619674 0.1487866127219989 0.014587526203668766
14.687429999613135 0.1390969334932194 0.5543476350566623
14.860139999606597 0.14320442727707616 0.03160798202893611
15.032849999600058 0.13631003491983285 0.5386486151066183
15.204549999593558 0.13851297677920504 0.047467118747146486
15.37725999958702 0.13382280185373907 0.5240468109455554
15.549969999580481 0.13455250301885358 0.06239646198313853
15.721669999573981 0.1315779873736741 0.5103817847486147
15.894379999567443 0.131198826119729 0.07626507899335389
16.067089999560906 0.12959734649925236 0.4975330850126136
16.238789999554406 0.12836001569627298 0.08923848798592093
16.411499999547868 0.1278132953662361 0.48559356421510325
16.58420999954133 0.1259363615212361 0.10143577111468849
16.75590999953483 0.12620696136496057 0.4744088207035202
16.92861999952829 0.12387335167478351 0.11277066200244823
17.101329999521752 0.12477414148799294 0.46386855037162666
17.273029999515252 0.12209968062536246 0.12338439714951743
17.445739999508714 0.12347276885159265 0.454051355193541
17.618449999502175 0.12059042510269169 0.13338032605073602
17.790149999495675 0.12233067782334561 0.444831428333603
17.962859999489137 0.1192976791134822 0.1426788554424796
18.134559999482637 0.12127631678900351 0.43616749866716154
18.307269999476098 0.11816644255221465 0.15139470257939935
18.47997999946956 0.1203437559489029 0.4279884420326008
18.65167999946306 0.1171961560777608 0.15956754409693907
18.82438999945652 0.1194980399349157 0.420342608000146
18.997099999449983 0.11636531346856027 0.1672711865168819
19.168799999443483 0.11872565212413178 0.4131472873284414
19.341509999436944 0.1156232207976865 0.17445821415119633
19.514219999430406 0.11804916884242656 0.4063356940142704
19.685919999423906 0.11501583009596217 0.18121092225713564
19.858629999417367 0.11741524164267947 0.39996156108463854
20.030329999410867 0.11445673253710166 0.1875600082718032
20.20303999940433 0.11685415222777273 0.3939493150203477
20.37574999939779 0.11399248454756272 0.1935599740667593
20.54744999939129 0.11635515022485221 0.388274581775383
20.72015999938475 0.1135824233833631 0.1991738688261746
20.892869999378213 0.11588092965359464 0.38288686527622184
21.064569999371713 0.11320948806554099 0.2044624294916586
21.237279999365175 0.11545481004039326 0.3778308221403681
21.408979999358674 0.11291965932560953 0.2094472004839032
21.581689999352136 0.11509045610985069 0.37305126502148456
21.754399999345598 0.11264460088396067 0.2141688244269191
21.926099999339097 0.11474567182232921 0.36853370397249563
22.09880999933256 0.11239242972347295 0.21859394369981855
22.27151999932602 0.1144178389907452 0.3642416918042346
22.44321999931952 0.11220981460183221 0.22276802557863462
22.615929999312982 0.11413686768242404 0.3602146189196298
22.787629999306482 0.11203719113048226 0.2267057466365241
22.960339999299944 0.11389239811246499 0.35640967103224286
23.133049999293405 0.11187340818313507 0.2304382005415495
23.304749999286905 0.11366129534520454 0.3528151334236007
23.477459999280367 0.1117326317300673 0.23393763450849647
23.650169999273828 0.1134417717669224 0.34940167124305477
23.821869999267328 0.11163521095661055 0.23724011309035342
23.99457999926079 0.11323576675093427 0.3462007001591494
24.16627999925429 0.11154321927773225 0.2403568769976161
24.33898999924775 0.11306939284873396 0.34317781003143644
24.511699999241213 0.11145605341426378 0.24331228038098063
24.683399999234712 0.11292136681477005 0.34032352823919476
24.856109999228174 0.11137426446311172 0.24608399348028387
25.028819999221636 0.11278091033501093 0.3376145250652107
25.200519999215135 0.11130280998573182 0.24870032460226899
25.373229999208597 0.11264921196307365 0.3350752694840753
25.544929999202097 0.11126511212059574 0.2511700137481587
25.71763999919556 0.11252489985329395 0.3326782270345885
25.89034999918902 0.11122945068349199 0.25351197872218734
26.06204999918252 0.11240756210166503 0.33041548722283487
26.23475999917598 0.1111960129643087 0.2557087791479784
26.407469999169443 0.11230008280440784 0.328268443046309
26.579169999162943 0.11116449340835732 0.2577825762975272
26.751879999156404 0.11222151287038319 0.32625584139157615
26.923579999149904 0.11113478113845586 0.2597402230360979
27.096289999143366 0.11214735096177952 0.32435596688223933
27.268999999136827 0.11110665609493396 0.26159639270953994
27.440699999130327 0.11207734966669491 0.3225625431358625
27.61340999912379 0.11108028804199921 0.26333777299248906
27.78611999911725 0.11201096348820427 0.32086103928824494
27.95781999911075 0.11106918774730157 0.2649816429264762
28.130529999104212 0.11194870101364161 0.31926585304410393
28.30222999909771 0.1110673269639898 0.2665334124299368
28.474939999091173 0.11188992536554809 0.3177599923296692
28.647649999084635 0.11106556946272637 0.2680044991455133
28.819349999078135 0.1118344434330627 0.31633847699354956
28.992059999071596 0.11106392260817333 0.26938481472867926
29.164769999065058 0.11178182964737893 0.31498997127908934
29.336469999058558 0.11106237237554795 0.27068785239914295
29.50917999905202 0.11173247930238428 0.3137255162771191
29.68188999904548 0.11106090504724385 0.2719248286852882
29.85358999903898 0.11168589286194308 0.3125318436590252
30.026299999032442 0.11105953360835362 0.27308393193151703
30.197999999025942 0.11165088966565684 0.31140501314346203
30.370709999019404 0.11105824269025531 0.27417819845740876
30.543419999012865 0.1116231824066629 0.31033618879128255
30.715119999006365 0.11105702764195648 0.27521124031931743
30.887829998999827 0.11159718758370285 0.3093338317647021
31.06053999899329 0.11105587680847682 0.27619180931577336
31.23223999898679 0.11157264981095849 0.3083875800760305
31.40494999898025 0.11105480253961642 0.27711080891876794
31.57664999897375 0.11154948822060085 0.30749431286014595
31.74935999896721 0.11105379164186402 0.2779784274774766
31.922069998960673 0.11152753292105844 0.306647139387195
