0.001020000000000002 1.6724191739855894 4.171187180689595
0.14949000000000873 0.952857977308427 2.5712679660345628
0.2969500000001562 1.398143544889964 3.4383320153278385
0.44340000000030266 0.9160348150802088 2.5049643891097317
0.5898499999999504 1.2637265607335157 3.0636105100442124
0.7362999999992839 0.8620499521542679 2.3880467575756237
0.8827499999986174 1.1685872160019082 2.803473878413598
1.029199999998275 0.8074984629294825 2.2612361729931862
1.1756499999992345 1.0895256950138672 2.5899763322181024
1.322100000000194 0.7566494117137879 2.139935588987729
1.4675400000011467 1.0208940495128735 2.4060462988087727
1.6139900000021061 0.7105149909491367 2.027773902391339
1.7604400000030656 0.9600655290228738 2.24412773191478
1.906890000004025 0.6674749952581278 1.922083278090525
2.052330000004978 0.9060414675026813 2.101085594482721
2.198780000005937 0.6279639809827972 1.8239467207482374
2.34422000000689 0.8573653246626327 1.9727666717175962
2.4906700000078494 0.5908804563028862 1.731270890636627
2.6361100000088022 0.8131882008311272 1.8567430583130484
2.7825600000097617 0.5560118916134928 1.6436108765336632
2.9280000000107145 0.7727418511652874 1.750922583648673
3.074450000011674 0.523330261456256 1.5611819490018664
3.2198900000126267 0.7354343801275904 1.6536744586858942
3.3653300000135795 0.493119181309811 1.484711128387517
3.5107700000145323 0.7009961212679789 1.5643293416120252
3.6572200000154917 0.464390487770268 1.4120029301199488
3.8026600000164446 0.6685445808289878 1.4804005257375574
3.949110000017404 0.43715063463259407 1.3429882963948314
4.0945500000141575 0.6380422173124938 1.4016610757572212
4.2399900000086514 0.4115111766331856 1.2779369944722285
4.386440000003107 0.6093130614971821 1.3275618747111806
4.531879999997601 0.3868629339252203 1.2155121377967149
4.677319999992095 0.5824902278821056 1.2584258263142134
4.823769999986551 0.363407217455596 1.1560818833057929
4.969209999981045 0.5570145559289538 1.1927164459595518
5.114649999975539 0.3413756738736976 1.1001690742545756
5.261099999969995 0.5329455384281587 1.1306530124126524
5.4065399999644885 0.32024624870687524 1.046592905497068
5.5519799999589825 0.5104252916112424 1.0725923245604951
5.6974199999534765 0.30037254084685827 0.9961404645556171
5.843869999947932 0.48888277057013535 1.0170099743993188
5.989309999942426 0.28133826668505224 0.9478915494310902
6.13474999993692 0.46867269754803464 0.9648310766021351
6.280189999931414 0.2634001946232276 0.9024283981192038
6.42663999992587 0.44933240204622743 0.9148860349144528
6.572079999920364 0.2463348949728826 0.8588978097626931
6.717519999914858 0.4311715977495623 0.8679685839163453
6.862959999909352 0.23063318223579965 0.8178446714882548
7.0094099999038075 0.4137668101356814 0.8230315245848163
7.1548499998983015 0.21597164492836363 0.778479686631206
7.3002899998927955 0.3974108675635132 0.7807879760616587
7.4457299998872895 0.20237812138717473 0.7414051694152324
7.592179999881745 0.3816979275969906 0.7402570846136158
7.737619999876239 0.18961516579686943 0.7058583937711416
7.883059999870733 0.36693536584099773 0.7021597530298296
8.028499999865227 0.17790076552089706 0.6724539080064651
8.173939999859721 0.35288058848364756 0.6659168173227759
8.319379999854215 0.16708071610918074 0.6406233586594312
8.46582999984867 0.33940738280651217 0.6312281773262596
8.611269999843165 0.15703239369478628 0.6100671430072646
8.756709999837659 0.32673275782326416 0.5986078373910408
8.902149999832153 0.14783634478352492 0.5811852785867488
9.047589999826647 0.3146798440839864 0.5676212624097343
9.194039999821102 0.13929470694439328 0.5533773945201048
9.339479999815596 0.303153224561031 0.5380074009272429
9.48491999981009 0.1315153243598276 0.5271768824511525
9.630359999804584 0.2923031833334011 0.5101292380459421
9.775799999799078 0.12438235394937545 0.5022032418479871
9.922249999793534 0.28190613666030373 0.48341080971272543
10.067689999788028 0.11778696041614345 0.47824366390302187
10.213129999782522 0.27214211210252304 0.4583210929529957
10.358569999777016 0.11181949651064325 0.4556758394328786
10.50400999977151 0.26286545557912366 0.4344670614665702
10.649449999766004 0.10639136482561862 0.4342031624203324
10.794889999760498 0.2540567225069723 0.4117891515508121
10.941339999754954 0.1014342979571561 0.4136398144602982
11.086779999749448 0.24564676366492866 0.3901045204299014
11.232219999743942 0.09698036638396534 0.3943191283891756
11.377659999738436 0.23773616523937433 0.3696908539180588
11.52309999973293 0.09298384658530501 0.37597762158515513
11.668539999727424 0.2302310890129521 0.350302653036505
11.81498999972188 0.08935106736798915 0.35841094714137434
11.960429999716373 0.22305768518082492 0.3317531501120352
12.105869999710867 0.08613982175931101 0.34194790060739777
12.251309999705361 0.21632238403506676 0.3143274150882336
12.396749999699855 0.08330811382472758 0.32632600637904075
12.542189999694349 0.20993135903453589 0.2977866869990353
12.687629999688843 0.08080197636175912 0.3114953909196916
12.833069999683337 0.20386636811622225 0.28208636478213034
12.978509999677831 0.07859399077382556 0.2974080964497028
13.124959999672287 0.19806051110286904 0.26705557439303806
13.27039999966678 0.07664337326589488 0.28391272477239493
13.415839999661275 0.1926134150953147 0.25294517482864487
13.561279999655769 0.07498320845088524 0.27122351671609035
13.706719999650263 0.1874451170075696 0.23955653072850192
13.852159999644757 0.07355079752151072 0.25916292006153974
13.99759999963925 0.18254227926827893 0.22685992761209972
14.143039999633745 0.07232382306664609 0.24769735804205384
14.288479999628239 0.1778935891613439 0.2148291625801435
14.433919999622733 0.07128365848748375 0.23679234060689502
14.579359999617227 0.17348583614980084 0.20343124216970487
14.725809999611682 0.07040942454869781 0.22631954415818223
14.871249999606176 0.16927063369760842 0.19254015376971578
15.01668999960067 0.0697014421858616 0.21646302575230036
15.162129999595164 0.1653095235268115 0.18231447721447358
15.307569999589658 0.06913195657428861 0.20707804272177555
15.453009999584152 0.16154788219467642 0.17261221508202418
15.598449999578646 0.06868708603428453 0.1981407295710058
15.74388999957314 0.15797464892085988 0.16340363459138585
15.889329999567634 0.06837149410099641 0.18963088735177713
16.03476999956213 0.15457973698931526 0.1546613405455699
16.180209999556624 0.06815954559136728 0.18153041692061667
16.325649999551118 0.15135385048847516 0.14635988699946978
16.47108999954561 0.0680359829837478 0.1738210049111344
16.616529999540106 0.14828833750088843 0.13847583913727535
16.76297999953456 0.06798579278469008 0.16641780756038171
16.908419999529055 0.14535071654581055 0.1309259576240951
17.05385999952355 0.0680040396781394 0.15944882544925987
17.199299999518043 0.1425865200783979 0.1238245836549634
17.344739999512537 0.06810866983355279 0.15281739417469797
17.49017999950703 0.1399593636453048 0.11707864713569327
17.635619999501525 0.06825772354512316 0.1465075896583734
17.78105999949602 0.13746249962569657 0.11067022362866163
17.926499999490513 0.06844199752272018 0.1405039747720438
18.071939999485007 0.13508948110429986 0.10458226221207179
18.2173799994795 0.0686978467906949 0.13479157700924116
18.362819999473995 0.13283405525652914 0.09879825821288435
18.50825999946849 0.0689720339239811 0.12935590260971797
18.653699999462983 0.1306901388953725 0.0933021062783923
18.799139999457477 0.06928012643402348 0.12418303039828382
18.94457999945197 0.12865182184258106 0.08807814214222276
19.090019999446465 0.06962224144308904 0.11925990794259267
19.23545999944096 0.12671336518753573 0.08311119096536812
19.381909999435415 0.06997475881739024 0.11452873273020137
19.52734999942991 0.1248521677896055 0.07834356666716058
19.672789999424403 0.0703649982657576 0.11007386161117072
19.818229999418897 0.12309944298587938 0.07385377734135945
19.96366999941339 0.07074553502143488 0.1058320350582509
20.109109999407885 0.12143084002173488 0.06957987649974795
20.25454999940238 0.07116624349235845 0.10179226905708827
20.399989999396873 0.11984187558515913 0.06551024848212572
20.545429999391366 0.07157129443175336 0.09794423153410836
20.69086999938586 0.11832837345844771 0.061634095004614586
20.836309999380354 0.07200685335333779 0.09427821935844571
20.98174999937485 0.1168864322451647 0.05794133907046639
21.127189999369342 0.07242990552303474 0.09078511701975378
21.272629999363836 0.11551240830424148 0.05442256888741337
21.41806999935833 0.07286636921864087 0.08745636428055814
21.563509999352824 0.11420289642290837 0.05106897407484157
21.70894999934732 0.07330182468309554 0.08428391490872267
21.854389999341812 0.1129546820978824 0.04787225235408643
21.999829999336306 0.07372648592003017 0.08126016234709654
22.1452699993308 0.11176473100179662 0.04482459315776621
22.290709999325294 0.07416951806697458 0.07837791824157891
22.436149999319788 0.11063017405498765 0.041918624251280345
22.581589999314282 0.07459195216124925 0.0756303615442877
22.727029999308776 0.10954829263286892 0.03914736814303321
22.87246999930327 0.07501795322128035 0.07301099014026535
23.017909999297764 0.10851651370291215 0.036504232246048485
23.163349999292258 0.07544377706905503 0.07051362163689179
23.308789999286752 0.10753240015112053 0.03398298058957527
23.454229999281246 0.07584991935457963 0.06813238339926642
23.59966999927574 0.10659416968594371 0.03157771218226246
23.746119999270196 0.07626334404020896 0.0658398082896805
23.89155999926469 0.10569087853120297 0.029261656143197978
24.036999999259184 0.07666919525439109 0.06367657256776127
24.182439999253678 0.10483784020582333 0.02707400894379486
24.32787999924817 0.07705639798983144 0.061613351290845664
24.473319999242666 0.10402382715731474 0.024986239326840742
24.61875999923716 0.0774336373757144 0.059645367620819734
24.764199999231653 0.10324697904184887 0.022993591918152312
24.909639999226147 0.07781850611185503 0.05776808468860306
25.05507999922064 0.1025055320357281 0.02109155872804802
25.200519999215135 0.07818576756649154 0.05597719509788934
25.34595999920963 0.10179781430539814 0.01927587113514928
25.491399999204123 0.0785362494295736 0.0542686105544532
25.636839999198617 0.10112224255774604 0.017542487937649565
25.78227999919311 0.0788815676394714 0.05263845350851337
25.927719999187605 0.10047731964000428 0.015887588046148426
26.0731599991821 0.07922803460341454 0.051083050974809474
26.218599999176593 0.09986163683906968 0.014307578450123426
26.364039999171087 0.07955869873209698 0.049598935564865165
26.50947999916558 0.09927386192486565 0.012799064414659167
26.654919999160075 0.07987427613327935 0.04818282757492742
26.80035999915457 0.09871272257210029 0.011358804521155452
26.945799999149063 0.08017544647179942 0.04683160467061631
27.091239999143557 0.09817700799244987 0.009983716507067086
27.23667999913805 0.08048234254803588 0.045542295285416756
27.382119999132545 0.0976655712582255 0.008670883103734095
27.52755999912704 0.08077848606227434 0.04431207811198545
27.672999999121533 0.09717732423740344 0.0074175310881718914
27.818439999116027 0.08106106212914133 0.04313828164158595
27.96387999911052 0.09671123758149369 0.006221025427921578
28.109319999105015 0.08133067349445844 0.04201839264031948
28.25475999909951 0.09626632247777589 0.005078831378835247
28.400199999094003 0.08158789650232501 0.040950014869356455
28.545639999088497 0.09584162954521691 0.003988513558950135
28.69107999908299 0.08183826856011434 0.039930854922354264
28.836519999077485 0.09543624925400773 0.0029477375528608185
28.98296999907194 0.08209234151294564 0.03894914719557718
29.128409999066434 0.09504568534812818 0.0019450491692163396
29.27384999906093 0.0823321260089046 0.03802288643561802
29.419289999055422 0.09467672015356643 0.0009976759542507097
29.564729999049916 0.08256083764810185 0.03713945879417757
29.71016999904441 0.09432454042374294 9.335606142579778e-05
29.855609999038904 0.08277897498719433 0.03629693849406257
30.0010499990334 0.09400378256053254 0.000769863399485704
30.146489999027892 0.082987015332592 0.03549348161591137
30.291929999022386 0.0936994040219783 0.0015938495910083894
30.43736999901688 0.08318541554919856 0.03472732246798671
30.582809999011374 0.09340887739271975 0.0023803873910765994
30.728249999005868 0.08337461289166737 0.033996770391353515
30.873689999000362 0.09313157121493254 0.003131182959625889
31.019129998994856 0.08356704934273707 0.03330020659296773
31.16456999898935 0.09286688157994283 0.003847867081174794
31.310009998983844 0.08375125878736223 0.03263608092998194
31.455449998978338 0.09261423083439879 0.004531998417978134
31.600889998972832 0.08392689992387348 0.03200290872237277
31.746329998967326 0.09237306631784392 0.005185067195900839
31.89176999896182 0.08409436615400279 0.0313992671462926
32.03720999896953 0.09215354314811663 0.005808499089432484
32.182649999015695 0.084254035700988 0.03082378945502562
32.32808999906186 0.09194552410200618 0.006403663464893405
32.473529999108024 0.08440627079794294 0.03027516862491586
32.61896999915419 0.09174693997037053 0.006971872572592019
32.76440999920035 0.0845514161400347 0.02975216112671708
32.90984999924652 0.09155735351682004 0.007514377792339211
33.05528999929268 0.08468980013235927 0.029253582613908424
33.20072999933885 0.09137634813219286 0.008032371595578791
33.34616999938501 0.08482173576479846 0.028778304420395973
