0.001020000000000002 0.09514904189243889 0.23786781930953405
0.035360000000000155 0.051678427064882244 0.13451486268318824
0.07172000000000489 0.09288375434985952 0.23709293722454783
0.10504999999999197 0.051219468003045 0.13042138391968772
0.14141000000000065 0.09225465932052712 0.23529680184739554
0.175750000000035 0.050156999372245825 0.12756993356101143
0.21110000000007034 0.09174784165747141 0.23268795041389012
0.2464500000001057 0.048590470807750585 0.12501943710119257
0.28079000000014004 0.0910947927657042 0.2304298486351275
0.3161400000001754 0.04794525889164958 0.12333268847904977
0.35048000000020973 0.09029083353345257 0.22855364955978175
0.3858300000002451 0.0473036062356631 0.1213416920713084
0.42118000000028044 0.08899192472078932 0.22563247051202717
0.4555200000003148 0.04659173640488057 0.11937599556782752
0.49087000000035014 0.08830992412577643 0.22386715157133308
0.5262200000002399 0.045350496464557466 0.11631784540458989
0.5605600000000837 0.08760171924514204 0.22195179142397992
0.5959099999999228 0.04469220049986666 0.11472058285509901
0.6312599999997619 0.0863672580166076 0.21875194180885904
0.6655999999996056 0.04400663002434624 0.11297545028261524
0.7009499999994447 0.08572679290528473 0.21714581319712822
0.7362999999992839 0.0427812157355375 0.10982318204274533
0.7706399999991276 0.08505056249216292 0.2154375517099627
0.8059899999989667 0.04217945901416986 0.10829290406845216
0.8403299999988104 0.08434163052594268 0.21362500618399283
0.8756799999986495 0.04153854524358569 0.10667488070402742
0.9110299999984887 0.08321913789404123 0.21075178919033322
0.9453699999983324 0.040862405691904136 0.10496348780475451
0.9807199999981715 0.08259313678653224 0.2091520676825276
1.016069999998189 0.03974463526183669 0.10212207347521929
1.050409999998414 0.0819318001611995 0.20746631917804015
1.0857599999986456 0.039150051182082035 0.10060992267181268
1.1211099999988772 0.08080106767974415 0.20458659807301993
1.1554499999991021 0.03852057602283887 0.09901082713071885
1.1907999999993337 0.08021978749192427 0.2031018899081638
1.2261499999995653 0.037395536646889105 0.09615247059985288
1.2604899999997903 0.0796046894296164 0.201531570562119
1.2958400000000219 0.03684319042351769 0.09474985396726865
1.3301800000002468 0.07895715756685373 0.1998796356220245
1.3655300000004784 0.036257395530348124 0.09326152153468215
1.40088000000071 0.07792978716995735 0.19726240569574172
1.435220000000935 0.035639517411596544 0.09169141077839393
1.4705700000011666 0.07735808573200742 0.19580390985154406
1.5059200000013981 0.03461500978324683 0.08908726479357476
1.540260000001623 0.07675497773511897 0.19426564423932202
1.5756100000018547 0.03407080776911353 0.08770472635152293
1.6109600000020863 0.07571911975133772 0.19162715752633064
1.6453000000023112 0.033495477026103115 0.08624279928103329
1.6806500000025428 0.07518877652215339 0.19027437655044777
1.7160000000027744 0.03246245933736924 0.08361658390169113
1.7503400000029994 0.07462792693706977 0.18884412506509074
1.785690000003231 0.031957916154824906 0.08233464464333373
1.820030000003456 0.07403789689623497 0.1873396754837331
1.8553800000036875 0.03142313700102772 0.08097567383403836
1.890730000003919 0.07309399897257529 0.18493545137298062
1.925070000004144 0.030859391457154217 0.0795428999538883
1.9604200000043757 0.07257335669666687 0.1836077565108507
1.9957700000046072 0.029916209645732272 0.07714501769718884
2.030110000004832 0.07202427828148195 0.1822078663044513
2.065460000005064 0.029420026191999904 0.0758840707077435
2.1008100000052954 0.0710709086278638 0.17977994656945828
2.1351500000055204 0.02889567646783608 0.07455136943103069
2.170500000005752 0.07058842960568912 0.17854968240411662
2.2058500000059835 0.027943330495280087 0.07212993572810467
2.2401900000062085 0.07007828295708407 0.17724915224411886
2.27554000000644 0.027483856333428203 0.07096224569813625
2.309880000006665 0.06954162732223657 0.17588129613504977
2.3452300000068966 0.02699698704132525 0.06972477312888747
2.380580000007128 0.06867074155940156 0.17366358747832322
2.414920000007353 0.026483854370000004 0.06842040390543369
2.4502700000075848 0.06819759055530805 0.1724574463035644
2.4856200000078164 0.02561246391862271 0.06620478537371355
2.5199600000080413 0.06769861749310968 0.17118571057332943
2.555310000008273 0.025161231689558524 0.06505786941588543
2.5906600000085045 0.06681803785555807 0.16894359408972104
2.6250000000087295 0.024684425282259448 0.06384581914596898
2.660350000008961 0.06638002572069435 0.16782708052272
2.694690000009186 0.024183111067446306 0.06257135263939562
2.7300400000094176 0.06591685907179168 0.16664665795315114
2.765390000009649 0.023386429882884863 0.060545684417578904
2.799730000009874 0.065429577151777 0.16540496506075586
2.8350800000101057 0.022944155123151844 0.059421400385462064
2.8704300000103373 0.06462353755839634 0.16335273132482842
2.9047700000105623 0.02247799001211248 0.05823627798452469
2.940120000010794 0.06419437799247185 0.1622590162183135
2.9754700000110255 0.02167069850936154 0.05618347801298329
3.0098100000112504 0.06374170346259866 0.1611055475382872
3.045160000011482 0.02126123016038306 0.055142582795553174
3.0805100000117136 0.06292618288849727 0.15902936703269255
3.1148500000119386 0.02082847313001157 0.05404238611527168
3.15020000001217 0.0625293046977653 0.15801794578484962
3.184540000012395 0.020373386177667818 0.05288533077885127
3.2198900000126267 0.06210949785051645 0.15694825396251888
3.2552400000128583 0.019633921019468592 0.05100500595141
3.2895800000130833 0.06166769758865099 0.1558226672746299
3.324930000013315 0.019232899877040355 0.04998548914834089
3.3602800000135464 0.06091985994039916 0.1539188545989001
3.3946200000137714 0.01881009098456987 0.048910497614651494
3.429970000014003 0.06053125264389791 0.15292867785694497
3.4653200000142346 0.018060572508536876 0.047004489941404604
3.4996600000144595 0.06012118165498203 0.15188394698706364
3.535010000014691 0.017689681588104134 0.046061575036671076
3.569350000014916 0.059690567053572556 0.15078690941531248
3.6047000000151477 0.01729753383052468 0.045064540183081814
3.6400500000153793 0.05900550717330233 0.14904261920580808
3.6743900000156042 0.01688499381406794 0.04401558741906619
3.709740000015836 0.05862563004114485 0.1480746357318541
3.7450900000160674 0.016197293525344825 0.04226679083112472
3.7794300000162924 0.05822565679073143 0.14705555909380053
3.814780000016524 0.01583425528393334 0.041343770642643385
3.8501300000167555 0.057530648478784856 0.1452860601489414
3.8844700000169805 0.015451305616567823 0.040370058539684894
3.919820000017212 0.05717934356837972 0.14439088827660207
3.9551700000174437 0.014754268567018891 0.0385974246359333
3.9895100000176686 0.05680841404127868 0.14344581851809535
4.024860000016796 0.014418851493856133 0.03774463640137116
4.059200000015496 0.056418659022353435 0.14245288263609046
4.0945500000141575 0.014063995894801342 0.03684236156495935
4.129900000012819 0.05578083887973039 0.14082901687593186
4.164240000011519 0.01369048334039491 0.035892589777719586
4.199590000010181 0.05543746833951413 0.13995416647122338
4.234940000008843 0.013049968553554002 0.034263708257431524
4.269280000007543 0.05507570057812772 0.13903253619457212
4.304630000006204 0.012721772221057191 0.0334292233455491
4.339980000004866 0.054428733843993486 0.1373854744908587
4.374320000003566 0.012375348918859164 0.03254833705589322
4.409670000002228 0.05411149997752618 0.13657721581736837
4.444010000000928 0.012011439428307513 0.03162293466155708
4.4793599999995894 0.053776291919106156 0.13572325053100576
4.514709999998251 0.011423384938376913 0.030127478011754416
4.549049999996951 0.053423833270747956 0.1348254187240161
4.584399999995613 0.011102669598057169 0.02931196538629166
4.619749999994275 0.05282923506188376 0.13331169853373348
4.654089999992975 0.010764859330740562 0.02845293361944945
4.689439999991636 0.05251921944269112 0.1325219112821019
4.724789999990298 0.010167623127359082 0.02693405798890325
4.759129999988998 0.05219233892206587 0.13168923627927542
4.79447999998766 0.009871292032827217 0.02618055361828242
4.82881999998636 0.051849279989427455 0.13081541967069343
4.864169999985021 0.009558253328728616 0.02538451644038542
4.899519999983683 0.05130330856847609 0.12942550780772333
4.933859999982383 0.009229178708086483 0.024547656283302466
4.969209999981045 0.05100069299983223 0.12865464304682162
5.004559999979707 0.00868009712458273 0.023151261612697205
5.0388999999784065 0.05068225079739663 0.12784352982313507
5.074249999977068 0.008390557831805645 0.022414983693985757
5.10959999997573 0.05012741990700043 0.12643112528762934
5.14393999997443 0.00808533626686514 0.021638783881205992
5.179289999973092 0.049847811904600636 0.12571886626747686
5.213629999971792 0.007765069998566965 0.020824285463216796
5.248979999970453 0.049552726632803745 0.12496724595560949
5.284329999969115 0.007260737767320058 0.019541708617065723
5.318669999967815 0.04924278729026621 0.12417784935229159
5.354019999966477 0.006978147641945265 0.01882306278462309
5.3893699999651385 0.048732642692994155 0.12287921346695319
5.4237099999638385 0.006680835707914 0.018066941431571504
5.4590599999625 0.04845970800900756 0.12218401224530773
5.494409999961162 0.006167784471698856 0.01676213205602517
5.528749999959862 0.04817229155379876 0.12145184612185611
5.564099999958524 0.005906655435329422 0.01609806486582155
5.599449999957185 0.04765435589583633 0.12013306577908223
5.633789999955885 0.005631125650916058 0.015397341320488867
5.669139999954547 0.04740248590006102 0.11949134036404185
5.703479999953247 0.005341774267393573 0.01466143630767247
5.738829999951909 0.04713640349321202 0.11881345719254588
5.7741799999505705 0.004869924369853451 0.013461424308292003
5.8085199999492705 0.04685667483133715 0.11810085652493862
5.843869999947932 0.004615053897906618 0.012813245287524033
5.879219999946594 0.04637986494451485 0.11688680204748891
5.913559999945294 0.00434665590015193 0.012130634235807403
5.948909999943956 0.0461339837782655 0.11626038058112353
5.984259999942617 0.003867040817955081 0.010910827197985196
6.018599999941317 0.04587474785111856 0.11559998205781241
6.053949999939979 0.0036317545540753837 0.010312458660866053
6.088289999938679 0.045602695243394664 0.11490697526914673
6.123639999937341 0.003383233670778752 0.009680404796330588
6.1589899999360025 0.045164154468676276 0.11379037076051368
6.1933299999347025 0.003122004792102229 0.009016006478967942
6.228679999933364 0.044924350768094645 0.11317947148643537
6.264029999932026 0.002680380199053589 0.007892833565870117
6.298369999930726 0.04467199763645702 0.11253664275376885
6.333719999929388 0.002450705714369672 0.007308715862952564
6.369069999928049 0.04422605768880172 0.1114012329600067
6.403409999926749 0.0022085920863660347 0.006692938465602261
6.438759999925411 0.04400467098835448 0.11083724618023982
6.473099999924111 0.0019545399867639812 0.006046775999257736
6.508449999922773 0.043771001679712596 0.11024200787692617
6.5437999999214345 0.0015482865162039783 0.005013573379752945
6.578139999920134 0.04352553934492931 0.10961676363258066
6.613489999918796 0.0013243006898494558 0.004443905088236111
6.648839999917458 0.04311491281909163 0.10857127262530186
6.683179999916158 0.0010886230791429252 0.0038444800624426456
6.71852999991482 0.04289895509770103 0.10802114764749682
6.753879999913481 0.0007051496908777599 0.002793021270408591
6.788219999912181 0.04267144948165924 0.10744163962972397
6.823569999910843 0.0005721965548104446 0.0022670571566352216
6.857909999909543 0.04243286158173887 0.1068339332451318
6.893259999908205 0.0004669472956969623 0.0017119643302421217
6.928609999906866 0.042055120170182536 0.10587217686304218
6.962949999905566 0.0004300228246102433 0.0011289032664452137
6.998299999904228 0.04184464067696292 0.10533603428741767
7.03364999990289 0.0005500520307814005 0.00016057778612355023
7.06798999990159 0.04162330408547965 0.10477226562576325
7.1033399999002516 0.0007401455266029533 0.00035248581099489584
7.138689999898913 0.04123877303474066 0.10379324630549469
7.173029999897613 0.00094946439420851 0.0008929401804969039
7.208379999896275 0.0410444289807218 0.10329820016022895
7.243729999894937 0.0013312947814750897 0.0018773188699028331
7.278069999893637 0.04083945337759709 0.10277610121781633
7.313419999892298 0.0015150006974791186 0.002350557767172301
7.347759999890998 0.040624270378878946 0.10222802875384795
7.38310999988966 0.0017091088091240048 0.00285060978854057
7.418459999888322 0.04027014219968872 0.10132642060297625
7.452799999887022 0.0019132090808006152 0.003376417730927006
7.4881499998856835 0.04008067537511584 0.10084382053995311
7.523499999884345 0.002265594464115006 0.004283912565272718
7.557839999883045 0.03988120875924117 0.1003357746198863
7.593189999881707 0.0024451993951896123 0.004745672291983638
7.628539999880369 0.03952114895718406 0.099419008405921
7.662879999879069 0.0026346097929621504 0.005232655737696934
7.69822999987773 0.03934643967287521 0.09897382978538705
7.73256999987643 0.0028334346325982196 0.005743856817652659
7.767919999875092 0.039161942265389604 0.09850373419768577
7.803269999873754 0.003158536473628959 0.006579671788264907
7.837609999872454 0.03896804318538083 0.0980097054035789
7.8729599998711155 0.003333632533172315 0.007029849800510579
7.908309999869777 0.038636206365848635 0.09716456029402742
7.942649999868477 0.0035179526392538074 0.007503755433957426
7.977999999867139 0.038465825043750734 0.09673042814256627
8.0133499998658 0.0038487218144570567 0.008354131010057664
8.0476899998645 0.03828623378854312 0.09627285043170009
8.083039999863162 0.004010543215133167 0.00876943610145231
8.117379999861862 0.03809780047483302 0.09579276366632472
8.152729999860524 0.0041814138223716935 0.009207977446668014
8.188079999859186 0.03779218247408045 0.095014398399762
8.222419999857886 0.00436097646181044 0.009668837764964522
8.257769999856547 0.03762615345559983 0.09459137205019008
8.29311999985521 0.004666460665334937 0.010452832290130942
8.32745999985391 0.03745145909563097 0.09414628612376408
8.362809999852571 0.004824273172967852 0.01085785785838178
8.398159999851233 0.03714045162184054 0.09335420789327031
8.432499999849933 0.004990601274706963 0.011284749142936867
8.467849999848594 0.036987271394322785 0.09296391513707869
8.502189999847294 0.005165104897781214 0.011732632789107633
8.537539999845956 0.036825603301206655 0.09255201425919513
8.572889999844618 0.005446467551818546 0.012454716136645061
8.607229999843318 0.03665578289293492 0.0921193595161518
8.64257999984198 0.005600249724527329 0.012849405932269242
8.677929999840641 0.03636906366357706 0.0913891423398705
8.712269999839341 0.005762044718949144 0.013264670121815314
8.747619999838003 0.03621973979319604 0.09100868884387436
8.782969999836665 0.006048556161927232 0.0139998560652832
8.817309999835365 0.03606242742045107 0.09060789820521942
8.852659999834026 0.0061906754267674335 0.01436403594573532
8.886999999832726 0.035897446083402396 0.09018758392080883
8.922349999831388 0.006340656415738777 0.01474837022957809
8.95769999983005 0.03563338103430935 0.08951506559992106
8.99203999982875 0.006498188355635537 0.015152062059886617
9.027389999827411 0.035487924856549946 0.08914447841693596
9.062739999826073 0.0067627051746966815 0.015829853721849307
9.097079999824773 0.035334950850892666 0.08875475205406547
9.132429999823435 0.0069012477953783735 0.01618487528238788
9.167779999822097 0.03506604535315494 0.08806991532804842
9.202119999820797 0.007047190194546471 0.016558866632077063
9.237469999819458 0.03493182166032316 0.08772794256420857
9.271809999818158 0.007200236389865 0.016951068822357307
9.30715999981682 0.034790232190061054 0.08736721738102915
9.342509999815482 0.007443858767228306 0.017575316325124657
9.376849999814182 0.034641568569550585 0.08698848221553312
9.412199999812843 0.0075788147578631495 0.017921152708677557
9.447549999811505 0.034393669262262505 0.08635714553745233
9.481889999810205 0.007720735014115631 0.01828484208434844
9.517239999808867 0.03426286831156189 0.08602390311347463
9.552589999807529 0.007968926905958185 0.018920813029499328
9.586929999806229 0.034125133660874996 0.08567300802925226
9.62227999980489 0.008093473660702344 0.01923997366041208
9.65661999980359 0.03398074309254795 0.08530516747911054
9.691969999802252 0.008224844267617049 0.01957662717310127
9.727319999800914 0.03375244144440348 0.08472374330582566
9.761659999799614 0.008362768533577425 0.019930080813235218
9.797009999798275 0.03362506633101392 0.08439923768630564
9.832359999796937 0.00859170106237328 0.020516373530554688
9.866699999795637 0.033491164976632626 0.08405811651717165
9.902049999794299 0.008713241818983808 0.02082740478632772
9.93739999979296 0.03325853809021828 0.08346568303929658
9.97173999979166 0.008841215385213097 0.021154903434938976
10.007089999790322 0.03314097765089319 0.08316617888434186
10.041429999789022 0.00897536401173804 0.021498209558346026
10.076779999787684 0.03301702160066089 0.08285039154163343
10.112129999786346 0.009186373990876517 0.022038147916580986
10.146469999785046 0.03288692356636835 0.08251896672824
10.181819999783707 0.009304733427570655 0.022341042188822602
10.217169999782369 0.03267252451896607 0.08197284854056797
10.251509999781069 0.009429147932300874 0.022659436655436682
10.28685999977973 0.03255804785048699 0.08168106907027184
10.322209999778392 0.009644235674561852 0.023209821171277234
10.356549999777092 0.03243755282607175 0.08137395935362557
10.391899999775754 0.009753486002344935 0.023489403560117417
10.427249999774416 0.03221945728145348 0.08081827331763991
10.461589999773116 0.009868670491468445 0.02378417652698639
10.496939999771778 0.032113903155720824 0.0805492331692359
10.531279999770478 0.009989553761324377 0.02409353745006504
10.56662999976914 0.032002452188819364 0.08026517212244011
10.601979999767801 0.010187825003690087 0.024600887152037565
10.636319999766501 0.031885335879337506 0.07996667986198691
10.671669999765163 0.010294261955351547 0.024873273426828657
10.707019999763824 0.03168410938757393 0.07945397609779858
10.741359999762524 0.010406285904265067 0.025159961417875465
10.776709999761186 0.031581226994721545 0.0791917519552765
10.812059999759848 0.010608099337955035 0.02567638503389036
10.846399999758548 0.03147279169557482 0.078915382850131
10.88174999975721 0.010706250396839256 0.02592756610938496
10.91608999975591 0.031359024082869946 0.0786254306963885
10.951439999754571 0.010809875880422593 0.026192760640675328
10.986789999753233 0.03117354553606344 0.0781528525322539
11.021129999751933 0.010918760806985839 0.026471418247719924
11.056479999750595 0.03107333711686011 0.07789744924582287
11.091829999749256 0.011104961424248438 0.02694788706654183
11.126169999747956 0.030967900361348777 0.07762872762757667
11.161519999746618 0.011200629463120615 0.02719271683597757
11.19686999974528 0.03077907896485066 0.07714763490228593
11.23120999974398 0.011301455634547874 0.02745074291762295
11.266559999742642 0.03068666295014011 0.07691209019103917
11.300899999741342 0.011407356793170731 0.027721440833261557
11.336249999740003 0.030589123385750372 0.07666349393757876
11.371599999738665 0.011579187880084496 0.028160606664495713
11.405939999737365 0.030486661770522838 0.07640235942455442
11.441289999736027 0.011672483084372298 0.02839907929659269
11.476639999734688 0.030312462369683765 0.07595852296565786
11.510979999733388 0.011770638178396853 0.02864997704319361
11.54632999973205 0.030222405037511724 0.07572899458226923
11.581679999730712 0.011945619029951948 0.02909720102878266
11.616019999729412 0.030127522646122395 0.0754871748830932
11.651369999728074 0.012031668173865806 0.02931715172034277
11.685709999726773 0.030028007222083986 0.07523355302591073
11.721059999725435 0.012122479970254507 0.029549278850904415
11.756409999724097 0.029867459125847873 0.07482449951969894
11.790749999722797 0.012217867036537378 0.029793103290276512
11.826099999721459 0.029779759699721797 0.0746009848042184
11.86144999972012 0.012379292672839104 0.030205679810435537
11.89578999971882 0.02968751696206218 0.07436589636924396
11.931139999717482 0.012463146601332187 0.030420021555388477
11.966489999716144 0.02952400165054991 0.07394928437483017
12.000829999714844 0.012551485785432083 0.030645830412012742
12.036179999713505 0.029443106078292366 0.0737431085131579
12.070519999712205 0.01264413163917455 0.030882649750407776
12.105869999710867 0.02935775768434923 0.0735255893413278
12.141219999709529 0.012792901004308299 0.03126287668479
12.175559999708229 0.029268131912955072 0.07329717379401801
12.21090999970689 0.012874560386034295 0.03147161083836281
12.246259999705552 0.02911729673121377 0.07291287001609525
12.280599999704252 0.01296044316377054 0.0316911425201738
12.315949999702914 0.02903848065284798 0.07271199753418056
12.351299999701576 0.013112004335022354 0.03207851128174122
12.385639999700276 0.0289554709752804 0.07250044200842742
12.420989999698937 0.01318733610000544 0.03227107098334736
12.455329999697637 0.02886843490869473 0.07227862940284435
12.4906799996963 0.01326680726236429 0.032474213414124264
12.526029999694961 0.02872943858152166 0.07192449031463433
12.56036999969366 0.013350254644553194 0.0326875213628397
12.595719999692323 0.02865269932572601 0.0717289139335775
12.631069999690984 0.013490056745556147 0.033044833656670214
12.665409999689684 0.028572011192402158 0.07152327785806545
12.700759999688346 0.01356345262462888 0.03323244658695046
12.736109999687008 0.028430385885306886 0.07116244145731754
12.770449999685708 0.013640746949295846 0.033430026162062365
12.80579999968437 0.028359586333803203 0.07098200145173594
12.84013999968307 0.013721784191840667 0.03363717473275907
12.875489999681731 0.028284916130198456 0.07079170095765086
12.910839999680393 0.013850606807613297 0.033966423294962134
12.945179999679093 0.028206528069473102 0.070591929228625
12.980529999677755 0.01392206922600514 0.034149095426272424
13.015879999676416 0.02807590276628913 0.0702591200011704
13.050219999675116 0.013997202601365277 0.03434115254767889
13.085569999673778 0.028006934711810594 0.07008335039083713
13.12091999967244 0.014128495979439102 0.03467672126694632
13.15525999967114 0.02793432123391215 0.06989829400936287
13.190609999669801 0.014194433776631765 0.034845271443550985
13.224949999668501 0.027858207967009885 0.06970432187338726
13.260299999667163 0.014263969898977156 0.03502302089144482
13.295649999665825 0.027737853028890425 0.06939768071034802
13.329989999664525 0.014336962216304983 0.03520960621927749
13.365339999663187 0.027670712652365315 0.06922657142711675
13.400689999661848 0.014458058000763385 0.035519093682390146
13.435029999660548 0.027600139512303667 0.06904671708345411
13.47037999965921 0.01452235680835845 0.03568328551039057
13.505729999657872 0.027477458515562273 0.06873414994240656
13.540069999656572 0.014590048065942217 0.035856141244439144
13.575419999655233 0.027415502791032775 0.06857625272431722
13.609759999653933 0.014660996161170893 0.03603731451513603
13.645109999652595 0.027350181982358276 0.0684097828054786
13.680459999651257 0.01477267414604122 0.036322449946368796
13.714799999649957 0.027281629185615275 0.06823507925973749
13.750149999648619 0.014835269194288347 0.036482292200001876
13.78549999964728 0.027168493202604282 0.06794683191461148
13.81983999964598 0.014901058782891276 0.036650292851769795
13.855189999644642 0.02710814933204964 0.06779304463285785
13.890539999643304 0.015014923150563964 0.03694101489220003
13.924879999642004 0.02704463614878117 0.06763118333612539
13.960229999640665 0.015072690328030713 0.037088528861795034
13.995579999639327 0.026929547026206313 0.06733780633123576
14.029919999638027 0.015133589133657808 0.03724404053403463
14.065269999636689 0.02687394989808234 0.06719603033694677
14.099609999635389 0.015197495625112299 0.037407233351738345
14.13495999963405 0.026815248543789694 0.06704634134832022
14.170309999632712 0.015302494703187453 0.037675318827801174
14.204649999631412 0.02675356452611999 0.06688904924765371
14.239999999630074 0.015358758932971896 0.0378189957671804
14.275349999628736 0.026647348282543337 0.06661827047591551
14.309689999627436 0.015417972589002238 0.03797020504344717
14.345039999626097 0.026593169381938342 0.06648011279982713
14.380389999624759 0.015524864455452647 0.03824312692820575
14.414729999623459 0.026536066372861215 0.0663345012301475
14.45007999962212 0.01557673922320224 0.038375595053419254
14.48441999962082 0.02647615513804191 0.06618173117212134
14.519769999619482 0.015631504643108696 0.03851544539266172
14.555119999618144 0.02637821804761975 0.06593205939726676
14.589459999616844 0.015689047438050663 0.03866238863455829
14.624809999615506 0.026325456041323084 0.06579751640879428
14.660159999614168 0.01578770015810671 0.03891427264752778
14.694499999612868 0.026269940033879946 0.06565595311643913
14.72984999961153 0.01583825138752759 0.0390433617052488
14.765199999610191 0.026170223783861354 0.06540174556067813
14.799539999608891 0.01589152552560147 0.03917940454845059
14.834889999607553 0.026121573175512003 0.0652776857233972
14.869229999606253 0.015947414586491293 0.03932212538025892
14.904579999604914 0.026070223289955785 0.0651467450426102
14.939929999603576 0.01603837172117195 0.039554359515947546
14.974269999602276 0.02601628004145662 0.06500919351355439
15.009619999600938 0.01608760065254944 0.03968007255986672
15.0449699995996 0.02592425827680056 0.06477460232150456
15.0793099995983 0.016139394068981128 0.03981233476721968
15.114659999596961 0.02587685530020356 0.06465372532133973
15.150009999595623 0.016232023647071436 0.040048842091577885
15.184349999594323 0.025826909674551812 0.06452636671570033
15.219699999592985 0.016277421152204652 0.040164771242745534
15.254039999591685 0.025774522366058598 0.0643927838876901
15.289389999590346 0.016325332236462264 0.040287119538018334
15.324739999589008 0.025689687140797557 0.06417651408251457
15.359079999587708 0.016375658199375476 0.04041563489765032
15.39442999958637 0.02564352986850338 0.06405881482566267
15.429779999585032 0.016461134635441854 0.04063387734525303
15.464119999583732 0.025594977876159605 0.06393501102918142
15.499469999582393 0.01650536749940179 0.040746832945748324
15.534819999581055 0.02550857074598001 0.06371473365585079
15.569159999579755 0.0165519680685442 0.04086583512523667
15.604509999578417 0.025466001622141743 0.06360618328178358
15.638849999577117 0.016600842252414427 0.04099064357989679
15.674199999575778 0.025421085191435933 0.06349164920155248
15.70954999957444 0.016679637711438433 0.04119182682764677
15.74388999957314 0.025373913741238763 0.06337136667778909
15.779239999571802 0.016722707748717314 0.04130181342273387
15.814589999570464 0.02529418663037064 0.0631681193107747
15.848929999569163 0.016768007715647792 0.04141749472036382
15.884279999567825 0.025252714626410433 0.06306236761505213
15.919629999566487 0.016848279986828252 0.04162245115290064
15.953969999565187 0.02520903154061005 0.06295097945404615
15.989319999563849 0.01688800592314388 0.04172389823254852
16.02365999956255 0.025163225350622875 0.06283417910313283
16.059009999561212 0.016929917683044082 0.04183092736710359
16.094359999559874 0.025089737039902138 0.06264683688635975
16.128699999558574 0.016973929261915988 0.04194331890456926
16.164049999557236 0.0250493598614171 0.06254387788254823
16.199399999555897 0.017047990689977977 0.04213241651362942
16.233739999554597 0.025006900265135967 0.06243561038155043
16.26908999955326 0.017086692234740686 0.04223124800341038
16.30443999955192 0.024932023993640248 0.06224472943402448
16.33877999955062 0.017127452726614978 0.042335337510368554
16.374129999549282 0.024894778165145293 0.06214975452472071
16.408469999547982 0.017170190176142408 0.042444475639780155
16.443819999546644 0.024855491008853203 0.06204957584158288
16.479169999545306 0.01723845099590582 0.04261876196430814
16.513509999544006 0.02481424294417889 0.06194439839546373
16.548859999542668 0.017276130317757543 0.042714983340519375
16.58420999954133 0.024745166479609 0.06176830339809092
16.61854999954003 0.0173157487516572 0.042816156683012085
16.65389999953869 0.024708885119563262 0.0616757886483188
16.689249999537353 0.017385312985364276 0.04299377304631813
16.723589999536053 0.02467068092716618 0.06157837217788398
16.758939999534714 0.017420073705245898 0.04308254142471046
16.793279999533414 0.024630630567166186 0.061476249426861695
16.828629999532076 0.017456735313186034 0.0431761641473738
16.863979999530738 0.02456697057429258 0.06131396309556614
16.898319999529438 0.017495222860853032 0.043274449803154535
16.9336699995281 0.02453165118323175 0.061223902026930066
16.96901999952676 0.01755939407640783 0.04343829557177381
17.00335999952546 0.024494520880580347 0.06112922453329617
17.038709999524123 0.017593254060328634 0.04352476399875904
17.074059999522785 0.024429635930974806 0.06096381496896175
17.108399999521485 0.017628904566593828 0.04361580490583883
17.143749999520146 0.024397049152746764 0.060880721274825245
17.178089999518846 0.01766627414574029 0.04371123581864422
17.213439999517508 0.024362687080129897 0.06079310193417564
17.24878999951617 0.01772540882783391 0.04386222127897854
17.28312999951487 0.02432661979513484 0.0607011356057785
17.31847999951353 0.017758370446615546 0.043946395763616586
17.353829999512193 0.024266770737959464 0.06054856444099865
17.388169999510893 0.017793018344816947 0.044034876503706855
17.423519999509555 0.024235031611491098 0.06046763283165113
17.458869999508217 0.0178533029418797 0.044188799739275364
17.493209999506917 0.024201620274892477 0.06038243834852741
17.52855999950558 0.017883717424949652 0.04426646978005211
17.56289999950428 0.024166603537089437 0.060293151307799775
17.59824999950294 0.017915785054693933 0.04434836145852383
17.6335999995016 0.024111457277336323 0.06015256934492896
17.6679399995003 0.01794944051610181 0.04443430796827741
17.703289999498963 0.024080563210902017 0.060073793127868313
17.738639999497625 0.01800504202713149 0.04457627334637504
17.772979999496325 0.02404809429886101 0.05999100223190723
17.808329999494987 0.018034677281422495 0.04465192152715014
17.84367999949365 0.023991867361054187 0.05984766482586279
17.87801999949235 0.01806588446363211 0.044731546140630574
17.91336999949101 0.023963357882585523 0.059774968584580535
17.948719999489672 0.018122529962860345 0.04487605153343788
17.983059999488372 0.02393330443744135 0.059698336367219884
18.018409999487034 0.018149861123131328 0.04494578680045436
18.052749999485734 0.02390176810028566 0.05961792387327858
18.088099999484395 0.018178719776366314 0.04501941937864462
18.123449999483057 0.023849913953017166 0.059485734341913066
18.157789999481757 0.01820904616599439 0.04509679679362
18.19313999948042 0.023822149316035324 0.05941493787217089
18.22848999947908 0.018261334510034977 0.04523018629940534
18.26282999947778 0.023792930395137524 0.059340434041987855
18.298179999476442 0.018287968337253102 0.04529814245439745
18.333529999475104 0.02374014157694926 0.05920586128439487
18.367869999473804 0.018316041152173668 0.04536977009085286
18.403219999472466 0.023714544582762564 0.059140591635475914
18.437559999471166 0.01834549598299795 0.045444923838711127
18.472909999469827 0.023687522183007514 0.059071688232681385
18.50825999946849 0.01839371402772405 0.04556792930316966
18.54259999946719 0.023659130206578616 0.05899929340381638
18.57794999946585 0.01841965135748236 0.04563410845200844
18.613299999464513 0.023610406289722108 0.05887508358427551
18.647639999463212 0.01844694407013292 0.04570374575740832
18.682989999461874 0.023585464737815198 0.058811485687715326
18.718339999460536 0.018496040290701288 0.04582899275094032
18.752679999459236 0.023559180382001443 0.05874446460483185
18.788029999457898 0.018519955108799557 0.045890011650895346
18.822369999456598 0.02353160644891583 0.05867415602939241
18.85771999945526 0.018545198422366904 0.04595442010312256
18.89306999945392 0.023486679647187758 0.05855962645427981
18.92740999945262 0.018571718152270544 0.046022085223984543
18.962759999451283 0.023462392493901585 0.05849769759466161
18.998109999449944 0.01861703037942819 0.046137678563829
19.032449999448644 0.023436840565026373 0.05843254445849766
19.067799999447306 0.018640332148008976 0.04619713333887665
19.103149999445968 0.023391088916022706 0.058315911644302165
19.137489999444668 0.01866488540834188 0.046259781187574234
19.17283999944333 0.02336869333238656 0.05825880568485209
19.20717999944203 0.01869064050825575 0.046325495417876006
19.24252999944069 0.023345058015777242 0.058198539279563644
19.277879999439353 0.0187324180824191 0.046432071235946726
19.312219999438053 0.02332023162228236 0.05813523647020258
19.347569999436715 0.01875510782953993 0.04648996449200249
19.382919999435376 0.023278010020632456 0.05802760303920129
19.417259999434076 0.018778976327924912 0.04655086522066254
19.452609999432738 0.02325619047407812 0.05797196625598744
19.4879599994314 0.018821528691560063 0.046659418627137406
19.5222999994301 0.023233203065285757 0.05791335224191174
19.55764999942876 0.018842453423999705 0.04671280859902538
19.59198999942746 0.023209094181344647 0.05785187925438917
19.627339999426123 0.018864533592669375 0.04676914655525888
19.662689999424785 0.02317016987412579 0.05775265182527134
19.697029999423485 0.018887723809063894 0.046828316685043614
19.732379999422147 0.023148925191162406 0.05769848118357679
19.76772999942081 0.018926989903877867 0.04692848621768997
19.80206999941951 0.023126580536404706 0.05764150637790344
19.83741999941817 0.018947375775941078 0.04698050131495268
19.872769999416832 0.023086928498102788 0.0575404233093324
19.907109999415532 0.018968850084486344 0.04703529344561863
19.942459999414194 0.023067334450733723 0.05749046124613466
19.976799999412894 0.018991369556916604 0.047092752198441
20.012149999411555 0.023046662148835106 0.05743775037559962
20.047499999410217 0.019027566124826478 0.047185090821733056
20.081839999408917 0.02302495399880866 0.05738239880846985
20.11718999940758 0.01904741428617973 0.047235733967043725
20.15253999940624 0.022988367573860802 0.05728913109730449
20.18687999940494 0.019068287594506184 0.04728899266144282
20.222229999403602 0.022969279714958657 0.05724046002575367
20.257579999402264 0.01910516757544134 0.0473830756041238
20.291919999400964 0.022949176136737304 0.05718919956468893
20.327269999399626 0.019123475464994155 0.04742978886512761
20.361609999398325 0.022928097267779224 0.05713545278278609
20.396959999396987 0.019142788283192158 0.04747906609050556
20.43230999939565 0.022894374142478524 0.05704948465079518
20.46664999939435 0.019163066472114854 0.04753080634579687
20.50199999939301 0.022875791222241926 0.057002101349301615
20.537349999391672 0.019197092425995987 0.04761760813537519
20.571689999390372 0.022856251654654436 0.05695227924852331
20.607039999389034 0.019214926735601212 0.04766311305681725
20.642389999387696 0.022821886633601407 0.056864674324341724
20.676729999386396 0.019233707676468037 0.04771103319736181
20.712079999385058 0.02280474408904165 0.0568209634961514
20.746419999383757 0.019253397534943817 0.04776127232903882
20.78176999938242 0.02278666373190108 0.05677486187700698
20.81711999938108 0.019284757873332392 0.04784127365201618
20.85145999937978 0.022767682521092847 0.05672646369097034
20.886809999378443 0.01930211982087504 0.04788557333407217
20.922159999377104 0.022735979804134887 0.05664564593248489
20.956499999375804 0.01932037333135006 0.0479321477285799
20.991849999374466 0.022719282019918463 0.056603069400995576
21.027199999373128 0.019352336357353228 0.04801368730169564
21.061539999371828 0.022701700837435945 0.05655824079580096
21.09688999937049 0.019368354181444003 0.048054557547294596
21.13122999936919 0.022683271490554602 0.05651124994245915
21.16657999936785 0.019385246035150794 0.04809765777119557
21.201929999366513 0.02265405521517816 0.05643677100606315
21.236269999365213 0.019402977441162372 0.04814290000509924
21.271619999363875 0.022637800908731243 0.05639532547335735
21.306969999362536 0.019432461828109537 0.04821811610495885
21.341309999361236 0.02262071460286441 0.05635175889771027
21.376659999359898 0.01944806349664563 0.048257924510652916
21.41200999935856 0.022590932261287167 0.05627583651108825
21.44634999935726 0.019464488469136176 0.048299833470821785
21.48169999935592 0.022575934843297008 0.05623759561147468
21.51603999935462 0.01948170387572934 0.04834375911714206
21.551389999353283 0.022560121760385132 0.056197275305414074
21.586739999351945 0.0195088734114367 0.048413069607633474
21.621079999350645 0.02254352522401759 0.05615495771371659
21.656429999349307 0.01952406017141295 0.04845181935158038
21.69177999934797 0.02251605494287534 0.056084929588628984
21.72611999934667 0.019540022319770145 0.04849254739465181
21.76146999934533 0.022501448273325786 0.05604768521526582
21.79681999934399 0.019567723253756886 0.048563214160268764
21.83115999934269 0.022486073287722674 0.05600848214138976
21.866509999341353 0.01958173707507882 0.04859897122633239
21.901859999340015 0.022458113767075072 0.055937206444367504
21.936199999338715 0.019596511078983636 0.04863666779678644
21.971549999337377 0.02244464960087278 0.055902875059066215
22.005889999336077 0.019612015215881518 0.048676227199806466
22.04123999933474 0.022430432396307487 0.05586662391761088
22.0765899993334 0.019637563531407 0.048741402228524855
22.1109299993321 0.0224154915995608 0.05582852809096206
22.146279999330762 0.01965121169960904 0.048776226300106806
22.181629999329424 0.022389681406323025 0.055762731791875186
22.215969999328124 0.019665575911930078 0.04881287725939654
22.251319999326785 0.022376560969490922 0.05572927702371944
22.286669999325447 0.0196915836621685 0.048879224906916985
22.321009999324147 0.022362731106970846 0.05569401368139548
22.35635999932281 0.01970416560339594 0.04891132856514879
22.39069999932151 0.022348219892440735 0.05565701333845041
22.42604999932017 0.01971744936540798 0.04894522282273828
22.461399999318832 0.02232441759009729 0.05559633585890955
22.495739999317532 0.019731407478820073 0.04898083759149463
22.531089999316194 0.022311640420764167 0.05556375651123435
22.566439999314856 0.019755414021359274 0.049042079768191194
22.600779999313556 0.022298195025210688 0.055529473620163916
22.636129999312217 0.019767674239177135 0.04907336251355199
22.67147999931088 0.022273961059041225 0.05546769537987384
22.70581999930958 0.019780595621560204 0.04910633212716897
22.74116999930824 0.02226218086660181 0.055437657973067545
22.77550999930694 0.01979415197843326 0.0491409217847627
22.810859999305602 0.022249745700230972 0.05540595080351096
22.846209999304264 0.019816289052740466 0.04919739459124939
22.880549999302964 0.022236681224254706 0.05537263930233127
22.915899999301626 0.01982822802460138 0.04922785764165383
22.951249999300288 0.022214313944332487 0.05531561990359535
22.985589999298988 0.019840789753536092 0.04925990956557991
23.02093999929765 0.022202835818011857 0.055286352845818065
23.05628999929631 0.019863332128902123 0.0493174168124777
23.09062999929501 0.02219074066812954 0.05525551277395513
23.125979999293673 0.019874340657290324 0.049345505887987695
23.160319999292373 0.02217805296279607 0.05522316206902911
23.195669999291034 0.019885959607149784 0.04937515236601575
23.231019999289696 0.02215743718595753 0.05517058805142305
23.265359999288396 0.01989816503652342 0.04940629515696182
23.300709999287058 0.022146268763316157 0.055142089962689766
23.33605999928572 0.01991896933181836 0.04945936822138286
23.37039999928442 0.022134519593537627 0.05511211025581719
23.40574999928308 0.01992969511288334 0.04948673582796381
23.441099999281743 0.022113530652681845 0.05505856519588681
23.475439999280443 0.019940995937431927 0.049515570571057044
23.510789999279105 0.022103231575248627 0.05503228525015613
23.545129999277805 0.0199528489795886 0.04954581421108273
23.580479999276466 0.02209236323714725 0.055004552988302535
23.615829999275128 0.019972029724419027 0.049594745287806496
23.650169999273828 0.022080947989466915 0.05497542543470013
23.68551999927249 0.01998247330004921 0.04962139280599853
23.72086999927115 0.022061579066431025 0.05492601339717185
23.75520999926985 0.019993458499211192 0.04964942219207735
23.790559999268513 0.0220515452261143 0.054900410360958496
23.825909999267175 0.02001299672803558 0.04969926565389082
23.860249999265875 0.02204097512361458 0.0548734391939254
23.895599999264537 0.020022628360632067 0.04972384153973941
23.929939999263237 0.02202989006917433 0.05484515426585901
23.9652899992619 0.020032790917118626 0.049749771996110415
24.00063999926056 0.02201203435302279 0.05479960274654694
24.03497999925926 0.02004346353133868 0.04977700378200334
24.070329999257922 0.02200226516797099 0.05477467512142731
24.105679999256584 0.02006149222366782 0.04982299611754337
24.140019999255284 0.021991990894111302 0.054748458896192176
24.175369999253945 0.02007087538721075 0.04984693799122697
24.210719999252607 0.021973799567741703 0.05470205092177327
24.245059999251307 0.020080758690754763 0.04987215589228322
24.28040999924997 0.02196478898742049 0.05467905888107971
24.31474999924867 0.020091122239400794 0.04989859905926153
24.35009999924733 0.021955283280945537 0.05465480365355324
24.385449999245992 0.020107740961538778 0.049940994288666385
24.419789999244692 0.02194530192890487 0.05462933494178035
24.455139999243354 0.020116876237998516 0.04996430363437554
24.490489999242016 0.021928517569705153 0.05458651644698609
24.524829999240715 0.02012648257391214 0.04998881481171891
24.560179999239377 0.02191974003775632 0.05456411915768511
24.59552999923804 0.02014341655212204 0.05003201464026663
24.62986999923674 0.021910496094471155 0.05454053194003938
24.6652199992354 0.020151843299468175 0.050053516206272075
24.6995599992341 0.021900804312462996 0.05451580217906704
24.734909999232762 0.02016073182653355 0.05007619592880541
24.770259999231424 0.02188533406642723 0.054476336269015935
24.804599999230124 0.02017006394556342 0.05010000740223175
24.839949999228786 0.021876788976869843 0.05445453217642893
24.875299999227448 0.020185686889916288 0.05013986252426772
24.909639999226147 0.02186780460089477 0.0544316073576967
24.94498999922481 0.020193895312266563 0.050160806991494944
24.98033999922347 0.021852038399944096 0.05439138618641426
25.01467999922217 0.020202538726201036 0.050182861267533685
25.050029999220833 0.02184415527697159 0.05437127110258233
25.084369999219533 0.020211599792775314 0.050205981112849685
25.119719999218194 0.02183584150816331 0.05435005733516185
25.155069999216856 0.02022599826178073 0.05024271236150346
25.189409999215556 0.021827114073662668 0.05432778820556594
25.224759999214218 0.02023398896085382 0.050263101265923815
25.26010999921288 0.02181256980000179 0.05429068443530971
25.29444999921158 0.02024238934675615 0.050284535415912046
25.32979999921024 0.021804891427041784 0.05427109187828849
25.365149999208903 0.020257065786634998 0.05032197609670108
25.399489999207603 0.021796807396157192 0.05425046438765069
25.434839999206265 0.020264438204138258 0.050340787482083815
25.469179999204965 0.02178833389405621 0.05422884326138355
25.504529999203626 0.020272212260013855 0.05036062358024784
25.539879999202288 0.02177493082711357 0.05419465095208853
25.574219999200988 0.0202803721030409 0.050381443947544735
25.60956999919965 0.021767456589876333 0.05417557934732642
25.64491999919831 0.020293909918849384 0.05041597977261114
25.67925999919701 0.021759600297324044 0.054155533024624614
25.714609999195673 0.02030109051532014 0.050434301684942895
25.749959999194335 0.02174593628802024 0.05412067480180527
25.784299999193035 0.02030864944011368 0.05045358883671858
25.819649999191697 0.021739039687207584 0.05410307703503925
25.853989999190397 0.02031657158125888 0.050473802670802925
25.88933999918906 0.021731768525605655 0.0540845236692955
25.92468999918772 0.02032904602416552 0.05050562562545213
25.95902999918642 0.02172413760231051 0.05406505246192683
25.99437999918508 0.02033603540537976 0.05052345961251703
26.029729999183743 0.021711534808968147 0.05403290162971919
26.064069999182443 0.020343381096390112 0.05054220266090814
26.099419999181105 0.02170481808240121 0.054015762901915565
26.134769999179767 0.020356100597075377 0.05057465104220116
26.169109999178467 0.021697748538262007 0.0539977240477052
26.20445999917713 0.020362550453780215 0.05059110845462289
26.23980999917579 0.021684920190065515 0.05396499759872109
26.27414999917449 0.020369349639638767 0.05060845711887252
26.309499999173152 0.021678728532952385 0.05394919858455749
26.343839999171852 0.02037648433901751 0.05062666178575759
26.379189999170514 0.02167219106866347 0.05393251732722648
26.414539999169175 0.02038821496236498 0.050656587344244386
26.448879999167875 0.021665321325971765 0.053914988344250236
26.484229999166537 0.02039449629848422 0.05067261473686857
26.5195799991652 0.02165347953820873 0.053884778823865
26.5539199991639 0.02040110667993278 0.05068948162959552
26.58926999916256 0.02164744612099001 0.05386938364063676
26.624619999161222 0.020413049201790878 0.050719947995137016
26.658959999159922 0.021641086925173303 0.053853157312444555
26.694309999158584 0.0204188401014338 0.05073472405785484
26.728649999157284 0.021634414848923367 0.05383613274716481
26.763999999155946 0.020424953516766653 0.050750322962500594
26.799349999154607 0.02162349469448377 0.05380827450985892
26.833689999153307 0.02043137681751206 0.05076671248389619
26.86903999915197 0.021617619285753675 0.053793282560521405
26.90438999915063 0.020442399993368054 0.050794833411360596
26.93872999914933 0.021611437019018798 0.05377750773860601
26.974079999147992 0.02044804261275257 0.05080923109951341
27.009429999146654 0.021600317886218856 0.0537491417078928
27.043769999145354 0.02045398906352769 0.05082440395860477
27.079119999144016 0.021594900665263705 0.05373531882263416
27.113459999142716 0.02046022730433772 0.05084032126587701
27.148809999141378 0.021589182667231532 0.05372072857646737
27.18415999914004 0.02047039166441178 0.05086625118347898
27.21849999913874 0.02158317568296897 0.053705401051995505
27.2538499991374 0.02047588624515917 0.05088027111365134
27.289199999136063 0.021572913397938653 0.05367922102382794
27.323539999134763 0.02048166700703613 0.05089502118270639
27.358889999133424 0.02156763523005012 0.053665753000475824
27.394239999132086 0.020492018278317814 0.05092142813026834
27.428579999130786 0.021562073713479846 0.053651562081080684
27.463929999129448 0.02049708488823887 0.0509343561088782
27.498269999128148 0.021556240089636303 0.05363667694606722
27.53361999912681 0.0205024320157986 0.05094799977771736
27.56896999912547 0.02154677820731099 0.05361253891462692
27.60330999912417 0.020508048652373212 0.05096233104873171
27.638659999122833 0.021541638830299692 0.053599425079686736
27.674009999121495 0.02051760144754311 0.05098670092149593
27.708349999120195 0.02153623256895698 0.05358563035355868
27.743699999118856 0.0205225377544207 0.050999296396392335
27.779049999117518 0.021526595180900165 0.053561044429040194
27.813389999116218 0.02052773831994703 0.05101256607860094
27.84873999911488 0.02152185562690756 0.05354895073991228
27.88307999911358 0.020533192649196952 0.051026483191496386
27.91842999911224 0.021516854463346502 0.05353618961539963
27.953779999110903 0.020541999592359805 0.051048950247578606
27.988119999109603 0.021511601966606397 0.05352278727426274
28.023469999108265 0.020546805864270046 0.051061213905012615
28.058819999106927 0.02150270876263527 0.05350009992254323
28.093159999105627 0.020551861035938424 0.051074112583771036
28.12850999910429 0.021498091392180618 0.05348831804247167
28.16385999910295 0.02056083282357124 0.051097000348354626
28.19819999910165 0.021493227577834673 0.05347590741856534
28.233549999100312 0.020565265636711794 0.051108311138226004
28.267889999099012 0.021488127116863653 0.05346289304709595
28.303239999097674 0.02056994243643473 0.051120244414704086
28.338589999096335 0.021479929024746935 0.05344197907127812
28.372929999095035 0.02057485362900968 0.05113277570089059
28.408279999093697 0.021475433556798595 0.053430508278495825
28.44362999909236 0.02058313192708816 0.05115389423295813
28.47796999909106 0.021470705971652126 0.05341844529398454
28.51331999908972 0.020587450244532013 0.05116491285596103
28.548669999088382 0.021462353101872278 0.053397136324384586
28.583009999087082 0.02059199840071302 0.0511765178682122
28.618359999085744 0.021458206524921142 0.053386555723122786
28.652699999084444 0.02059676724894277 0.05118868593411152
28.688049999083105 0.02145383240547505 0.05337539460031904
28.723399999081767 0.020604397807735486 0.05120815195479578
28.757739999080467 0.02144923970210244 0.053363675812767575
28.79308999907913 0.02060860191256242 0.05121887913354106
28.82843999907779 0.021441533159317405 0.05334401576071457
28.86277999907649 0.020613022491424604 0.051230158604620435
28.898129999075152 0.0214374939343025 0.05333370911779767
28.933479999073814 0.020620798410713292 0.051249995605207044
28.967819999072514 0.021433240364494566 0.05332285562340555
29.003169999071176 0.020624676626995297 0.0512598912902007
29.037509999069876 0.02142878098951817 0.053311477066242396
29.072859999068537 0.020628767056411923 0.051270328397068354
29.1082099990672 0.021421678112206632 0.053293357089800875
29.1425499990659 0.02063306133677456 0.05128128558973266
29.17789999906456 0.021417745949308675 0.053283323660380244
29.213249999063223 0.02064023495620415 0.05129958600079698
29.247589999061923 0.021413611908299268 0.05327277518604179
29.282939999060584 0.02064401257529558 0.05130922498279844
29.318289999059246 0.021406372555243358 0.05325430692249
29.352629999057946 0.0206479900955866 0.05131937397491182
29.387979999056608 0.021402744837983545 0.053245050282679784
29.422319999055308 0.020652159545537563 0.051330012637396116
29.45766999905397 0.021398919210787404 0.0532352887210763
29.49301999905263 0.020658770638486645 0.051346877931912616
29.52735999905133 0.021394903480881466 0.053225042157067914
29.562709999049993 0.02066244794889671 0.05135626094897594
29.598059999048655 0.0213882254592479 0.053208005968208294
29.632399999047355 0.02066631353118198 0.05136612430528542
29.667749999046016 0.021384692055188226 0.05319899000953976
29.703099999044678 0.020673052784322632 0.05138331667945417
29.737439999043378 0.02138097222585944 0.05318949843009513
29.77278999904204 0.02067644571961169 0.05139197412280527
29.80712999904074 0.021377073414176828 0.053179550219539795
29.8424799990394 0.02068002323129392 0.05140110247739971
29.877829999038063 0.02137091963556359 0.053163851482929125
29.912169999036763 0.020683778030327393 0.05141068314573616
29.947519999035425 0.02136748025321933 0.05315507545921028
29.982869999034087 0.02068999418775941 0.05142654099683508
30.017209999032787 0.0213638652936029 0.053145851490488116
30.05255999903145 0.020693298743082345 0.05143497291211219
30.08790999903011 0.021357591195422687 0.05312984569698642
30.12224999902881 0.02069677716135887 0.0514438484051305
30.15759999902747 0.021354417474494514 0.05312174750456977
30.192949999026133 0.02070310407553233 0.0514599889250511
30.227289999024833 0.02135107161841243 0.05311321014890291
30.262639999023495 0.020706150134823242 0.051467761295675984
30.296979999022195 0.021347560430741597 0.05310425098780103
30.332329999020857 0.0207093665997391 0.051475968423941865
30.36767999901952 0.021341773840855782 0.05308948893069099
30.40201999901822 0.02071274680798474 0.051484593311135196
30.43736999901688 0.02133868297309116 0.0530816021738878
30.472719999015542 0.0207185874277378 0.051499493194173684
30.507059999014242 0.021335429963710073 0.05307330174919578
30.542409999012904 0.020721555743676068 0.05150706717781395
30.577759999011565 0.021329539354801752 0.05305827422975584
30.612099999010265 0.020724684597164922 0.05151505074160179
30.647449999008927 0.02132668997440057 0.05305100362451576
30.681789999007627 0.020727967636207323 0.051523427679689426
30.71713999900629 0.021323681671127193 0.053043327563429
30.75248999900495 0.020733353954854983 0.05153716854879864
30.78682999900365 0.02132052066585277 0.05303526191746677
30.822179999002312 0.020736244631010425 0.05154454441094192
30.857529999000974 0.021315083279500158 0.053021390664964585
30.891869998999674 0.02073928652208268 0.05155230606826988
30.927219998998336 0.02131230679273488 0.053014306080068074
30.962569998996997 0.02074477054794377 0.05156629630000964
30.996909998995697 0.021309380589185967 0.05300683952668139
31.03225999899436 0.020747435652337054 0.05157309662253695
31.06659999899306 0.02130631059872523 0.05299900613379149
31.10194999899172 0.02075024897298272 0.05158027509030161
31.137299998990382 0.02130129660166935 0.052986215035288886
31.171639998989082 0.020753204703370498 0.0515878168881434
31.206989998987744 0.02129859289558811 0.052979316180701286
31.242339998986406 0.02075826636476452 0.051600729581313676
31.276679998985106 0.021295748168323914 0.05297205754200007
31.312029998983768 0.02076086314922354 0.05160735556343221
31.34737999898243 0.02129064241482226 0.05295903227655607
31.38171999898113 0.02076359956262397 0.05161433778196889
31.41706999897979 0.021288149435205406 0.052952671087436176
31.45140999897849 0.02076647006848109 0.051621662110501454
31.486759998977153 0.021285518227300404 0.05294595723972506
31.522109998975814 0.020771137180094157 0.05163356822752707
31.556449998974514 0.02128275421267234 0.052938904565558165
31.591799998973176 0.02077366576438966 0.05164002017619129
31.627149998971838 0.021278042094860616 0.0529268835479102
31.661489998970538 0.020776325865652256 0.05164680766492902
31.6968399989692 0.021275613169921548 0.05292068582176679
