0.001020000000000002 1.9114037519911642 4.767144680694068
0.15959000000001883 1.1002356532921889 2.967410696673234
0.3171500000001764 1.5801528815131944 3.8738923506136502
0.47370000000033297 1.0552818552805974 2.8950612301582246
0.6302499999997665 1.4145217610859029 3.409728473911333
0.786799999999054 0.9865536583793787 2.747677612525712
0.9423399999983462 1.2978370839104258 3.088269341695815
1.0988899999987316 0.9193824802816044 2.592997497876437
1.2544299999997506 1.2011181849000758 2.824703658202432
1.4109800000007762 0.8585818181045334 2.449416811440963
1.5665200000017951 1.116774163954127 2.596868142601949
1.7230700000028207 0.8029936364400293 2.3158805215123257
1.8786100000038397 1.041995150680262 2.3969399332065766
2.0341500000048587 0.7513105944276027 2.190059229253105
2.1896900000058777 0.9753125924364929 2.2198520329377858
2.3462400000069032 0.702640309423975 2.0707692640491437
2.5017800000079222 0.9147058209355747 2.0597727684659395
2.657320000008941 0.6576315958074159 1.9600197248045959
2.81286000000996 0.859862803634694 1.9154259486400593
2.968400000010979 0.6158734673933776 1.8564564055232546
3.123940000011998 0.8097071351504763 1.7840577882634046
3.279480000013017 0.5771918946570505 1.7598070668851884
3.435020000014036 0.7636336134351154 1.6639560187156288
3.590560000015055 0.5412939970056493 1.6695831315582166
3.746100000016074 0.7215123809249191 1.5546614274193016
3.9006300000170864 0.5080992792294688 1.5857729751014848
4.0561700000156105 0.6832680611487608 1.4555713882073107
4.211710000009722 0.4767112621643487 1.5062772154074366
4.367250000003834 0.6476899816965221 1.3635457003070672
4.522789999997945 0.4471925832124828 1.4313874087781508
4.677319999992095 0.6149860502052011 1.2788763264672154
4.832859999986207 0.41975684233044785 1.3617603886552532
4.988399999980318 0.5844106021331691 1.1998934668309702
5.14393999997443 0.3938366229282646 1.2960525312190274
5.29846999996858 0.5560802730645 1.1267975546524034
5.454009999962691 0.36971456486262233 1.2348095219208544
5.609549999956803 0.5294522213986083 1.0582405663308925
5.765089999950915 0.3467642604778307 1.1765162669375218
5.9196199999450645 0.5047631458910758 0.994724157934268
6.075159999939176 0.32530122535458694 1.1219891893232137
6.230699999933288 0.4814978785217353 0.9348135315116135
6.385229999927438 0.3051048403410246 1.0705207536970573
6.540769999921549 0.4598765941968579 0.8790212082096627
6.696309999915661 0.2863945621715668 1.0215743263769617
6.850839999909811 0.43949296949146505 0.8263852746418276
7.006379999903922 0.2693037580216868 0.975774026857068
7.160909999898072 0.4202222674736573 0.7766506917721072
7.316449999892184 0.25338443039680736 0.9323847201814228
7.471989999886295 0.40187267323908277 0.7293436305968348
7.626519999880445 0.23857356977106092 0.89109322426697
7.782059999874557 0.3846428342088265 0.6849722843438877
7.937599999868668 0.22471837991974355 0.8514280088119275
8.092129999862818 0.3683240311242948 0.6430165039002289
8.24766999985693 0.21204123239087913 0.8140303265475768
8.40219999985108 0.35286792421845103 0.603316456454539
8.557739999845191 0.2003467354541818 0.7784966515307024
8.713279999839303 0.33813879206582476 0.5655022321992331
8.867809999833453 0.18955850343583935 0.7447760631686839
9.023349999827564 0.32430557500638446 0.5299722480629598
9.178889999821676 0.1795877521283593 0.7125406314439142
9.333419999815826 0.31120374232186754 0.49628419737973717
9.488959999809937 0.17050327110631802 0.6822784076711774
9.643489999804087 0.29879156293450215 0.46432933124932463
9.799029999798199 0.1621230399891478 0.6535680626632789
9.95456999979231 0.28694624780580724 0.4338122997636473
10.10909999978646 0.15439248724996513 0.6263177523069707
10.264639999780572 0.27583002679565594 0.4051466702030049
10.419169999774722 0.14732612250072075 0.600449673057668
10.574709999768833 0.2652950512547858 0.377975715657064
10.730249999762945 0.1407889597774844 0.575711369814691
10.884779999757095 0.25530818350043893 0.35221998729541015
11.040319999751206 0.13487766370400533 0.5524827990282866
11.194849999745356 0.24583982679249342 0.3278056745163793
11.350389999739468 0.12952194369460457 0.5304619621618767
11.50592999973358 0.23680040577880312 0.30450543845086386
11.66045999972773 0.12464336613292204 0.5095828233387611
11.815999999721841 0.2283042382126319 0.28261794139275986
11.97052999971599 0.12020581087782489 0.4897754052961001
12.126069999710102 0.22024470705529423 0.2618727115956565
12.281609999704214 0.11614561861237939 0.47082473577433337
12.436139999698364 0.21259892016392412 0.2422097112506072
12.591679999692476 0.11250107112408159 0.4529711942994896
12.746209999686625 0.2053458435222766 0.22356953801899726
12.901749999680737 0.10920298139817318 0.43598044912007694
13.057289999674849 0.19841832463358774 0.20577368102647764
13.211819999668998 0.10622624199526709 0.41982054703456617
13.36735999966311 0.1919061332354507 0.18904500561067739
13.52188999965726 0.10354940855795325 0.4044525972624058
13.677429999651372 0.18572866070888894 0.17317846165848527
13.832969999645483 0.10113014669913677 0.3897319571954605
13.987499999639633 0.17986859660763577 0.15813117683441957
14.143039999633745 0.09898641287388467 0.3758717055172278
14.297569999627894 0.17431035503526238 0.14386234931962338
14.453109999622006 0.09706797652087007 0.3627008816488697
14.607639999616156 0.16903894648860107 0.13033388707859306
14.763179999610268 0.09535267317819518 0.3501867037959294
14.918719999604379 0.16400523522338173 0.11742139931386619
15.073249999598529 0.0938249428701795 0.338296749611966
15.22878999959264 0.1592707896350426 0.10528221653269831
15.38331999958679 0.09246563330950175 0.3269996045523804
15.538859999580902 0.15477998275496718 0.09377399171481837
15.693389999575052 0.09127062080138848 0.31626451745767614
15.848929999569163 0.1505196400131833 0.08286157316148568
16.003459999563315 0.09023397675248412 0.3060623587972655
16.158999999557427 0.1464772298476359 0.07251125872411723
16.31453999955154 0.08931112137656005 0.2962964644947941
16.469069999545688 0.14264091588764516 0.06269068098539998
16.6246099995398 0.08850500005489881 0.2870924837542588
16.77913999953395 0.13899977009207476 0.05336969082806453
16.93467999952806 0.08783922381264597 0.2783498642805249
17.08920999952221 0.13554367547499935 0.04452163280672661
17.244749999516323 0.0872647863233198 0.27004831173426114
17.399279999510473 0.13226330466128022 0.036122998780419024
17.554819999504584 0.08676416611768434 0.2621652838059041
17.709349999498734 0.12915003404743497 0.028152303909534382
17.864889999492846 0.08637512142627368 0.25467818489741667
18.019419999486995 0.12619565924461962 0.020589463749942638
18.174959999481107 0.0860291681703963 0.2475669392790647
18.329489999475257 0.12339232998722705 0.013414546565604368
18.48502999946937 0.08577140980298403 0.24081299431996106
18.63955999946352 0.12073256317004656 0.006608104644845181
18.79509999945763 0.08555421137317998 0.23439889754667265
18.94962999945178 0.11820916581282237 0.00015148303597056767
19.10516999944589 0.08540147642402518 0.2283080344121169
19.25969999944004 0.11593474879850585 0.005972727278324985
19.415239999434153 0.08527966189268321 0.22252456851542535
19.569769999428303 0.11388140386695132 0.011781053511727979
19.725309999422414 0.08521522829077455 0.21703344777855849
19.879839999416564 0.11202082095036392 0.017289465680081495
20.035379999410676 0.08515723735195402 0.2118206811263068
20.189909999404826 0.1103264421957455 0.02251315205488158
20.345449999398937 0.08516664224017712 0.2068731857979178
20.499979999393087 0.10877770856721325 0.02746623618569144
20.6555199993872 0.08517556519974567 0.20217847684221857
20.81004999938135 0.10739384684084019 0.032161957749976544
20.96558999937546 0.08521545588277357 0.19772445600417798
21.12011999936961 0.10611372573944677 0.03661288525727002
21.27565999936372 0.08528220704527667 0.19349939560893148
21.43018999935787 0.10495277804318846 0.04083099752132391
21.585729999351983 0.08534545577820518 0.189491906207917
21.740259999346133 0.1038899950586849 0.04482785996458016
21.895799999340245 0.08544030485005794 0.18569103770528228
22.050329999334394 0.1029168283144113 0.04861467409378317
22.205869999328506 0.0855481977270326 0.1820864465799099
22.360399999322656 0.10202253784880777 0.05220212394280166
22.515939999316767 0.0856504503358676 0.1786683292042901
22.670469999310917 0.10121026771401664 0.05560039758951696
22.82600999930503 0.08576526188660505 0.1754273724662525
22.98053999929918 0.1004417016765885 0.05881921761401454
23.13607999929329 0.08590152050239164 0.17235467461083065
23.29060999928744 0.09976754580988934 0.061867849436370026
23.44513999928159 0.0860296320443179 0.16946484249308336
23.6006799992757 0.09912915806105904 0.06475511247863164
23.75520999926985 0.08615196130474212 0.16670406477395927
23.910749999263963 0.09853091138353909 0.06748939698549838
24.065279999258113 0.08628699339127288 0.1640872264771609
24.220819999252225 0.09800348501332756 0.07007868614695711
24.375349999246374 0.08643334700252181 0.16160698092584358
24.530889999240486 0.09750393613509756 0.07253057839784471
24.685419999234636 0.08657201022859451 0.15925633249955773
24.840959999228748 0.0970308033059466 0.07485230098103202
24.995489999222897 0.08670338618598206 0.15702861930526613
25.150019999217047 0.09660809962760142 0.07703324305337045
25.30555999921116 0.0868278604314554 0.15491749933004284
25.46008999920531 0.09621970836163751 0.07911424643169962
25.61562999919942 0.08696669615314523 0.15291693316930033
25.77015999919357 0.09585184541996328 0.08108496239432883
25.92569999918768 0.08710691466157972 0.15102114843948966
26.08022999918183 0.09550340272025815 0.08295138682302694
26.235769999175943 0.08723979302293061 0.14922461950668264
26.390299999170093 0.09517437071212254 0.08471915885491788
26.544829999164243 0.08736469648889145 0.14753605616691923
26.700369999158355 0.0948900784607628 0.08639358737170255
26.854899999152504 0.08748398106016941 0.14592341481202142
27.010439999146616 0.09462075556632454 0.08797967726078548
27.164969999140766 0.08759703475157721 0.1443950575168773
27.320509999134877 0.09436560711613629 0.08948214722950265
27.475039999129027 0.08771257764303264 0.14294656267944683
27.629569999123177 0.0941257242298903 0.09089430566665557
27.78510999911729 0.08783511504170316 0.14157374081295027
27.93963999911144 0.09389685146889237 0.09224182085139088
28.09517999910555 0.0879512520567971 0.14027262224617365
28.2497099990997 0.09368000307523583 0.09351843003816418
28.40524999909381 0.08806132281580958 0.13903944552748904
28.55977999908796 0.09349021883363962 0.09472789400468695
28.71430999908211 0.08816485052483647 0.13787973855484692
28.869849999076223 0.09331465198950872 0.09587377188947643
29.024379999070373 0.08826365815778991 0.13677270591202495
29.179919999064484 0.0931482973663903 0.09695943211370794
29.334449999058634 0.08835731112258793 0.1357234031053478
29.489989999052746 0.09299066835620651 0.09798806281914318
29.644519999046896 0.08844607919485259 0.13472880911880036
29.799049999041046 0.0928424491018709 0.09895500357730569
29.954589999035157 0.08853021791582505 0.1337860620456599
30.109119999029307 0.09270101767089156 0.09987780152285186
30.26465999902342 0.08861156384237823 0.1328924505780371
30.41918999901757 0.09256699029163362 0.10075222557232033
30.57472999901168 0.08870033899910867 0.13204540601240433
30.72925999900583 0.0924399768495594 0.10158082953584113
30.88378999899998 0.08878381153664983 0.1312490987095294
31.03932999899409 0.09231960803417427 0.10236603072256711
31.19385999898824 0.08886351190252273 0.1304885909613751
31.349399998982353 0.09220553422567046 0.1031101175359872
31.503929998976503 0.0889390625741745 0.1297676573738693
31.659469998970614 0.09210784411067019 0.10381525634498567
31.813999998964764 0.08901068020215208 0.12908423336926989
31.968529998958914 0.09201711336395912 0.1044777154521892
32.1240699989971 0.08907857011376996 0.12843636262916958
32.27859999904615 0.09193046012848871 0.10511051744434008
32.43413999909552 0.08914292694052484 0.12782219135950568
32.58866999914457 0.09184832782497432 0.10571026406406281
32.74319999919362 0.08920346146391567 0.12724461986268754
32.89873999924299 0.0917704792879348 0.1062786926086634
33.05326999929204 0.08926124759673004 0.12669312707722646
33.20880999934141 0.09169668982902757 0.106817448526908
33.36333999939046 0.08931603195568827 0.12617027771247846
