0.001020000000000002 1.1944506757044346 2.9792721806900735
0.1262599999999855 0.6680515258719094 1.7804801559156425
0.25150000000011075 1.04395652826743 2.5990470677803135
0.374720000000234 0.6387869416379492 1.7132212536001168
0.4989500000003582 0.9681945613667775 2.3870172574991244
0.6231799999997987 0.6043222869540965 1.636783213330939
0.7474099999992333 0.9114577531435173 2.2314817175058566
0.8716399999986679 0.5711050201436626 1.5582002762205338
0.9948599999981071 0.8640766882482982 2.104660666535907
1.119089999998864 0.5401372352213988 1.4828706831523153
1.2433199999996778 0.8214215651938903 1.9918163113552767
1.3675500000004917 0.5104740037118661 1.4099693921769352
1.490770000001299 0.7826939965021732 1.8900617518397889
1.6150000000021127 0.4829667643635677 1.3419598320568382
1.73822000000292 0.7467854940460665 1.7959931362003578
1.8624500000037338 0.4567760733654276 1.277061491352116
1.985670000004541 0.7134260528405537 1.7087755995205733
2.109900000005355 0.43175602392941503 1.2149424952080046
2.234130000006169 0.6821704562811178 1.62712694352537
2.357350000006976 0.4078897112566462 1.15556284642786
2.48158000000779 0.6534665728723882 1.5522918262062313
2.604800000008597 0.38516403872868 1.0989150101848533
2.729030000009411 0.6267233141629007 1.4825390513289571
2.8522500000102182 0.3636125953601047 1.0451152763223948
2.976480000011032 0.6017961682998927 1.417519513920773
3.0997000000118393 0.34325807591996327 0.9942443621028363
3.2229200000126466 0.5787952186205715 1.3575697002830234
3.3471500000134604 0.32400891320453973 0.946075933098689
3.4703700000142677 0.5569579100950228 1.3007134815624766
3.5946000000150815 0.3057464339625563 0.9002998762521197
3.7178200000158887 0.5364037185703742 1.247304583503439
3.8420500000167026 0.28838458748602636 0.8567021791922147
3.96527000001751 0.5170035141672764 1.1969887187931016
4.089500000014349 0.27184981869738123 0.8151390985092544
4.212720000009684 0.49867742299633366 1.1495203127236842
4.336950000004981 0.25606800974273924 0.7754399918254773
4.460170000000316 0.4813366019004319 1.104641333947598
4.583389999995651 0.24127223520716412 0.7381493091500713
4.707619999990948 0.46488986190629333 1.062100314425718
4.830839999986283 0.2268458891830584 0.7018441003772802
4.954059999981618 0.44948784225205435 1.02229723024031
5.078289999976915 0.21302533409469346 0.6670628008617507
5.2015099999722505 0.43465100614346897 0.9839387475178762
5.325739999967547 0.19979390924347884 0.6337578800759025
5.448959999962883 0.4205212396317331 0.9474321050470524
5.5731899999581795 0.18714637466616335 0.6019194056722132
5.696409999953515 0.40705155226152206 0.9126540808903072
5.81962999994885 0.1752661227426997 0.5720016632143721
5.943859999944147 0.394188498067378 0.8794611063974278
6.067079999939482 0.16372098618769237 0.5429452273578383
6.191309999934779 0.38188349077573003 0.8477159197088358
6.314529999930114 0.1526517443822658 0.5150801709110975
6.437749999925449 0.37026859889277675 0.8177681678614546
6.561979999920746 0.1420230784276707 0.48830560167578696
6.685199999916081 0.35899717527028874 0.7887034864589748
6.809429999911378 0.131921063834869 0.46250862336991716
6.9326499999067135 0.3481949663131615 0.7608597872665324
7.05687999990201 0.122308803878446 0.4376141863173255
7.180099999897346 0.3378455209586002 0.7341937299222834
7.3043299998926425 0.1132241288252307 0.41362775258274587
7.427549999887978 0.3279242075685016 0.7086484737341969
7.551779999883275 0.10469441265203827 0.39055082401366903
7.67499999987861 0.3184142585104559 0.6841766508527969
7.798219999873945 0.09686799310623351 0.3687443600392082
7.922449999869242 0.30930236223839325 0.6607397290174122
8.045669999864577 0.08947795432439265 0.3474674523505028
8.169899999859874 0.3005771448058612 0.6383072950508994
8.29311999985521 0.0827167208905496 0.3270451404627006
8.417349999850506 0.29222608644640913 0.6168455813283846
8.540569999845841 0.07653435351163507 0.30744930184115615
8.664799999841138 0.2842345805002948 0.5963139166334175
8.788019999836473 0.0708822718203087 0.2886528983034653
8.91224999983177 0.2765865999482169 0.5766688311104828
9.035469999827106 0.06574126526600288 0.27062717655019775
9.159699999822402 0.2692647170044329 0.5578643429896779
9.282919999817738 0.061089830383904246 0.2533411674593866
9.406139999813073 0.2623562367739978 0.5401239464130292
9.53036999980837 0.056904576443614685 0.23676116769971722
9.653589999803705 0.2556399713640788 0.5228714433384019
9.777819999799002 0.05315725714287844 0.2208537739678773
9.901039999794337 0.24920442777367782 0.5063386992161134
10.025269999789634 0.04983721905749183 0.20559207657721013
10.14848999978497 0.24303632611692283 0.490492482471494
10.272719999780266 0.046940916282984024 0.19095429063424874
10.395939999775601 0.23712359978649444 0.4753009113984241
10.520169999770898 0.044455585501237516 0.1769199720461856
10.643389999766233 0.2314556523990362 0.46073650257637544
10.76761999976153 0.042359462014827876 0.1634685665721891
10.890839999756865 0.22602318942124455 0.4467759079075484
11.015069999752162 0.04063754604521319 0.15057785661616307
11.138289999747498 0.2208178010709084 0.43339855256822046
11.262519999742794 0.03926052845686523 0.13822351434813474
11.38573999973813 0.21582974921812906 0.4205803690630061
11.509969999733427 0.03821431916625728 0.1263823931883068
11.633189999728762 0.2110487809833328 0.40829611018156076
11.757419999724059 0.03747984904498258 0.1150325467324742
11.880639999719394 0.20646562279926006 0.39652267395142715
12.00486999971469 0.03704229043314955 0.10415082962463851
12.128089999710026 0.20207191520481382 0.38523974389559346
12.252319999705323 0.03688162788690763 0.09370931428362983
12.375539999700658 0.19785983379989447 0.3744288416149488
12.499769999695955 0.036981496784956325 0.08368423734629316
12.623999999691252 0.19376495715583697 0.3639285273616899
12.747219999686587 0.037335743186258874 0.07406533573366403
12.871449999681884 0.18989867094231316 0.3540180200943488
12.99466999967722 0.03793371782164201 0.06484216449905711
13.118899999672516 0.18619285984282363 0.34452310710163525
13.242119999667851 0.03875863511618571 0.05600259110005723
13.366349999663148 0.18264285934585922 0.33542577432520426
13.489569999658483 0.03980165537085478 0.04753300428396168
13.61379999965378 0.17924073860080725 0.3267086926476592
13.737019999649116 0.041055266453780104 0.03942012758508806
13.861249999644413 0.1759802991210958 0.3183559531266478
13.984469999639748 0.042511095196638315 0.03165091916882412
14.108699999635045 0.1728559189264144 0.3103526008823909
14.23191999963038 0.04416141237047966 0.024213207632917122
14.356149999625677 0.16986244491023827 0.3026848373921309
14.479369999621012 0.045997793114905594 0.017095282231893716
14.603599999616309 0.16699487656520617 0.29533909417533977
14.726819999611644 0.048012104209654516 0.010285772181806152
14.851049999606941 0.16424823759094154 0.28830225145473065
14.975279999602238 0.05022906747890665 0.003681036379188374
15.098499999597573 0.16161738256737157 0.2815610719283268
15.22272999959287 0.05257423656832915 0.0025356146435062676
15.345949999588205 0.15909746979351636 0.27510316927739087
15.470179999583502 0.054900687891807014 0.008478980972326244
15.593399999578837 0.156684072349901 0.26891724528083083
15.717629999574134 0.05712484210676661 0.014160183673173066
15.84084999956947 0.15437295808489948 0.2629925169561287
15.965079999564766 0.05925094722995173 0.019590107925582245
16.088299999560103 0.15215997201916853 0.25731841027896163
16.2125299995554 0.061283103558329555 0.024779286946263746
16.335749999550735 0.15004109743669103 0.2518847131183555
16.459979999546032 0.06322527314907078 0.0297378809525517
16.58420999954133 0.14798543434434908 0.24661245253551067
16.707429999536664 0.06508128706132166 0.034475819431178945
16.83165999953196 0.14604678314287323 0.2416394477811612
16.954879999527297 0.06685485480862363 0.039002766440277004
17.079109999522593 0.14419081969609382 0.23687797535453248
17.20232999951793 0.06855037206840697 0.04332802240034628
17.326559999513226 0.1424140646826776 0.2323193149243563
17.44977999950856 0.07017120375736552 0.04746068289763761
17.574009999503858 0.1407131163840435 0.22795485042931274
17.697229999499193 0.07172014109828506 0.05140974417997546
17.82145999949449 0.13908460609908124 0.22377597912502933
17.945689999489787 0.0732205543278096 0.05523454413498552
18.068909999485122 0.13752533311772475 0.21977452634619477
18.19313999948042 0.07463238743742895 0.058833594705132164
18.316359999475754 0.13603227815630792 0.2159427903268174
18.44058999947105 0.07598186942751217 0.062273529989165244
18.563809999466386 0.1346025849490411 0.21227349630611458
18.688039999461683 0.0772717748814491 0.06556147186597139
18.811259999457018 0.13323354412419353 0.20875974660546914
18.935489999452315 0.07850473519380208 0.06870417199937862
19.059719999447612 0.13190609938065156 0.20535290004103368
19.182939999442947 0.07968325237371299 0.07170804313019197
19.307169999438244 0.13065351624960164 0.20213791019992877
19.43038999943358 0.08080971068229659 0.07457918311851719
19.554619999428876 0.12945405950294786 0.1990592537404634
19.67783999942421 0.08188637201300675 0.07732337380724763
19.80206999941951 0.1283055068934763 0.19611122205601683
19.926299999414805 0.08293006443744566 0.07998326034261982
20.04951999941014 0.12720574102600812 0.1932883704824251
20.173749999405437 0.08391091361847036 0.08248319064235732
20.296969999400773 0.12615274273519916 0.19058550117678763
20.42119999939607 0.0848482493483873 0.08487218746630054
20.544419999391405 0.12514458505111148 0.18799764786783246
20.6686499993867 0.08574391418069927 0.08715492709919781
20.791869999382037 0.12417942709522067 0.18552006661444187
20.916099999377334 0.08659965763706923 0.08933584482466728
21.04032999937263 0.12324500097827618 0.18312140159068013
21.163549999367966 0.08741713683914454 0.09141915912144194
21.287779999363263 0.12236282630512942 0.1808566179849591
21.410999999358598 0.08819794268599634 0.09340892704915449
21.535229999353895 0.12151846277758992 0.1786888203387016
21.659459999349192 0.08895399410648797 0.09533534505717922
21.782679999344527 0.1207104562915291 0.1766140615162448
21.906909999339824 0.08966388570543682 0.09714420719784123
22.03012999933516 0.11993770028842456 0.17462855236786146
22.154359999330456 0.09034162524419531 0.09887105253161277
22.27757999932579 0.11919830998655934 0.1727286704499953
22.401809999321088 0.09098853499220094 0.10051925947832663
22.526039999316385 0.11848256389084388 0.17088958923561215
22.64925999931172 0.09160588679417114 0.10209207395348585
22.773489999307017 0.11780773153735837 0.1691553768800924
22.896709999302352 0.09219490470730018 0.10359261866011993
23.02093999929765 0.11716223428986916 0.16749644490222648
23.145169999292946 0.09276458551576128 0.1050436725727244
23.26838999928828 0.11654487137783376 0.16590970555675488
23.39261999928358 0.0932987315133812 0.10640425024638356
23.515839999278914 0.1159544857686662 0.16439218652708476
23.64006999927421 0.09380806698914579 0.10770154640478147
23.763289999269546 0.11538996335376228 0.16294103201019983
23.887519999264843 0.09429363279385883 0.10893821319084562
24.01174999926014 0.11484426423855022 0.16153830602553265
24.134969999255475 0.09475642890420322 0.11011679794875606
24.25919999925077 0.11432973009864056 0.16021542107131914
24.382419999246107 0.0951974135894309 0.11123973981901347
24.506649999241404 0.11383785313949346 0.15895068152951275
24.6308799992367 0.09562284851453473 0.11232284905978718
24.754099999232036 0.11336768368921368 0.1577416501194584
24.878329999227333 0.09602164042579919 0.1133381277154566
25.001549999222668 0.11291830360495947 0.15658596983486595
25.125779999217965 0.09640140208151271 0.11430483582002271
25.250009999213262 0.1124837621735395 0.15546848072742758
25.373229999208597 0.09676296089251168 0.11522508145175303
25.497459999203894 0.11207450103509786 0.1544157462043949
25.62067999919923 0.0971071192018177 0.11610091370154452
25.744909999194526 0.1116833460290142 0.15340947661647286
25.869139999189823 0.09743903641528961 0.11694537596143029
25.992359999185158 0.11130950760392257 0.15244764466604277
26.116589999180455 0.09774960825333488 0.11773548611492268
26.23980999917579 0.11095222999152055 0.15152831033126146
26.364039999171087 0.09804508749684082 0.11848707673431935
26.488269999166384 0.11060668883427294 0.15063919191246056
26.61148999916172 0.09832614869255785 0.11920186946832168
26.735719999157016 0.11028135556791563 0.14980182394621622
26.85893999915235 0.09859343821546429 0.11988151439655814
26.98316999914765 0.10997042431901993 0.14900141483654705
27.107399999142945 0.09885103072333568 0.1205363114866631
27.23061999913828 0.10967326387669042 0.14823634828424748
27.354849999133577 0.09909174722515135 0.12114814074248859
27.478069999128913 0.10938926963902851 0.1475050757425378
27.60229999912421 0.09932054444387861 0.12172955343950909
27.726529999119506 0.10911465973595437 0.14679797766121716
27.84974999911484 0.09953796269309856 0.12228192942793648
27.97397999911014 0.1088560559898648 0.14613187401709693
28.097199999105474 0.09974451935112337 0.12280658985713844
28.22142999910077 0.10860888896563849 0.14549513222013033
28.345659999096068 0.09994333129420852 0.12331140981688415
28.468879999091403 0.10837265391021011 0.14488645860535332
28.5931099990867 0.10012894489565716 0.12378263038231863
28.716329999082035 0.10814686749524316 0.1443046128784542
28.840559999077332 0.10030517848709997 0.12422991822876872
28.96478999907263 0.10792864674686165 0.1437422619465334
29.088009999067964 0.10047246300472447 0.12465437392444878
29.21223999906326 0.1077230007460983 0.143212123559866
29.335459999058596 0.10063121085718028 0.1250570507271176
29.459689999053893 0.10752642248834032 0.14270527012925083
29.58391999904919 0.10078373288697873 0.12544378130027178
29.707139999044525 0.10733850964060189 0.14222066934603816
29.831369999039822 0.10092603430538905 0.12580450168679924
29.954589999035157 0.10715887715110217 0.14175733328358753
30.078819999030454 0.10106097855177043 0.12614645574831052
30.20304999902575 0.10698538605783281 0.1413098228559062
30.326269999021086 0.10118890814329784 0.12647051831025102
30.450499999016383 0.10682170461252292 0.14088744731078906
30.57472999901168 0.10131195494381641 0.1267820770555872
30.697949999007015 0.10666520393193335 0.14048351577288232
30.822179999002312 0.10142636303779506 0.12707165388065045
30.945399998997647 0.10651556396309102 0.14009720716756657
31.069629998992944 0.10153473634820853 0.12734584206692823
31.19284999898828 0.10637247851073971 0.13972773598505128
31.317079998983576 0.10163735881630918 0.127605366857253
31.441309998978873 0.10623440497700853 0.13937118111229108
31.56452999897421 0.10173450192955502 0.1278509216929069
31.688759998969505 0.10610393603518564 0.13903411763094287
31.812989998964802 0.10182767621808586 0.12808631708846052
31.936209998960138 0.1059791478956793 0.1387116504816044
32.060439998976904 0.10191427038666234 0.12830497892396542
32.183659999016015 0.1058597864673453 0.13840312784233477
32.30788999905545 0.10199616100527108 0.128511652484542
32.43211999909488 0.10574444786367942 0.1381049779907273
