0.001020000000000002 0.4727826326593846 1.1817351689631383
0.08081000000000137 0.3094181181086187 0.7805039448413931
0.16161000000002085 0.43577217918310274 1.100307849206239
0.24140000000010065 0.30206758033704373 0.7566287559334528
0.32220000000018145 0.4081300892227597 1.02847998006258
0.40199000000026125 0.2931742009511746 0.7384361575302756
0.48178000000034105 0.38528504515181156 0.9663421835225394
0.5625800000000745 0.2844484424884058 0.7204173915945189
0.6423699999997113 0.36408573794060023 0.9098831863304069
0.7221599999993482 0.27675177467241857 0.7035351582685978
0.8029599999989805 0.3445736259731303 0.8586092258179523
0.8827499999986174 0.26892793912627144 0.6859522673498764
0.9625399999982542 0.3271645789085359 0.8128356691657901
1.0433399999983677 0.261367309046978 0.6689130393739751
1.1231299999988904 0.3105507615454536 0.7691457204384244
1.2029199999994131 0.25461839871275904 0.653812760753647
1.2827099999999358 0.2955454800252987 0.7296147665432295
1.3635100000004652 0.24765428828030528 0.6380255515254896
1.443300000000988 0.2812070205451123 0.691893233495644
1.5230900000015106 0.2413255229537046 0.6236956922698766
1.60389000000204 0.26775464432122453 0.6565329707926559
1.6836800000025627 0.23483654639401674 0.6088267609124731
1.7634700000030854 0.25562148524597655 0.6246114190594398
1.8432600000036081 0.22885425156317424 0.595117866568573
1.9240600000041375 0.24379918313445909 0.5935825664765915
2.00385000000466 0.22275922101074042 0.5810175634309411
2.083640000005183 0.23305046979093155 0.5653496298077987
2.1644400000057122 0.216762383017091 0.5670703364998197
2.244230000006235 0.22253804067174882 0.5378002117399472
2.3240200000067577 0.21133501131323415 0.5544724215528762
2.4038100000072804 0.21292586071406955 0.5125953517978177
2.4846100000078097 0.2056687690162061 0.5411919703670942
2.5644000000083325 0.20349533929919475 0.48792556334611437
2.644190000008855 0.2005184531885249 0.5291397393066277
2.723980000009378 0.19484081672975842 0.4652771976815795
2.8047800000099072 0.1951489614637896 0.5164633004037467
2.88457000001043 0.18632542742450975 0.44304908844252644
2.9643600000109527 0.19025349373876896 0.5049179642713786
3.0441500000114754 0.17849869424031478 0.4226154882362332
3.1249500000120047 0.1851564151651725 0.492797597797634
3.2047400000125275 0.17077632684938784 0.4025064898869335
3.28453000001305 0.18050980086031554 0.4817592780901214
3.364320000013573 0.16368035031501166 0.38402524751910416
3.4451200000141022 0.17567135372426176 0.470176338506878
3.524910000014625 0.15665788084994484 0.36578593014273686
3.6047000000151477 0.17126509272782403 0.459637395460899
3.6844900000156704 0.15021399627884102 0.3490465314408664
3.764280000016193 0.1669123581737487 0.4491853428827408
3.8450800000167225 0.14381228288246933 0.3324652275099149
3.924870000017245 0.1624919697125831 0.4385098074812577
4.0046600000175605 0.13795471167842785 0.31728918661279026
4.08445000001454 0.15837218149532253 0.4285571267158117
4.165250000011481 0.13210828889483145 0.30218647851092406
4.24504000000846 0.15417583108903207 0.41836545557039084
4.32483000000544 0.12677962420894498 0.28841221480347956
4.404620000002419 0.15028901316685053 0.4089271678194173
4.48541999999936 0.121428558318113 0.2746214003339076
4.565209999996339 0.14631375872048133 0.3992286150303892
4.644999999993319 0.11657303215246578 0.262096584788829
4.724789999990298 0.14265814449323796 0.39031472651455124
4.804579999987277 0.11188715454430584 0.25002364719211023
4.8853799999842185 0.1388978599487657 0.3811069158940139
4.965169999981198 0.10722725437010563 0.2380464968587237
5.044959999978177 0.1354672215526813 0.37271260917971505
5.1247499999751565 0.10294391043196903 0.22702839387639395
5.204539999972136 0.13210362245180715 0.3644666026634935
5.285339999969077 0.09864807825994439 0.2160023353706797
5.365129999966056 0.12869645699945656 0.3560900898480046
5.4449199999630356 0.0947238213784968 0.20592252181396153
5.524709999960015 0.12554359183201483 0.3483402953901149
5.604499999956994 0.09092590561899365 0.19617745952923427
5.685299999953935 0.12231878560042565 0.3403931197608845
5.765089999950915 0.08714450444229885 0.18649206727499035
5.844879999947894 0.11936164517018565 0.3331064658668281
5.924669999944873 0.08365060884103916 0.177541636432188
6.004459999941853 0.11646259402542643 0.3259523263759334
6.085259999938794 0.08013501092006471 0.16855092236913727
6.165049999935773 0.1135282481571096 0.3186972088985218
6.244839999932752 0.07691322467921102 0.1603090645983518
6.324629999929732 0.11080499381755748 0.3119614089778122
6.404419999926711 0.07378459807303728 0.15231312716256218
6.485219999923652 0.10801775103829189 0.3050542955705504
6.5650099999206315 0.07065423803309671 0.14432390137311124
6.644799999917611 0.10545863303585176 0.29871165900443586
6.72458999991459 0.06775695375386714 0.13692993865100922
6.8043799999115695 0.10294916055440227 0.29248560632720855
6.885179999908511 0.06482479344852592 0.1294573261281351
6.96496999990549 0.10040411698479215 0.28616148007695186
7.044759999902469 0.06213697917078387 0.12260725038257814
7.124549999899449 0.09804516738604098 0.28029924436592246
7.204339999896428 0.059520884116529005 0.11594306562706658
7.285139999893369 0.09562523702754491 0.2742756861268014
7.364929999890348 0.056887960681046734 0.10924305356613262
7.444719999887328 0.09340804008256835 0.2687577566592325
7.524509999884307 0.05445383869534495 0.10304948799999547
7.604299999881286 0.09123427845718385 0.26334372314776866
7.6850999998782275 0.05197469521104861 0.09674815391655933
7.764889999875207 0.08902247946680909 0.257826865042865
7.844679999872186 0.04970605931904888 0.09098211867401007
7.9244699998691654 0.08697865613306684 0.25273000033716464
8.004259999866145 0.04749251589415377 0.08535939108725854
8.085059999863086 0.0848748497667503 0.24747600613107545
8.164849999860065 0.0452513056642272 0.07967028438982116
8.244639999857045 0.08295382114693807 0.24268029253459167
8.324429999854024 0.043185072710990376 0.07442400051763665
8.404219999851003 0.08107120019848302 0.2379780440278867
8.484009999847983 0.04116792784079306 0.06930432560992017
8.564809999844924 0.07914937619878698 0.23317255151852345
8.644599999841903 0.03913834930233896 0.06415569083092487
8.724389999838882 0.07738119428121755 0.22875324619929804
8.804179999835862 0.037252814524702284 0.059372195575235764
8.883969999832841 0.07564959687925607 0.22442408450048523
8.964769999829782 0.035334451303086475 0.05450757053180322
9.044559999826761 0.07389652089030727 0.22003779625759945
9.12434999982374 0.03357149595237776 0.05003593206216461
9.20413999982072 0.07227177703642339 0.2159747897565012
9.2839299998177 0.031849776719018494 0.045668645829277654
9.36472999981464 0.07060835557300955 0.2118122140716161
9.44451999981162 0.030110672296668427 0.04125702877788573
9.5243099998086 0.06908488168586781 0.2080022625401079
9.604099999805578 0.028501058368034085 0.03717237998300815
9.683889999802558 0.06759416768180053 0.20427405122476205
9.764689999799499 0.02685717946049812 0.03300217194045496
9.844479999796478 0.06608037813589436 0.20048634980310842
9.924269999793458 0.025352343939796643 0.029182774085423357
10.004059999790437 0.06468389495714545 0.1969942002238878
10.083849999787416 0.023882872508708637 0.025452959533434072
10.163639999784396 0.06331841392307538 0.1935795282187458
10.244439999781337 0.022393128316966264 0.021672940504258165
10.324229999778316 0.06194298321652102 0.19013884419462057
10.404019999775295 0.021020122533768306 0.018187294818772237
10.483809999772275 0.060669660050062676 0.18694357314338328
10.563599999769254 0.01968064228904156 0.014785161009123193
10.644399999766195 0.059390727740473034 0.18368822748902058
10.724189999763174 0.018332852508712923 0.011362759625643815
10.803979999760154 0.058225842999144586 0.1807000978177209
10.883769999757133 0.01708235713452016 0.008185843212149546
10.963559999754112 0.057094195803432696 0.17778016889510306
11.044359999751054 0.015810800084296785 0.0049568919673115275
11.124149999748033 0.0559570764939496 0.17482856863682006
11.203939999745012 0.01464400919353883 0.0019923731816806622
11.283729999741992 0.05491063983787681 0.17209911857017923
11.36351999973897 0.013524662105636388 0.0008989999207176247
11.444319999735912 0.05384609590453353 0.16930921994021686
11.524109999732891 0.012595067077286594 0.003816249550347983
11.60389999972987 0.0528754510186872 0.16675892577240337
11.68368999972685 0.011926146744542277 0.0065120664409112905
11.76347999972383 0.05193326469262653 0.16426796091257856
11.84427999972077 0.011405612308201807 0.009260527306764743
11.92406999971775 0.050978941179962725 0.16174131520498847
12.003859999714729 0.011054822852507893 0.011772471194548828
12.083649999711708 0.050105471080654405 0.1594150050318155
12.163439999708688 0.010814900660321208 0.01422096563633568
12.243229999705667 0.04925374149951352 0.15714386335312636
12.324029999702608 0.010665205064649654 0.01669989745443079
12.403819999699587 0.048400354041246534 0.15485740532009684
12.483609999696567 0.010602598720038426 0.01898020510443521
12.563399999693546 0.04761040268142603 0.1527373927227238
12.643189999690525 0.010604521585585848 0.021202266411768367
12.723989999687467 0.04681074647279876 0.15057883301003994
12.803779999684446 0.010661424252577595 0.023436999301440498
12.883569999681425 0.04607809162239695 0.14860053387230066
12.963359999678405 0.01076101603033935 0.025506213428272417
13.043149999675384 0.045365317862445145 0.1466697421883434
13.123949999672325 0.01090240982510246 0.027609931984595715
13.203739999669304 0.04464833305688361 0.14471777623863424
13.283529999666284 0.011065323951711748 0.029536313516409507
13.363319999663263 0.043986567869941685 0.14291632586895808
13.443109999660242 0.011252780076289543 0.03141326087396923
13.523909999657183 0.043313716438820454 0.14107407727734778
13.603699999654163 0.01146794055783867 0.03330908415922762
13.683489999651142 0.042700303699013537 0.13939345951891058
13.763279999648121 0.011689620507207874 0.03505605808894474
13.8430699996451 0.04210243044323148 0.13775328942684517
13.92285999964208 0.011923565369449047 0.03675777220699672
14.003659999639021 0.04149964060980788 0.1360874177464888
14.083449999636 0.01217783022677485 0.03846561838681817
14.16323999963298 0.04094596413072883 0.1345574078458589
14.24302999962996 0.01242809809992145 0.040049198223290894
14.322819999626939 0.04040587830433466 0.13306459784778735
14.40361999962388 0.012696736567199444 0.04165626468330963
14.483409999620859 0.03986476412053809 0.13155856011418665
14.563199999617838 0.012955993953314395 0.04312960977458369
14.642989999614818 0.03936446067444464 0.13016619425193499
14.722779999611797 0.013219385554406651 0.04456474813890887
14.803579999608738 0.03885419697027108 0.12874513970428936
14.883369999605717 0.013495672298837377 0.04601235823343819
14.963159999602697 0.0383908459913749 0.12744676693761114
15.042949999599676 0.013759788202195712 0.047347756746607406
15.122739999596655 0.037939781640167744 0.12618013742923262
15.202529999593635 0.01402504932255005 0.04864845825356401
15.283329999590576 0.03748248606755529 0.12489579621023372
15.363119999587555 0.01429900516089712 0.04995262685564272
15.442909999584534 0.03706195865381971 0.12371484244992903
15.522699999581514 0.01456026335301312 0.05116307832000455
15.602489999578493 0.03665482041940564 0.12256303080236952
15.683289999575434 0.014831947891490402 0.05239068892196608
15.763079999572414 0.036244733422120735 0.12140253727171979
15.842869999569393 0.015087164084054186 0.05351705339607937
15.922659999566372 0.0358652561288391 0.12032877448509005
16.002449999563353 0.015340646689901581 0.05461428521258416
16.083249999560294 0.03547847166048086 0.11923415482623101
16.163039999557274 0.015601855099419708 0.05572057585696566
16.242829999554253 0.03512778456056535 0.11823337576317705
16.322619999551232 0.015847367704484534 0.056741704520280045
16.40240999954821 0.034786073171215695 0.11725738057845048
16.48219999954519 0.016089625516144047 0.05773635948763678
16.562999999542132 0.03443991981401477 0.1162685479438541
16.64278999953911 0.016335938691612904 0.058733431121904545
16.72257999953609 0.03412146321695699 0.11535895631712423
16.80236999953307 0.016569220515590507 0.05965920440640371
16.88215999953005 0.033812196604078894 0.11447204579873027
16.96295999952699 0.01680821526341884 0.06059805559879283
17.04274999952397 0.03350207819257779 0.11357890150960337
17.12253999952095 0.017030116323294032 0.06145964432543449
17.20232999951793 0.0332150504746016 0.11275236547882983
17.282119999514908 0.017249867172892723 0.06229900727894311
17.36291999951185 0.032922600014365165 0.11191007500859218
17.44270999950883 0.01747279610330027 0.06314541135290508
17.522499999505808 0.03265515823260236 0.11113993245905895
17.602289999502787 0.017681833842638633 0.06392667724293144
17.682079999499766 0.032395719965528195 0.11038899134574454
17.761869999496746 0.017886699405413892 0.06468775113437353
17.842669999493687 0.03213381238485739 0.109628253971783
17.922459999490666 0.018094552628345535 0.06545090059452141
18.002249999487645 0.031892881205998244 0.10892854997234247
18.082039999484625 0.01828900423739365 0.06615939228465928
18.161829999481604 0.031657993912375455 0.10824638467425984
18.242629999478545 0.018488436534025356 0.06687820722345306
18.322419999475525 0.03142154080666557 0.10755935985412579
18.402209999472504 0.01867222963464777 0.06753770315371943
18.481999999469483 0.031203103315790973 0.10692373828082857
18.561789999466463 0.0188534929410309 0.06818026079216111
18.642589999463404 0.030982331990771987 0.1062758855185475
18.722379999460383 0.019036354898194295 0.0688285717412751
18.802169999457362 0.030780502494205355 0.10568372535634252
18.88195999945434 0.01920750550476569 0.06942678956128878
18.96174999945132 0.030583726637943103 0.10510638731441313
19.0415399994483 0.019374544580888498 0.07000962379040132
19.12233999944524 0.030384350266498873 0.10452132982985418
19.20212999944222 0.019542650698517537 0.07059442679960837
19.2819199994392 0.030201021340752306 0.10398346038984485
19.36170999943618 0.01970057094343478 0.07113712442611275
19.44149999943316 0.03002230317729029 0.10345911673087516
19.5222999994301 0.019860890267213438 0.07168812944817748
19.60208999942708 0.029843235611591887 0.10293080644020458
19.68187999942406 0.02000818548719411 0.07219341822567449
19.761669999421038 0.029678243670776722 0.1024422992781826
19.841459999418017 0.02015356976488827 0.07268579460257829
19.92225999941496 0.029510022953807172 0.10194414925749351
20.002049999411938 0.020300350728897493 0.0731829585793986
20.081839999408917 0.029356323129607544 0.10148909719611687
20.161629999405896 0.020435724082481527 0.07364145330093219
20.241419999402876 0.029206478768778157 0.10104546182079233
20.321209999399855 0.02056843952197851 0.07408820798978644
20.402009999396796 0.029054567785478935 0.10059563737467858
20.481799999393775 0.020702757199355444 0.07453682444372722
20.561589999390755 0.028914973089088806 0.10018237074655989
20.641379999387734 0.020827335144562833 0.07495288450787285
20.721169999384713 0.028778893654711864 0.09977951431272558
20.801969999381654 0.020953911046184194 0.07537566046141864
20.881759999378634 0.02864268582945382 0.09937334910128381
20.961549999375613 0.021069912029954823 0.07576309909768097
21.041339999372592 0.028517111653521738 0.0989980564717774
21.121129999369572 0.02118443699121283 0.07614067087611254
21.201929999366513 0.028388994988656074 0.09861509844173444
21.281719999363492 0.0213002217333577 0.07652223422006665
21.36150999936047 0.028272021449815554 0.09826553461522725
21.44129999935745 0.02140692916205406 0.07687387045791638
21.52108999935443 0.028157984721800963 0.09792475196158668
21.60087999935141 0.02151091076329261 0.07721653140150275
21.68167999934835 0.028042293080412214 0.097578966652756
21.76146999934533 0.021615403433764002 0.07756091632820095
21.84125999934231 0.02793606281248863 0.09726153749033406
21.92104999933929 0.02171258025103831 0.07788007395673757
22.000839999336268 0.02783251014739525 0.09695211464041398
22.08163999933321 0.021812354566037553 0.07820467145851495
22.16142999933019 0.027728044350951317 0.09663991477923961
22.241219999327168 0.021903720173677994 0.07850190996522288
22.321009999324147 0.02763157685844468 0.09635168776206404
22.400799999321126 0.021992764019336995 0.07879160210447766
22.481599999318068 0.027533923294137397 0.09605734548366884
22.561389999315047 0.022082821671311512 0.07908462147810935
22.641179999312026 0.027444955925638958 0.0957889018712188
22.720969999309006 0.022165751839842616 0.0793544464249174
22.800759999305985 0.02735822413490247 0.09552720939716153
22.880549999302964 0.022246569466321316 0.0796174048616538
22.961349999299905 0.027270163553052115 0.09526146045479855
23.041139999296885 0.02232785924802404 0.07988192881860368
23.120929999293864 0.02718946794823378 0.09501772241312656
23.200719999290843 0.022403761736463572 0.08012687874059399
23.280509999287823 0.027110821005767866 0.09478013813533082
23.361309999284764 0.022481350730164246 0.08037623634254976
23.441099999281743 0.027031415187238107 0.0945402207078061
23.520889999278722 0.022552340411345784 0.08060438907518952
23.6006799992757 0.026958153905325827 0.09431892958713384
23.68046999927268 0.022621530922102177 0.08082676605012384
23.76025999926966 0.02688674740368119 0.09410324682260773
23.8410599992666 0.022691575794968256 0.08105190927194528
23.92084999926358 0.026815054284556883 0.0938866641244207
24.00063999926056 0.02275602154311676 0.08125905803874067
24.08042999925754 0.026748534876611878 0.09368576574831922
24.16021999925452 0.022818892319263838 0.08146094997398823
24.24101999925146 0.026680937729943916 0.09348157319000183
24.32080999924844 0.022882207987142165 0.0816642372393428
24.40059999924542 0.026618979532326174 0.09329447291323012
24.480389999242398 0.02294078836737254 0.08185232269818377
24.560179999239377 0.026558785575660986 0.09311209935161102
24.64097999923632 0.02300047597275406 0.08204397648194917
24.720769999233298 0.02649838170545231 0.0929277685647878
24.800559999230277 0.023055038690401104 0.08221918255174598
24.880349999227256 0.026442704458784726 0.09275791467124872
24.960139999224236 0.02310854678696401 0.08238996523944886
25.039929999221215 0.026388437136873485 0.092592367594857
25.120729999218156 0.023163090416806646 0.08256303955178623
25.200519999215135 0.026333902641104443 0.09242597692803445
25.280309999212115 0.023213228993173973 0.08272214363092001
25.360099999209094 0.026283351978802834 0.09227178872286412
25.439889999206073 0.023262096739511594 0.08287722082719329
25.520689999203015 0.026231934964435752 0.09211492484524353
25.600479999199994 0.02331134563841728 0.0830335218182987
25.680269999196973 0.026184852874249317 0.09197133682578018
25.760059999193953 0.0233568702311299 0.08317800881199044
25.839849999190932 0.02613895882974208 0.0918313773088153
25.920649999187873 0.02340330126483014 0.08332538061964767
26.000439999184852 0.026092537230525126 0.09168978076729006
26.08022999918183 0.023445707013004878 0.0834599875038311
26.16001999917881 0.026049790218498795 0.09155943817572565
26.23980999917579 0.023487043254491777 0.08359120489784821
26.31959999917277 0.026008125600382844 0.09143240112179374
26.40039999916971 0.023528972377179984 0.08372431345392561
26.48018999916669 0.025966216003274093 0.0913045934678891
26.55997999916367 0.023567480285362746 0.08384657040295673
26.63976999916065 0.025927406510434698 0.09118628067832368
26.719559999157628 0.023605014455427516 0.08396574106726007
26.80035999915457 0.02588789368946261 0.09106579581543706
26.88014999915155 0.023642878941370644 0.08408597072473434
26.959939999148528 0.02585174855009124 0.09095562386678413
27.039729999145507 0.023677848179146244 0.08419701477059283
27.119519999142486 0.02581651519800042 0.09084823585728818
27.199309999139466 0.023711930879313087 0.08430524860263411
27.280109999136407 0.025780841956356965 0.09073948339661797
27.359899999133386 0.023746125503434374 0.08441384914961159
27.439689999130366 0.025748025676815202 0.0906394800100907
27.519479999127345 0.023777882140936048 0.08451471252944875
27.599269999124324 0.02571603992471601 0.09054201214788726
27.680069999121265 0.023810126517715087 0.0846171309871413
27.759859999118245 0.025683834316087853 0.09044385453728099
27.839649999115224 0.023839712880699644 0.08471111712037294
27.919439999112203 0.02565404119427742 0.09035308497334915
27.999229999109183 0.02386855294031749 0.08480273705682162
28.080029999106124 0.02562367769540327 0.0902605539542467
28.159819999103103 0.02389797413360985 0.0848952633479283
28.239609999100082 0.02559612706717872 0.09017603435932386
28.31939999909706 0.023925157175374284 0.0849806453214863
28.39918999909404 0.02556936940150797 0.09009364967200728
28.47897999909102 0.023951652760190564 0.08506387244797686
28.55977999908796 0.025542250458791285 0.0900101324059599
28.63956999908494 0.023978262293331307 0.08514746529049155
28.71935999908192 0.025517329077389003 0.08993341708609659
28.7991499990789 0.024002951815881718 0.08522503407280002
28.87893999907588 0.025493038027943105 0.08985864621747774
28.95973999907282 0.024028045859569473 0.08530387680063534
29.0395299990698 0.02546855546229385 0.08978326902476796
29.11931999906678 0.024051050112663723 0.08537616531670844
29.199109999063758 0.02544593024464661 0.08971364076878485
29.278899999060737 0.024073475475116603 0.08544663886729253
29.35969999905768 0.02542284840196714 0.0896425869614581
29.439489999054658 0.024096143795899177 0.0855178802408596
29.519279999051637 0.025401777640269203 0.08957775712051808
29.599069999048616 0.024117040425163955 0.0855835635179436
29.678859999045596 0.025381237744953447 0.0895145644703832
29.758649999042575 0.024137409819300102 0.08564759357603258
29.839449999039516 0.025360399309467093 0.089450436262839
29.919239999036495 0.024157887356122183 0.08571196905293732
29.999029999033475 0.02534126963928191 0.08939159634904215
30.078819999030454 0.024176869967940415 0.0857716531948105
