0.001020000000000002 0.05871722790611646 0.14726506887896562
0.029299999999998976 0.03793908421009402 0.09444207533738647
0.05758000000000696 0.057730468279550834 0.14740098839514104
0.0848499999999998 0.03794383307252748 0.0935303736467108
0.11413999999998845 0.05700736141739598 0.146224938117967
0.14141000000000065 0.03751937640569077 0.09179383281119335
0.16969000000002893 0.0570823119989336 0.14593693398856633
0.1979700000000572 0.036888659917895986 0.09085765074893226
0.2262500000000855 0.056645020848004414 0.14404961430810603
0.2545300000001138 0.03624449384821064 0.08987458473995735
0.28281000000014206 0.05612784437672058 0.1424127080591142
0.31109000000017034 0.035672701416454414 0.08846972706969547
0.3393700000001986 0.05552202570047722 0.14106888102997095
0.3676500000002269 0.035129573485528684 0.08683948977631362
0.3959300000002552 0.05489467222965813 0.13972566141732257
0.42421000000028347 0.034554910603029 0.08525356355779667
0.45148000000031074 0.054879994474076585 0.13969817253427497
0.479760000000339 0.034585381599892516 0.08536311153563014
0.5080400000003227 0.054367332088021504 0.1383715075947589
0.536320000000194 0.03405355260389691 0.08410215642765673
0.5646000000000653 0.05384679874472575 0.1369805526550416
0.5928799999999366 0.03350973973664178 0.0827954658854324
0.6211599999998079 0.053305109116877664 0.13558791595722486
0.6494399999996792 0.03296088591374168 0.08141635521491386
0.6777199999995505 0.05274355293525592 0.13419179159325223
0.7059999999994218 0.032402311332958386 0.07998939547705364
0.734279999999293 0.05216934221011324 0.13276418829636372
0.761549999999169 0.032416738531498 0.08002351614693204
0.7898299999990402 0.052223224334451174 0.13289468375488056
0.8181099999989115 0.03192532299126507 0.07878988194781611
0.8463899999987828 0.05172334809881209 0.1316282368320043
0.8746699999986541 0.031418912608736374 0.07752778281602257
0.9029499999985254 0.05121060833812763 0.1303269674235219
0.9312299999983967 0.03089982771047922 0.07623079682569367
0.959509999998268 0.05068434815489819 0.12899749808311656
0.9877899999981393 0.030369050518033503 0.07489837154849299
1.016069999998189 0.05014531883152358 0.12764021981651608
1.0433399999983677 0.030363970138738938 0.07488690237278384
1.071619999998553 0.050178720212642636 0.12772128536928662
1.0998999999987382 0.029900684133527054 0.07372319822066542
1.1281799999989235 0.04970701195046014 0.1265321969227795
1.1564599999991088 0.02942410131187945 0.07252745471213462
1.184739999999294 0.04922275483453207 0.12531036436848053
1.2130199999994793 0.028934870372036462 0.07130043827505705
1.2412999999996646 0.048726281326663366 0.12405788910658799
1.2695799999998498 0.028433675024123875 0.07004273616714185
1.297860000000035 0.048218004845216614 0.12277649472443031
1.3251300000002137 0.02841143145862803 0.06998860647144944
1.353410000000399 0.04823298302604604 0.12281135385963093
1.3816900000005843 0.02797450428873937 0.06889176487155924
1.4099700000007696 0.04778853133439862 0.12169109176789483
1.4382500000009548 0.02752504932470505 0.06776326753022976
1.46653000000114 0.04733185613116549 0.12054009661605081
1.4948100000013254 0.027063545826712464 0.06660444994569525
1.5230900000015106 0.04686344810712193 0.11935961025837383
1.551370000001696 0.02659050184866774 0.06541649886573353
1.5796500000018812 0.04638377910823471 0.11815093834829371
1.6079300000020664 0.026106422615549622 0.06420059065016526
1.635200000002245 0.046381941290800366 0.1181440834680525
1.6634800000024303 0.026141080267545514 0.06428913176250717
1.6917600000026156 0.045963068472711324 0.11708861057385667
1.7200400000028009 0.025717177458236092 0.06322442935452477
1.7483200000029862 0.04553244455399545 0.11600370035774743
1.7766000000031714 0.025281741917658935 0.06213059423511025
1.8048800000033567 0.04509054308256212 0.11489051342811196
1.833160000003542 0.024835241888535108 0.06100882136873542
1.8614400000037272 0.04463783087297921 0.11375022120277967
1.8897200000039125 0.02437814545611102 0.05986028500469809
1.9169900000040911 0.04462075469766378 0.11370555063754395
1.9452700000042764 0.024395761298871523 0.059905595183173954
1.9735500000044617 0.0442259415537715 0.11271103739929345
2.001830000004647 0.023995982257816788 0.05890116811115842
2.030110000004832 0.04381989340097168 0.11168826108055585
2.0583900000050175 0.023585147868913914 0.05786883287332012
2.0866700000052028 0.04340302427276331 0.11063834059917843
2.114950000005388 0.023163704398547945 0.05680972177446453
2.1432300000055733 0.042975779648533885 0.1095623895139397
2.1715100000057586 0.022732095674722 0.055724957787228746
2.199790000005944 0.0425386017708276 0.1084615160895197
2.2270600000061225 0.022734271093951174 0.05573116324220084
2.2553400000063077 0.04257283860377568 0.10854632669607955
2.283620000006493 0.022357261535650864 0.05478371049533193
2.3119000000066783 0.04218992147565392 0.10758203876668482
2.3401800000068635 0.021969655101994563 0.05380952836137043
2.368460000007049 0.04179662672454908 0.10659170151969821
2.396740000007234 0.02157187678415008 0.052809690928434794
2.4250200000074194 0.041393378245608355 0.10557637721808621
2.4533000000076046 0.021164348897504005 0.05178526526090632
2.48158000000779 0.04098059717117735 0.10453712156566208
2.5088500000079685 0.021152561201373234 0.05175615725270255
2.537130000008154 0.04099942969861732 0.10458344268471365
2.565410000008339 0.020797043885276683 0.050862551567076864
2.5936900000085243 0.04063832903517205 0.10367425436625943
2.6219700000087096 0.02043137126733038 0.04994334452849136
2.650250000008895 0.04026727904584731 0.1027400794738842
2.67853000000908 0.020055947655545466 0.048999556667206345
2.7068100000092654 0.03988668306842344 0.10178192990277779
2.7350900000094507 0.019671174833093028 0.04803220201798908
2.763370000009636 0.03949694185867537 0.1008008111574421
2.791650000009821 0.019277451867205257 0.047042287685283846
2.81892000001 0.03950178727936366 0.10081214241859371
2.847200000010185 0.019311560498591233 0.04712853921798876
2.8754800000103704 0.039161270223994085 0.09995489438032745
2.9037600000105557 0.01896660148924511 0.046261292400617826
2.932040000010741 0.038811216746979335 0.0990736882126142
2.960320000010926 0.01861229651690442 0.04537049490482836
2.9886000000111115 0.03845201055616822 0.09816948713229356
3.0168800000112967 0.018249027743221267 0.044457110594564586
3.045160000011482 0.038084032922577817 0.09724324830978626
3.0734400000116673 0.017877174780533116 0.04352209686167008
3.100710000011846 0.038076206827422944 0.09722285273584541
3.128990000012031 0.017897230943356542 0.04357289465771741
3.1572700000122165 0.037755114611238365 0.09641458935989444
3.1855500000124017 0.01757183443922646 0.042754750634155236
3.213830000012587 0.037424902706282355 0.09558336059708461
3.2421100000127723 0.01723748147160961 0.041914043982294036
3.2703900000129575 0.037085937335148284 0.09473008297110619
3.298670000013143 0.016894535488194466 0.04105169093375771
3.326950000013328 0.03673856171596453 0.09385566730580885
3.3552300000135133 0.016543357549721888 0.04016860167124214
3.3835100000136986 0.03638313601773475 0.09296101832888537
3.4107800000138773 0.016550651641209103 0.04018721623477717
3.4390600000140625 0.03641656390991128 0.09304453006694358
3.467340000014248 0.016243731162818915 0.039415468975889656
3.495620000014433 0.03610508581999726 0.09226047000704396
3.5239000000146183 0.015928228576145287 0.03862210695634305
3.5521800000148036 0.03578519936753951 0.09145527305718382
3.580460000014989 0.015604489496763883 0.03780800114366878
3.608740000015174 0.035457249425654744 0.09062980571589163
3.6370200000153594 0.01527285730594218 0.036974016854396385
3.6653000000155447 0.03512157856380673 0.08978492874019972
3.6925700000157233 0.015268585584545663 0.036963475305273885
3.7208500000159086 0.0351422376650535 0.0898364056406531
3.749130000016094 0.01497911522606256 0.03623556352680968
3.777410000016279 0.03484843162325764 0.08909687234825991
3.8056900000164644 0.01468142240246458 0.03548694637054428
3.8339700000166497 0.03454656774311167 0.08833708023481268
3.862250000016835 0.014375835744340822 0.034718451775372916
3.89053000001702 0.034236973976713006 0.08755785347204226
3.9188100000172055 0.014062681793015588 0.033930902401047014
3.9470900000173907 0.033919976117326625 0.08676001083728346
3.9743600000175694 0.01404795305746703 0.033894007293944206
4.002640000017637 0.03392902754221132 0.0867823561940595
4.030920000016566 0.01377496381334422 0.033207507559929184
4.059200000015496 0.03365191020088948 0.08608486140162519
4.087480000014425 0.0134940974893359 0.032501174901355956
4.1157600000133545 0.033367071907904985 0.0853679524614015
4.144040000012284 0.01320566654567522 0.03177579635074146
4.172320000011213 0.03307482449583957 0.08463241317130388
4.200600000010143 0.012909981486886431 0.031032154001231493
4.228880000009072 0.03277547777269264 0.08387902226552058
4.257160000008001 0.012607350730832158 0.030271024666139734
4.284430000006969 0.032773999810179234 0.08387493519022016
4.312710000005898 0.012628399579391741 0.030324119844726827
4.340990000004828 0.032512643014664326 0.08321713316022938
4.369270000003757 0.012363430493138856 0.029657743730737707
4.397550000002687 0.03224389507055973 0.08254072898513654
4.425830000001616 0.012091212989723033 0.02897311981161499
4.454110000000545 0.03196808212191764 0.08184646797902984
4.482389999999475 0.011812042307769721 0.028270991604473217
4.510669999998404 0.03168546396191908 0.08113509071444591
4.5389499999973335 0.01152621173203589 0.02755209768920963
4.566219999996301 0.03167445899136943 0.08110707859153576
4.5944999999952305 0.011536683121719177 0.027578551661078254
4.62277999999416 0.03142802387281662 0.0804867564387024
4.651059999993089 0.011286732910996179 0.02694992973298893
4.679339999992019 0.031174503314874518 0.07984861232819274
4.707619999990948 0.01102983791111385 0.026303825913387424
4.735899999989877 0.0309141791413116 0.07919335491548551
4.764179999988807 0.010766278830572306 0.02564094703306763
4.792459999987736 0.030647331406039344 0.07852168841947504
4.820739999986666 0.010496334548467285 0.02496199530266363
4.849019999985595 0.03037423826947366 0.0778343123083669
4.876289999984563 0.010497205976801099 0.024964273263494707
4.904569999983492 0.030395346849242035 0.0778871479320209
4.932849999982421 0.010261444298963968 0.024371322192107137
4.961129999981351 0.030156178881538064 0.07728514439042655
4.98940999998028 0.010019029320554085 0.023761624197848885
5.0176899999792095 0.02991049172612391 0.07666674195133671
5.045969999978139 0.009770227923942446 0.02313585122315498
5.074249999977068 0.029658551645765793 0.07603261021432717
5.102529999975998 0.009515305279146779 0.022494670887718282
5.130809999974927 0.029400623131463355 0.07538341433050988
5.158079999973895 0.009507484072623917 0.022475060247129086
5.186359999972824 0.029412101457320972 0.07541205053948064
5.214639999971753 0.009285125915073201 0.021915809443595613
5.242919999970683 0.02918649222347073 0.0748441856046611
5.271199999969612 0.009056394239835563 0.02134051692652683
5.299479999968542 0.028954636912894356 0.07426060796220657
5.327759999967471 0.008821542771863934 0.020749821452525907
5.3560399999664 0.028716788665081625 0.07366195425368982
5.38431999996533 0.00858082363654655 0.020144357744056318
5.412599999964259 0.02847319896169527 0.07304885696033381
5.4408799999631885 0.008334487248653811 0.019524756208011418
5.468149999962156 0.028475931577462883 0.07305551418246292
5.4964299999610855 0.008355454742857966 0.01957756568612412
5.524709999960015 0.028263130763628297 0.07251989642585999
5.552989999958944 0.008139652892628373 0.019034786189819908
5.581269999957874 0.028044354020182675 0.0719692248632775
5.609549999956803 0.007917987233585808 0.018477248764492415
5.637829999955732 0.027819869527951176 0.07140410477270986
5.666109999954662 0.007690697477783951 0.01790555683568451
5.694389999953591 0.02758988196694131 0.07082513754045339
5.722669999952521 0.007458021737679559 0.017320309797541622
5.749939999951488 0.027584691226270223 0.07081187852981952
5.778219999950418 0.007470217852803551 0.01735103812884331
5.806499999949347 0.02738402843473309 0.07030672061422161
5.834779999948276 0.007266633222935492 0.016838981356392946
5.863059999947206 0.027177634514908428 0.06978714144222353
5.891339999946135 0.0070574305111145395 0.01631278570192185
5.9196199999450645 0.026965738198852368 0.06925371645026823
5.947899999943994 0.006842837620869769 0.015773024828313886
5.976179999942923 0.02674856676776934 0.06870701743069141
6.004459999941853 0.00662308095752815 0.015220268624760447
6.032739999940782 0.026526345953306683 0.06814761228256527
6.06000999993975 0.0066273070780013205 0.015230934549825825
6.088289999938679 0.026546979406927913 0.0681993699779837
6.116569999937608 0.006435265709227466 0.014747906923107124
6.144849999936538 0.026352253459268168 0.06770916857073983
6.173129999935467 0.006237842105761421 0.014251334465731347
6.201409999934397 0.026152255274125645 0.06720570007897608
6.229689999933326 0.006035252937123475 0.013741762533592272
6.257969999932255 0.02594720093019525 0.06668950813677466
6.286249999931185 0.005827713471373333 0.013219732953251295
6.314529999930114 0.02573730505690865 0.0661611327350764
6.341799999929082 0.005824713969469918 0.013212211312940703
6.370079999928011 0.02574995318116408 0.06619281032658186
6.3983599999269405 0.005643578452743119 0.012756610819397718
6.42663999992587 0.0255662517239599 0.06573036555624912
6.454919999924799 0.005457287035822958 0.01228803550216151
6.483199999923729 0.025377498965203374 0.06525520931650597
6.511479999922658 0.005266045701429822 0.011807003794939153
6.539759999921587 0.02518390032806125 0.06476785845312971
6.568039999920517 0.005070059122119235 0.011314030830666955
6.596319999919446 0.024985659878487786 0.06426882640112597
6.623589999918414 0.005060525020924439 0.011290061868629575
6.651869999917343 0.024991048605475488 0.06428224843043617
6.680149999916273 0.0048896925183188975 0.010860373173149362
6.708429999915202 0.02481776312416522 0.06384602747621093
6.736709999914131 0.004713921293734527 0.010418256534716619
6.764989999913061 0.024639664928810995 0.06339762838335483
6.79326999991199 0.00453340716519547 0.009964204782320074
6.8215499999109195 0.02445694020846719 0.06293754251255335
6.849829999909849 0.004348344724941345 0.009498707658717187
6.878109999908778 0.024269766613355732 0.0624662580333446
6.906389999907708 0.0041589272575597944 0.009022251611567889
6.933659999906675 0.024268570555856933 0.06246311986281006
6.961939999905605 0.004171817513713705 0.009054695554711056
6.990219999904534 0.024105164918873812 0.06205167334129014
7.018499999903463 0.004005987539499539 0.00863758206918197
7.046779999902393 0.023937124644521433 0.06162856054223731
7.075059999901322 0.0038356133603141087 0.008209033759321027
7.1033399999002516 0.023764635335062838 0.061194248585016986
7.131619999899181 0.003660879981496319 0.007769516221989292
7.15989999989811 0.023587881405013472 0.06074920160222819
7.18817999989704 0.0034819711828328512 0.007319491968893477
7.215449999896007 0.023580728071577232 0.06073107759929641
7.243729999894937 0.00348824738880661 0.007335290689292062
7.272009999893866 0.02342661651877654 0.06034303498527738
7.3002899998927955 0.003331811000944423 0.006941803352000786
7.328569999891725 0.023268065547727024 0.059943817285090795
7.356849999890654 0.0031710211065438653 0.006537361294833843
7.385129999889584 0.02310525159256218 0.0595338685569935
7.413409999888513 0.003006053590165943 0.006122407145847664
7.441689999887442 0.02293834997856508 0.0591136300709838
7.469969999886372 0.0028370831897252258 0.005697380646696448
7.498249999885301 0.022767534846407138 0.05868354011712151
7.525519999884269 0.002837356447370595 0.005698072636739493
7.553799999883198 0.022780488367991132 0.05871604663725272
7.5820799998821276 0.0026897955866340044 0.005326908789349272
7.610359999881057 0.022630904273458763 0.058339408173535556
7.638639999879986 0.0025380642173679973 0.004945250904442311
7.666919999878916 0.022477235775121562 0.05795248804314479
7.695199999877845 0.002382329548170004 0.004553519766237191
7.7234799998767745 0.02231964955248661 0.05755570576649882
7.751759999875704 0.0022227577165282826 0.004152133458501517
7.780039999874633 0.02215831117590755 0.05714947807349269
7.807309999873601 0.002217595548925027 0.004139147397008713
7.83558999987253 0.022165243424709085 0.05716683506760134
7.86386999987146 0.002078420175026287 0.0037890747648372525
7.892149999870389 0.02202414736206757 0.05681153123135996
7.920429999869318 0.0019352498823425725 0.0034289501007811474
7.948709999868248 0.021879165531073295 0.05644637701900379
7.976989999867177 0.0017882436284381237 0.0030591734131335535
8.005269999866107 0.02173043024272229 0.05607177126214502
8.033549999865036 0.0016375593682602108 0.0026801421858957397
8.061829999863965 0.021578098869761482 0.05568811018219488
8.090109999862895 0.0014833539876203518 0.0022922512118217497
8.117379999861862 0.021579562949972483 0.05569171028725339
8.145659999860792 0.0014962350949411815 0.002324656907526368
8.173939999859721 0.021446495925179897 0.05535656388263588
8.20221999985865 0.001361155233814492 0.0019848818639034427
8.23049999985758 0.02130968145441742 0.05501198099731042
8.25877999985651 0.0012224000272308133 0.0016358590829157471
8.287059999855439 0.021169270128361624 0.05465834078500764
8.315339999854368 0.0010801196482729876 0.0012779664560813586
8.343619999853297 0.021025411567536047 0.05429601995748934
8.371899999852227 0.0009344632683528889 0.0009115793551894846
8.399169999851194 0.021021923685766768 0.05428715674109519
8.427449999850124 0.0009418587695236846 0.0009301817468387874
8.455729999849053 0.02089641761422032 0.05397105434642446
8.484009999847983 0.0008144240701269153 0.0006096365002483672
8.512289999846912 0.020767321862476727 0.05364591263087304
8.540569999845841 0.0006834681733624343 0.00028023150306921707
8.56884999984477 0.020634779584226427 0.0533120920295338
8.5971299998437 0.0005541874513521123 5.7673989872775167e-05
8.62540999984263 0.02049893302723476 0.052969950698023016
8.653689999841559 0.0005264863985461301 0.0004037230805664649
8.681969999840488 0.020359923470551457 0.05261984435531719
8.709239999839456 0.0005264255320091653 0.00039766124960705085
8.737519999838385 0.02037260719442443 0.05265171350437026
8.765799999837315 0.0005446709947811958 0.0007000361312181624
8.794079999836244 0.020250805717285537 0.05234494378681953
8.822359999835173 0.0005855774551697297 0.0010108984598300452
8.850639999834103 0.02012570200547875 0.0520298584407386
8.878919999833032 0.0006431479910616291 0.0013299067018635036
8.907199999831962 0.019997431292510495 0.05170679796626665
8.935479999830891 0.0007139241906602145 0.0016567215312957018
8.96375999982982 0.019866127906688503 0.051376100587252616
8.991029999828788 0.0007151702741330399 0.001662027262905319
9.019309999827717 0.019873820831835178 0.05139540716719848
9.047589999826647 0.0007844279642817296 0.0019472340320403347
9.075869999825576 0.019758944817425267 0.05110599799895699
9.104149999824505 0.0008613752506347266 0.002240571022371629
9.132429999823435 0.019640913868283837 0.050808621839038004
9.160709999822364 0.0009451371764420772 0.0025417135576133454
9.188989999821294 0.019519848796057917 0.0505036024005423
9.217269999820223 0.0010351907864493723 0.002850339027038462
9.245549999819152 0.019395877272563294 0.05019126126443174
9.273829999818082 0.0011309441651478748 0.0031661270211591486
9.30109999981705 0.01939903252911509 0.05019914873171105
9.329379999815979 0.0011212936988310655 0.0031349101288769
9.357659999814908 0.01929067480832809 0.049926143298717474
9.385939999813838 0.001207575189420844 0.003411684392518044
9.414219999812767 0.019179287289685515 0.04964550544918067
9.442499999811696 0.0012983446500352484 0.003695937511138947
9.470779999810626 0.019064992150307245 0.04935754292701988
9.499059999809555 0.0013933575015671576 0.0039873627723396865
9.527339999808484 0.01894791077469226 0.04906256148105026
9.555619999807414 0.0014924639595460963 0.004285655521596432
9.582889999806381 0.018946953102092472 0.0490600922136597
9.61116999980531 0.0014858639945515098 0.004265879026954522
9.63944999980424 0.018844746763023446 0.04880258542137028
9.66772999980317 0.0015738693594216492 0.004527001355014715
9.696009999802099 0.018739638095037866 0.04853776725717296
9.724289999801028 0.0016654493086170094 0.004795289005454784
9.752569999799958 0.018631743243054805 0.0482659302756927
9.780849999798887 0.0017604059119220089 0.00507045038730114
9.809129999797817 0.018521177612450413 0.04798736516905544
9.837409999796746 0.00185877318524595 0.005352195835683915
9.864679999795714 0.018516498782483813 0.04797552561051077
9.892959999794643 0.0018554846274799568 0.005342823426623955
9.921239999793572 0.018420104044766024 0.04773266131817833
9.949519999792502 0.0019422045397541085 0.005589155534946322
9.977799999791431 0.018320929277145345 0.04748279368610442
10.00607999979036 0.0020320215935951584 0.005842352093787806
10.03435999978929 0.01821908488844067 0.04722620082292517
10.06263999978822 0.002124830204092848 0.006102135890895255
10.090919999787149 0.018114680595016315 0.04696315909477056
10.119199999786078 0.0022205243202592776 0.006368231520104128
10.147479999785007 0.01800782537261259 0.04669394300264029
10.174749999783975 0.0022205490020225467 0.006368300268289051
10.203029999782904 0.01801573960343244 0.04671383300343113
10.231309999781834 0.0023045939044164273 0.006600657403976751
10.259589999780763 0.017922188736298503 0.046478093588875335
10.287869999779693 0.0023914405709739603 0.0068395902896867256
10.316149999778622 0.017826103697125374 0.04623591072018263
10.344429999777551 0.002480995035380709 0.0070848353941999065
10.37270999977648 0.01772756623371958 0.04598754713894815
10.40098999977541 0.002573193984272014 0.007336130872603874
10.42926999977434 0.017626679916776335 0.045733263842950844
10.456539999773307 0.0025763539493868196 0.007344746577486738
10.484819999772236 0.01763083106042715 0.04574368168056564
10.513099999771166 0.002657158089260015 0.007563899983076272
10.541379999770095 0.017542599277751363 0.045521292519712375
10.569659999769025 0.0027405043418698054 0.007789352146247985
10.597939999767954 0.017451918122252958 0.04529273031981251
10.626219999766883 0.0028263186134177337 0.00802085254746343
10.654499999765813 0.01735888671401837 0.045058244865714414
10.682779999764742 0.002914686000176112 0.008258152241946703
10.711059999763672 0.01726360352408788 0.04481808430703005
10.739339999762601 0.0030053219362074597 0.008501003968919285
10.766609999761569 0.017264341153976535 0.044819902172099635
10.794889999760498 0.002997897967071564 0.008481164292140075
10.823169999759427 0.017181113958909425 0.04461012728816938
10.851449999758357 0.003077487635087189 0.008693876564513925
10.879729999757286 0.017095540366489668 0.044394438851191875
10.908009999756215 0.003159472907924581 0.008912383714299033
10.936289999755145 0.01700771460448066 0.04417307431986428
10.964569999754074 0.0032436736609762267 0.009136449066982077
10.992849999753004 0.01691773029540109 0.04394626962715975
11.021129999751933 0.0033301776003618858 0.009365837524710763
11.0483999997509 0.0169153759543411 0.04394029758192364
11.07667999974983 0.0033259450996520213 0.00935462454849656
11.10495999974876 0.016836877136023855 0.04374244075442402
11.133239999747689 0.003401667031599575 0.009555297873575785
11.161519999746618 0.01675613072274184 0.04353891934861798
11.189799999745548 0.0034797273346464284 0.009761522934692568
11.218079999744477 0.016673226289432637 0.04332995909999138
11.246359999743406 0.0035598658413978543 0.009973074726710163
11.274639999742336 0.01658825284567952 0.043115784318459305
11.302919999741265 0.003642132020199939 0.010189729720910812
11.331199999740194 0.016501298795231243 0.04289661778910103
11.358469999739162 0.003640846094769063 0.010186353126440117
11.386749999738091 0.01650907325694338 0.04291617689785587
11.41502999973702 0.0037128210224788663 0.010375650673122294
11.44330999973595 0.01643288872909165 0.0427241538301093
11.47158999973488 0.0037868658146450462 0.010570266640830273
11.499869999733809 0.016354636545976485 0.042526919635965665
11.528149999732738 0.003863069818581949 0.010769987125769376
11.556429999731668 0.016274435936850812 0.04232468757063845
11.584709999730597 0.003941140090826029 0.010974599602164847
11.612989999729527 0.016192341530350818 0.04211766946108364
11.640259999728494 0.003942559085931706 0.010978325276878032
11.668539999727424 0.016196997075299674 0.042129376087973736
11.696819999726353 0.004010826617463878 0.011156874443840614
11.725099999725282 0.016125158250637067 0.04194821869212273
11.753379999724212 0.004081129431966602 0.011340518169256075
11.781659999723141 0.016051339452629924 0.041762068712047906
11.80993999972207 0.004153304420469878 0.011529053107628418
11.838219999721 0.01597562109059664 0.04157112888770742
11.86649999971993 0.004227439844082773 0.011722277200876263
11.894779999718859 0.015898083043925586 0.04137560062212886
11.923059999717788 0.004303364974798092 0.011919989768571781
11.950329999716756 0.015899907480789056 0.04138017060779653
11.978609999715685 0.004296000640963138 0.01190081796847986
12.006889999714614 0.015832140096180607 0.04120928032659288
12.035169999713544 0.004362541683543583 0.012074092063529829
12.063449999712473 0.01576247591788484 0.041033607179319365
12.091729999711402 0.004430992526082638 0.012252052639294408
12.120009999710332 0.015690991387342507 0.040853343902502726
12.148289999709261 0.004501265751984041 0.012434507594794031
12.17656999970819 0.015617762451431412 0.04066868198561169
12.20484999970712 0.004573196280740812 0.012621266117762708
12.232119999706088 0.015617019599077322 0.04066678035390403
12.260399999705017 0.004568563347788027 0.012609243515493418
12.288679999703946 0.015553099107635464 0.04050559093264905
12.316959999702876 0.004631530306765786 0.012772718166953467
12.345239999701805 0.015487361634010762 0.04033981987257018
12.373519999700735 0.004696402686046952 0.012940682813589177
12.401799999699664 0.015419879846799742 0.040169650398869106
12.430079999698593 0.0047629384485308205 0.01311295482462338
12.458359999697523 0.015350725951549423 0.03999526457049152
12.486639999696452 0.0048310675352000116 0.013289352776890695
12.51390999969542 0.015347660747198514 0.03998750876055279
12.542189999694349 0.004828932127846985 0.013283830856547496
12.570469999693278 0.015287374730469665 0.039835484528771836
12.598749999692208 0.00488850279349854 0.013438045540814514
12.627029999691137 0.01522534830452014 0.039679071722564796
12.655309999690067 0.004949885873595933 0.01359656167023715
12.683589999688996 0.015161650549456389 0.039518444521280394
12.711869999687925 0.005012867173616474 0.013759205620655912
12.740149999686855 0.015096350112434967 0.039353776011663566
12.768429999685784 0.005077379908662335 0.013925804898273775
12.796709999684714 0.015029515178635369 0.03918523811655694
12.823979999683681 0.0050775226157191555 0.013926181099988
12.85225999968261 0.015034337341115879 0.03919737315960514
12.88053999968154 0.005133852094145 0.014071646212765465
12.90881999968047 0.014975817913703452 0.03904980404725311
12.937099999679399 0.005191857822600907 0.014221231848465798
12.965379999678328 0.014915720822196289 0.038898197149916935
12.993659999677257 0.005251459865824068 0.014374772951852854
13.021939999676187 0.014854098538628593 0.03874271702255516
13.050219999675116 0.005312533502477907 0.014532105522169214
13.078499999674046 0.014791005886326643 0.038583527129665285
13.105769999673013 0.0053147487004851866 0.01453782032498907
13.134049999671943 0.014793478715485522 0.03858974326306219
13.162329999670872 0.005368007167843364 0.014675018717524857
13.190609999669801 0.014738304073125803 0.0384505310034311
13.21888999966873 0.005422797576812299 0.014816164050635017
13.24716999966766 0.014681596223640011 0.03830745044443029
13.27544999966659 0.005479122706512984 0.014961099415844448
13.303729999665519 0.014623417176642641 0.0381606580262428
13.332009999664448 0.0055369269029713186 0.015109668894575101
13.360289999663378 0.014563828536140697 0.038010309167457734
13.388569999662307 0.005596084609950986 0.015261717616688042
13.415839999661275 0.014564171168063455 0.03801115221609974
13.444119999660204 0.0055913640119583915 0.015249591517785266
13.472399999659133 0.014512126070348387 0.03787983622108859
13.500679999658063 0.005643176601960608 0.015382760377369298
13.528959999656992 0.014458612230877478 0.037744814560480844
13.557239999655922 0.005696401842500575 0.015519560492538442
13.585519999654851 0.01440368859794497 0.03760623595261414
13.61379999965378 0.005750982066651811 0.015659843626192327
13.64207999965271 0.014347413742876812 0.03746424816513105
13.67035999965164 0.005806954334976728 0.01580346252937348
13.697629999650607 0.014345827142169362 0.03746022503723356
13.725909999649536 0.0058043249700514025 0.015796726239281078
13.754189999648466 0.01429673889660785 0.03733636957837794
13.782469999647395 0.005853309506068799 0.015922357485931293
13.810749999646324 0.014246243760615177 0.03720896449412869
13.839029999645254 0.005903650317132941 0.016051467615152415
13.867309999644183 0.014194397772969667 0.03707815116312796
13.895589999643112 0.005955292462030445 0.01618391569887523
13.923869999642042 0.014141256618718866 0.03694407007240885
13.952149999640971 0.006008181359438286 0.01631956173390181
13.9804299996399 0.01408687560474168 0.036806860754645676
14.007699999638868 0.006007460616773893 0.016317720768133093
14.035979999637798 0.014091632547017877 0.03681884412967129
14.064259999636727 0.006053668084474625 0.01643622961708946
14.092539999635656 0.014043990238710863 0.03669863709457877
14.120819999634586 0.006101182970436048 0.016558071135019947
14.149099999633515 0.013995053649996925 0.0365751645335366
14.177379999632445 0.006150033965393906 0.0166831113459609
14.205659999631374 0.013944875720432352 0.03644856000786234
14.233939999630303 0.006200082493700175 0.016811217137802092
14.262219999629233 0.01389350903696259 0.03631895618905201
14.2894899996282 0.006201093283294329 0.01681381220285383
14.31776999962713 0.013896320889148325 0.036326033176359296
14.346049999626059 0.006244763743844482 0.016925591475047685
14.374329999624988 0.013851374463262005 0.03621262819587523
14.402609999623918 0.00628968127277884 0.017040563126169417
14.430889999622847 0.01380518804715654 0.03609609465770047
14.459169999621777 0.006335796118052097 0.017158599793754004
14.487449999620706 0.013757814033290818 0.035976559537809205
14.515729999619635 0.006383058842958906 0.01727957492317911
14.544009999618565 0.013709329261871569 0.035854148978453626
14.572289999617494 0.006431420345611203 0.01740336281731425
14.599559999616462 0.013710372885069615 0.035856767476150075
14.627839999615391 0.006426822618701206 0.017391600986826905
14.65611999961432 0.01366800091681124 0.035749789893912975
14.68439999961325 0.006469213605621382 0.01750008008313264
14.71267999961218 0.013624441813418533 0.035639815188226454
14.740959999611109 0.006512822442081521 0.017611495891800555
14.769239999610038 0.013579743390872145 0.03552696407349565
14.797519999608967 0.006557533514296952 0.017725728094020177
14.825799999607897 0.013533953155937035 0.03541135648068572
14.854079999606826 0.006603300048693386 0.017842657174527154
14.881349999605794 0.01353339522327724 0.035409932568775115
14.909629999604723 0.006600441956743471 0.01783536191882762
14.937909999603653 0.013493428633503144 0.035309027937791004
14.966189999602582 0.00664049998149953 0.01793770547340312
14.994469999601511 0.013452324863872902 0.03520525229734339
15.02274999960044 0.006681659142860403 0.018042862605183174
15.05102999959937 0.013410129370191069 0.035098720401871564
15.0793099995983 0.006723874673502522 0.018150718925458165
15.107589999597229 0.013366887319677683 0.034989546277741645
15.135869999596158 0.006767102101553794 0.018261160801180676
15.163139999595126 0.013364880867935199 0.03498446624145002
15.191419999594055 0.006765833421831174 0.018257926397002855
15.219699999592985 0.013327186846268026 0.034889299249396544
15.247979999591914 0.006803622169108804 0.018354472192771976
15.276259999590843 0.01328840357334137 0.034791382244181435
15.304539999589773 0.006842465811319414 0.018453713403243643
15.332819999588702 0.01324857425964713 0.03469082431363235
15.361099999587632 0.006882350840046628 0.018555541282549992
15.389379999586561 0.013207741846705395 0.034587733866886516
15.41765999958549 0.0069232469459358055 0.01865984778963714
15.44593999958442 0.01316594898699363 0.03448221858098899
15.473209999583387 0.0069234204130321254 0.01866029728144758
15.501489999582317 0.013168881775907205 0.03448960955744207
15.529769999581246 0.00695912615067052 0.018751364896885114
15.558049999580176 0.0131322914171467 0.03439722907663256
15.586329999579105 0.006995844146857426 0.01884501454636478
15.614609999578034 0.013094698861742003 0.03430231835750419
15.642889999576964 0.007033533872775733 0.0189411428507702
15.671169999575893 0.013056144933798475 0.03420498046304843
15.699449999574822 0.007072155057892394 0.0190396470881371
15.727729999573752 0.013016670187473371 0.03410531777497949
15.75499999957272 0.0070736356711473885 0.019043430464626976
15.783279999571649 0.0130181380710713 0.034109011127581024
15.811559999570578 0.007107312073048522 0.019129322232347423
15.839839999569508 0.012983619915577952 0.03402186240765159
15.868119999568437 0.007141958089314998 0.019217687252437443
15.896399999567366 0.012948141637945712 0.033932289668425764
15.924679999566296 0.007177535192182271 0.019308427250330773
15.952959999565225 0.0129117420486174 0.03384039089158186
15.981239999564155 0.007214005094998098 0.019401444564626225
16.009519999563086 0.012874459705680222 0.033746263418332756
16.037799999562015 0.007251329769496603 0.01949664219421665
16.065069999560983 0.012874597960148821 0.033746600612782895
16.093349999559912 0.00724842472654735 0.019489238961623023
16.12162999955884 0.012842037804088817 0.03366439531878873
16.14990999955777 0.007281112631855494 0.01957260977925035
16.1781899995567 0.012808557898524633 0.033579867930277896
16.20646999955563 0.007314709407523089 0.01965825607023186
16.23474999955456 0.01277419513859699 0.03349311159255297
16.26302999955349 0.00734919967682023 0.01974608498547248
16.291309999552418 0.012738986183314665 0.03340421885300593
16.319589999551347 0.007384510766508349 0.01983600429493748
16.346859999550315 0.012737920432566132 0.033401516992870306
16.375139999549244 0.0073829232825000585 0.019831967994088373
16.403419999548174 0.012707222580860529 0.033323982349620085
16.431699999547103 0.0074138097183937424 0.01991061940364025
16.459979999546032 0.012675654218365393 0.03324422340241773
16.48825999954496 0.007445552153158748 0.019991450793110932
16.51653999954389 0.01264324052726453 0.03316232869892133
16.54481999954282 0.007478115927151249 0.020074373894507502
16.57309999954175 0.012610016335296015 0.033078386228513335
16.60137999954068 0.007511466607191094 0.020159301015876263
16.62965999953961 0.012576016234407359 0.032992483385507754
16.656929999538576 0.007511079859917151 0.020158322322627598
16.685209999537506 0.012578923201787752 0.03299981757154402
16.713489999536435 0.007540215086307885 0.02023251430964823
16.741769999535364 0.012549138461997547 0.03292456504996322
16.770049999534294 0.0075701703336886195 0.020308794647250217
16.798329999533223 0.012518543797376207 0.03284726621719525
16.826609999532153 0.007600912651959375 0.020387079419992293
16.854889999531082 0.012487172319057086 0.03276800472610253
16.88316999953001 0.0076324093032703755 0.020467285254865963
16.91144999952894 0.012455056917685099 0.03268686367307039
16.93871999952791 0.007633110479466955 0.020469076869578107
16.966999999526838 0.012456750485170654 0.03269113277185598
16.995279999525767 0.007660591087140341 0.02053905540193579
17.023559999524696 0.012428651245268492 0.0326201387614411
17.051839999523626 0.00768885719515458 0.020611034364848013
17.080119999522555 0.01239977605695648 0.03254718427933012
17.108399999521485 0.0077178774796810325 0.020684933988290855
17.136679999520414 0.0123701563988861 0.032472348855228095
17.164959999519343 0.00774762081561697 0.02076067500439427
17.193239999518273 0.012339823542707663 0.03239571149395992
17.221519999517202 0.007778056288893868 0.020838178685467224
17.24878999951617 0.012340414625128866 0.03239719568862709
17.2770699995151 0.007775222564132005 0.0208309680155061
17.30534999951403 0.012313908049255603 0.03233022563492449
17.333629999512958 0.00780192100785743 0.02089888186406208
17.361909999511887 0.012286658128453674 0.03226137748102431
17.390189999510817 0.00782935335757624 0.020968635964435656
17.418469999509746 0.012258694788606453 0.03219072683282587
17.446749999508675 0.007857479731837513 0.021040154955664914
17.475029999507605 0.01223004776161206 0.0321183488060206
17.503309999506534 0.00788627069406948 0.021113363980584943
17.530579999505502 0.01222963939085024 0.03211730836830684
17.55885999950443 0.007884530165634441 0.02110894357719717
17.58713999950336 0.012204637649600631 0.03205414036462351
17.61541999950229 0.007909728076878187 0.021173015857001154
17.64369999950122 0.012178923846911044 0.031989173297275464
17.67197999950015 0.007935619303641128 0.021238851220717336
17.700259999499078 0.012152526430957388 0.0319224790389816
17.728539999498008 0.007962175671665734 0.02130637802202351
17.756819999496937 0.012125473669352991 0.0318541290069807
17.785099999495866 0.007989369192415595 0.021375525087918845
17.812369999494834 0.012124161493081261 0.031850805557576134
17.840649999493763 0.007988626219395374 0.02137364115839535
17.868929999492693 0.012100581499035262 0.03179122967849057
17.897209999491622 0.00801239653158965 0.02143408337768049
17.92548999949055 0.012076319455943164 0.031729930561130715
17.95376999948948 0.00803683104033539 0.021496214628857757
17.98204999948841 0.012051402408309259 0.031666976532507274
18.01032999948734 0.00806190296091085 0.021559966799777897
18.03860999948627 0.012025857231008014 0.03160243549082953
18.0668899994852 0.008087585682510116 0.021625272220393565
18.095169999484128 0.011999710618422322 0.031536374878415874
18.122439999483095 0.008087747542301581 0.021625688978466062
18.150719999482025 0.012001493140734485 0.03154087085192048
18.178999999480954 0.008110168950895157 0.021682701242697888
18.207279999479884 0.011978603038701217 0.0314830380181208
18.235559999478813 0.008133226615688927 0.021741331484603776
18.263839999477742 0.011955085388760096 0.03142361964211249
18.29211999947667 0.008156895073830082 0.021801514953645462
18.3203999994756 0.011930965740168897 0.03136268027316147
18.34867999947453 0.008181149024560136 0.02186318731075554
18.37695999947346 0.011906269474080581 0.03130028403527385
18.404229999472427 0.008182129624090494 0.02186568583114612
18.432509999471357 0.011907137652294775 0.03130247030646016
18.460789999470286 0.008203276577688906 0.021919457447294732
18.489069999469216 0.011885543970204204 0.031247912948306755
18.517349999468145 0.008225032981163765 0.021974778871136635
18.545629999467074 0.011863349088140568 0.031191836616295543
18.573909999466004 0.0082473746281853 0.022031588547688497
18.602189999464933 0.011840577295260052 0.03113430267520645
18.630469999463863 0.008270277464339813 0.022089825306637056
18.658749999462792 0.01181725272387331 0.031075372094890863
18.68702999946172 0.00829371759744485 0.022149428391826653
18.71429999946069 0.01181729110805726 0.03107546225260549
18.74257999945962 0.008291939846939789 0.02214491250754902
18.770859999458548 0.011796922395704058 0.031023999847223926
18.799139999457477 0.008312480359956267 0.02219710696830246
18.827419999456406 0.011775994336462375 0.030971082342801104
18.855699999455336 0.008333595994408253 0.022250727321293517
18.883979999454265 0.011754514362835127 0.030916768077171586
18.912259999453195 0.00835525020240865 0.02230571541268489
18.940539999452124 0.01173250493655008 0.030861115017810636
18.968819999451053 0.00837742023678958 0.022362013475074605
18.99608999945002 0.011731792604272425 0.03085930740454046
19.02436999944895 0.008376468330356195 0.02235960071496068
19.05264999944788 0.011712596891501182 0.030810769169176133
19.08092999944681 0.00839585885954144 0.02240884027808754
19.10920999944574 0.011692849965969549 0.030760837119059303
19.137489999444668 0.008415787298272142 0.022459445890155028
19.165769999443597 0.011672573761605659 0.030709566714826053
19.194049999442527 0.008436231875742233 0.022511362264465706
19.222329999441456 0.011651790073570246 0.030657013066914818
19.250609999440385 0.008457170964557158 0.02256453447710971
19.278889999439315 0.011630520549966146 0.030603230913361923
19.306159999438282 0.008456971113023456 0.022564031360494674
19.334439999437212 0.011632296705529205 0.030607716124764206
19.36271999943614 0.008475262118600663 0.022610478821860625
19.39099999943507 0.011613665573604543 0.030560605480323133
19.419279999434 0.008494068421995401 0.02265823490719132
19.44755999943293 0.011594527332083049 0.030512212538613692
19.47583999943186 0.008513369327198029 0.022707247058861846
19.504119999430788 0.01157490270175979 0.03046258969362503
19.532399999429717 0.0085331442710283 0.022757463055944616
19.560679999428647 0.011554812265763641 0.030411788990281075
19.587949999427615 0.00853362571306161 0.02275868988800278
19.616229999426544 0.011555831092836888 0.030414359542640934
19.644509999425473 0.008550877844262398 0.02280249926113198
19.672789999424403 0.011538254369220652 0.030369915085570742
19.701069999423332 0.008568623579111574 0.02284756216256456
19.72934999942226 0.011520191810820285 0.030324242125556733
19.75762999942119 0.008586843242140707 0.022893828626291413
19.78590999942012 0.011501663117459194 0.030277390475252908
19.81418999941905 0.008605517283370877 0.022941249005226094
19.84246999941798 0.011482687858990991 0.030229409618753866
19.87074999941691 0.008624626284683195 0.022989773986314965
19.898019999415876 0.011483018675059974 0.030230240766215832
19.926299999414805 0.00862288497216957 0.022985355980509325
19.954579999413735 0.011466438282305301 0.030188315639811947
19.982859999412664 0.008639628394954768 0.02302787363376302
20.011139999411593 0.011449392470055709 0.030145213632626344
20.039419999410523 0.008656825904009399 0.023071544457942128
20.067699999409452 0.011431899965925026 0.03010098209882406
20.09597999940838 0.008674458912108957 0.023116321251193117
20.12425999940731 0.01141397937722015 0.030055668088324605
20.15253999940624 0.008692508956738133 0.02316215712786507
20.179809999405208 0.01141368656995036 0.03005492262175835
20.208089999404137 0.008691454069901839 0.023159482115742147
20.236369999403067 0.011398047561503156 0.03001537788732689
20.264649999401996 0.00870725030391695 0.023199594500011855
20.292929999400926 0.011381962722225596 0.029974705804425295
20.321209999399855 0.008723481581309155 0.023240811694069663
20.349489999398784 0.011365449855240777 0.029932951389455287
20.377769999397714 0.008740130231108905 0.023283088822467768
20.406049999396643 0.011348526651135424 0.029890159373890945
20.434329999395572 0.008757178699543105 0.023326381306776334
20.462609999394502 0.011331210679369163 0.029846374183140068
20.48987999939347 0.008756747726544379 0.023325290545350708
20.5181599993924 0.01133292038818219 0.029850692635280396
20.54643999939133 0.008771648925199774 0.023363130098630336
20.574719999390258 0.011317743746693209 0.029812317028887758
20.602999999389187 0.008786966893812602 0.023402028055186097
20.631279999388116 0.011302156992219143 0.02977290438980207
20.659559999387046 0.00880268483303885 0.023441941751134454
20.687839999385975 0.011286176942589297 0.02973249724206317
20.716119999384905 0.008818786052608595 0.023482828802767752
20.744399999383834 0.011269820304360334 0.02969113783013455
20.7716699993828 0.00881892091831038 0.023483174814353802
20.79994999938173 0.011270902512375513 0.02969386982774047
20.82822999938066 0.008832976423832736 0.023518866835492425
20.85650999937959 0.011256584133357884 0.029657664430193798
20.88478999937852 0.008847431165326458 0.0235555727295389
20.91306999937745 0.011241872833522076 0.02962046547188013
20.941349999376378 0.008862269173463678 0.023593251942788385
20.969629999375307 0.011226784602478727 0.029582313383813563
20.997909999374237 0.008877484082845912 0.023631864174067374
21.026189999373166 0.011211335324003919 0.029543248328622873
21.053459999372134 0.0088781316471777 0.02363351003524805
21.081739999371063 0.011211846900014946 0.02954453765531273
21.110019999369992 0.008891404371650046 0.023667173063601776
21.138299999368922 0.011198339536608547 0.02951038299809916
21.16657999936785 0.008905059977861129 0.02370180724300397
21.19485999936678 0.011184455751089454 0.029475276498813763
21.22313999936571 0.00891908326565361 0.023737374019938695
21.25141999936464 0.011170210743949383 0.02943925659293356
21.27969999936357 0.008933459128882148 0.023773835078488847
21.307979999362498 0.011155619617783202 0.029402361468222615
21.336259999361427 0.008948172565551643 0.02381115236855802
21.363529999360395 0.011155613399648013 0.029402341714668268
21.391809999359324 0.00894708609359634 0.02380839991280581
21.420089999358254 0.011142872351881722 0.02937012476860179
21.448369999357183 0.008959969762083108 0.02384107624781029
21.476649999356113 0.011129770712526747 0.029336996010043137
21.504929999355042 0.0089732057044167 0.023874646098276386
21.53320999935397 0.01111632293306607 0.029302991980262316
21.5614899993529 0.008986779560290188 0.023909073041072926
21.58976999935183 0.011102543371466905 0.029268148984207265
21.61804999935076 0.009000677064057962 0.02394432089306564
21.645319999349727 0.01110206842480065 0.029266944205441625
21.673599999348657 0.00900010857723561 0.023942882094485363
21.701879999347586 0.011090051404629648 0.029236558040879324
21.730159999346515 0.009012262788404219 0.0239737083269298
21.758439999345445 0.01107768898177287 0.02920529847018072
21.786719999344374 0.009024754487555525 0.024005390571457674
21.814999999343303 0.01106499489433395 0.029173200231835672
21.843279999342233 0.009037570022483083 0.02403789419965774
21.871559999341162 0.011051982793235104 0.029140297842344953
21.89983999934009 0.00905069582967115 0.024071184809526525
21.92811999933902 0.011038666237243866 0.029106625587138613
21.95538999933799 0.009050597613400772 0.02407093864941201
21.983669999336918 0.01103975165212337 0.02910936661517649
22.011949999335847 0.009062062558340333 0.02410001671511175
22.040229999334777 0.01102808782419965 0.029079873516346666
22.068509999333706 0.009073850803251567 0.02412991480514881
22.096789999332636 0.011016106224811544 0.029049576879958128
22.125069999331565 0.00908594936983016 0.02416060000148823
22.153349999330494 0.011003819832097056 0.029018509522760194
22.181629999329424 0.009098345362351889 0.024192039595194448
22.209909999328353 0.010991241537973507 0.028986704042721634
22.23717999932732 0.009098673103720423 0.024192873684714122
22.26545999932625 0.01099185390043224 0.02898824908691422
22.29373999932518 0.009109486805736894 0.02422030002264819
22.32201999932411 0.010980850232536398 0.028960425273150125
22.35029999932304 0.009120610195148305 0.024248511856694854
22.378579999321968 0.010969542125914094 0.028931831635825578
22.406859999320897 0.009132030933837635 0.024277477892808985
22.435139999319826 0.010957941918990433 0.028902499373328894
22.463419999318756 0.009143736761220819 0.024307167032522337
22.491699999317685 0.010946068912855541 0.028872459479634127
22.519979999316615 0.009155715500107353 0.02433754839106239
22.547249999315582 0.01094625140369434 0.028872918157607508
22.57552999931451 0.009154647762176721 0.024334842902162812
22.60380999931344 0.01093588095873917 0.028846671677240643
22.63208999931237 0.009165142819481418 0.024361461113642235
22.6603699993113 0.010925219133600363 0.028819687724024323
22.68864999931023 0.009175922775348804 0.024388801945873784
22.71692999930916 0.010914277648049368 0.028791995958776795
22.745209999308088 0.009186975973240257 0.02441683583361831
22.773489999307017 0.010903068144791039 0.028763625848626795
22.801769999305947 0.00919829083509081 0.024445533411354692
22.829039999304914 0.010902861562905026 0.028763099978268425
22.857319999303844 0.009197652410016893 0.02444391669291779
22.885599999302773 0.01089307997455346 0.02873834383725349
22.913879999301702 0.009207553692860585 0.024469028929308134
22.94215999930063 0.010883019271052381 0.028712881265235968
22.97043999929956 0.009217727925716252 0.024494833480104283
22.99871999929849 0.010872690593335415 0.028686740459338278
23.02699999929742 0.009228164026274754 0.02452130223603577
23.05527999929635 0.010862105010944294 0.028659949434550747
23.08355999929528 0.009238850986123228 0.02454840727568186
23.111839999294208 0.010851273518478307 0.02863253601744775
23.139109999293176 0.009238602725463358 0.024547780037531552
23.167389999292105 0.010852321455997783 0.02863518543303467
23.195669999291034 0.00924794293111278 0.024571469229139886
23.223949999289964 0.010842828860203647 0.0286111606872419
23.252229999288893 0.00925754462038723 0.024595821650674754
23.280509999287823 0.010833079506339844 0.028586486094672736
23.308789999286752 0.009267397258206803 0.024620810581210684
23.33706999928568 0.0108230839188394 0.028561188291831296
23.36534999928461 0.009277490377478026 0.024646409472406372
23.39362999928354 0.010812852551679575 0.028535293736164924
23.420899999282508 0.00927759591278861 0.024646679475393007
23.449179999281437 0.010813508866121412 0.0285369521285328
23.477459999280367 0.009286405975323129 0.02466902407989302
23.505739999279296 0.01080455313928783 0.028514286147096612
23.534019999278225 0.009295466519798469 0.02469200400875282
23.562299999277155 0.010795351419126378 0.02849099756366824
23.590579999276084 0.009304767530304847 0.02471559385829325
23.618859999275013 0.010785913711513434 0.028467111702767944
23.647139999273943 0.0093142990555076 0.024739768388848393
23.675419999272872 0.010776249955389328 0.02844265371761967
23.70268999927184 0.00931472462223074 0.024740849997095804
23.73096999927077 0.010776550183591043 0.028443411019463127
23.7592499992697 0.009323033805980362 0.024761924236837984
23.787529999268628 0.01076810176939712 0.02842202899746571
23.815809999267557 0.009331582915965728 0.024783607027079047
23.844089999266487 0.010759417692483456 0.028400050520016595
23.872369999265416 0.009340362431081484 0.024805874219036017
23.900649999264346 0.010750507464448044 0.028377499659859584
23.928929999263275 0.009349362890178719 0.02482870181573782
23.957209999262204 0.010741380535712964 0.02835440033465142
23.985489999261134 0.009358574896314479 0.024852065982583493
24.0127599992601 0.010741357695216646 0.02835434010299842
24.04103999925903 0.009357913149535577 0.024850389664765604
24.06931999925796 0.010733388631184757 0.02833417127008353
24.09759999925689 0.00936597893845259 0.02487084661993988
24.12587999925582 0.010725193816368134 0.028313431068338613
24.154159999254748 0.009374265476547645 0.024891863485299037
24.182439999253678 0.010716782293374643 0.028292142383778973
24.210719999252607 0.009382763769381675 0.024913417447081088
24.238999999251536 0.01070816304691094 0.028270327955304264
24.267279999250466 0.009391464881803452 0.024935485842436655
24.294549999249433 0.010707847795824671 0.028269527776358938
24.322829999248363 0.009391126679152073 0.024934630049888717
24.351109999247292 0.010700331628455005 0.028250505181182106
24.37938999924622 0.009398735746331112 0.02495392863330892
24.40766999924515 0.010692599219928569 0.02823093528541154
24.43594999924408 0.00940655629663607 0.024973763624391854
24.46422999924301 0.010684659166800543 0.028210839846187774
24.49250999924194 0.0094145797788653 0.02499411333282131
24.52078999924087 0.010676520011603812 0.028190240483416673
24.549069999239798 0.009422797697250672 0.025014956210878125
24.577349999238727 0.010668190238777606 0.02816915867054348
24.604619999237695 0.009422753194468194 0.02501484525128106
24.632899999236624 0.010668852503579015 0.028170832659557554
24.661179999235554 0.009429930706620949 0.02503304929318828
24.689459999234483 0.01066155708991502 0.02815236875577387
24.717739999233412 0.009437310810095818 0.02505176718873292
24.74601999923234 0.010654062730367956 0.02813340132418185
24.77429999923127 0.009444885375615997 0.02507097831823124
24.8025799992302 0.010646377546386704 0.028113950919617103
24.83085999922913 0.009452646325987479 0.02509066219614775
24.85913999922806 0.010638509605109505 0.028094037959847107
24.886409999227027 0.009452867807883264 0.025091225777440496
24.914689999225956 0.010638876658082167 0.02809496489750707
24.942969999224886 0.00945963757347697 0.02510839566297607
24.971249999223815 0.010631994194641647 0.02807754613071145
24.999529999222744 0.00946660139940592 0.025126057763391607
25.027809999221674 0.010624921134009088 0.028059644966538233
25.056089999220603 0.009473751557216041 0.02514419247660049
25.084369999219533 0.010617665196271556 0.028041280944191005
25.112649999218462 0.00948108036778742 0.025162780325949097
25.14092999921739 0.010610234052246892 0.02802247347720721
25.16920999921632 0.009488580203880864 0.02518180196490194
25.19647999921529 0.010610332984842496 0.028022721924025884
25.224759999214218 0.009487926653971147 0.025180146064596176
25.253039999213147 0.010603840723856891 0.02800629072206018
25.281319999212077 0.009494497071637954 0.025196810373639966
25.309599999211006 0.010597165875711929 0.027989397395933313
25.337879999209935 0.009501250862476964 0.025213927503742184
25.366159999208865 0.010590315780489778 0.027972060522141184
25.394439999207794 0.009508178748040413 0.02523147893739308
25.422719999206723 0.010583297730842723 0.027954298558618973
25.450999999205653 0.009515270792533831 0.025249446281838672
25.47826999920462 0.010583153706924931 0.027953932196744802
25.50654999920355 0.009514884979928587 0.025248470478289597
25.53482999920248 0.010577030126522998 0.02793843408958052
25.56310999920141 0.0095210905356929 0.02526419187992568
25.591389999200338 0.010570731645542014 0.027922493312571017
25.619669999199267 0.00952746732263074 0.025280347108169732
25.647949999198197 0.010564265241049978 0.027906127523558144
25.676229999197126 0.009534008392239997 0.02529691856009153
25.704509999196056 0.010557637846666463 0.027889354272292444
25.732789999194985 0.009540706841471014 0.025313888746147928
25.761069999193914 0.010550856349016379 0.027872190987299206
25.788339999192882 0.009540564986295259 0.02531353093709887
25.81661999919181 0.010551498963598527 0.027873815669676727
25.84489999919074 0.009546418855024136 0.025328361355947404
25.87317999918967 0.010545556177318243 0.027858775121225587
25.9014599991886 0.009552436761382016 0.025343607376837607
25.92973999918753 0.010539452496798052 0.027843327352528036
25.958019999186458 0.009558612099041226 0.025359252262013854
25.986299999185388 0.010533194514455153 0.027827489048048992
26.014579999184317 0.009564938304903398 0.02537527938403228
26.042859999183246 0.010526788777618045 0.027811276779221572
26.070129999182214 0.00956501763514238 0.025375481879386097
26.098409999181143 0.010527186760265267 0.027812282400940802
26.126689999180073 0.009570539208414826 0.02538947044365969
26.154969999179002 0.010521580108955304 0.027798092577968614
26.18324999917793 0.009576217916370162 0.025403857121242268
26.21152999917686 0.010515819309757677 0.02778351260898093
26.23980999917579 0.009582047479424127 0.025418626000817124
26.26808999917472 0.01050991063028312 0.027768558356899842
26.29636999917365 0.009588021657290117 0.025433761273641053
26.32464999917258 0.010503860294988853 0.027753245575878882
26.351919999171546 0.009588301032461338 0.02543447051590597
26.380199999170475 0.0105040358726755 0.027753688387699427
26.408479999169405 0.0095935086544853 0.025447663700628453
26.436759999168334 0.010498746849928419 0.027740302451872978
26.465039999167264 0.009598866788695617 0.02546123821900448
26.493319999166193 0.01049331015371814 0.027726542756312256
26.521599999165122 0.009604369465680057 0.025475178947631516
26.54987999916405 0.010487731741418843 0.027712424379600087
26.57815999916298 0.009610010752503922 0.025489470854545004
26.60643999916191 0.010482017532233929 0.02769796230266408
26.63471999916084 0.009615784756578788 0.02550409901126427
26.661989999159807 0.010481991355271092 0.02769789456453786
26.690269999158737 0.009615381582877728 0.025503078923172495
26.718549999157666 0.010477002452762856 0.027685268203514468
26.746829999156596 0.009620436767037967 0.025515885932125837
26.775109999155525 0.010471872088598264 0.027672283805146858
26.803389999154454 0.009625630435390376 0.025529043800587292
26.831669999153384 0.010466605925884182 0.027658955702114518
26.859949999152313 0.009630956948026586 0.02554253824010866
26.888229999151243 0.010461209592651987 0.027645298139378216
26.916509999150172 0.009636410701951672 0.025556355055145197
26.94377999914914 0.010461000835259983 0.027644768376111628
26.97205999914807 0.009636209842177026 0.02555584746999351
27.000339999147 0.010456295489060118 0.027632859668080823
27.028619999145928 0.009640978749782491 0.02556792921060147
27.056899999144857 0.010451454640709857 0.02762060800642896
27.085179999143786 0.009645880328347744 0.025580347082709842
27.113459999142716 0.010446483674598741 0.027608027017844705
27.141739999141645 0.009650909215225345 0.025593087499742317
27.170019999140575 0.010441387940376889 0.0275951302427746
27.198299999139504 0.009656060083745093 0.02560613696672709
27.226579999138433 0.010436172752664421 0.027581931132281134
27.2538499991374 0.009656042851152426 0.025606094543884073
27.28212999913633 0.010436576935447344 0.027582952769078517
27.31040999913526 0.009660541258466281 0.025617490985052616
27.33868999913419 0.01043200969140566 0.027571393572889402
27.36696999913312 0.009665166757669692 0.025629209422073362
27.395249999132048 0.010427317780998242 0.027559518847897202
27.423529999130977 0.00966991425138582 0.02564123694192011
27.451809999129907 0.010422506290860525 0.027547341468259212
27.480089999128836 0.00967477867526673 0.025653560712712853
27.508369999127765 0.01041758027406112 0.027534874222179262
27.535639999126733 0.009674927715998493 0.025653939487391142
27.563919999125662 0.010417800061098454 0.027535429229996744
27.592199999124592 0.009679170546754896 0.02566468843756553
27.62047999912352 0.010413491366737204 0.027524524398037098
27.64875999912245 0.009683535117680327 0.02567574582497123
27.67703999912138 0.01040906323739167 0.027513317277738647
27.70531999912031 0.009688016582095938 0.02568709937065261
27.73359999911924 0.010404520509248172 0.02750182010897717
27.761879999118168 0.009692610125071641 0.025698736875867656
27.790159999117098 0.010399867986932616 0.027490045052658285
27.818439999116027 0.009697310963739273 0.02571064622306496
27.845709999114995 0.010399920323175132 0.0274901763158808
27.873989999113924 0.009696910708166914 0.02570963328095699
27.902269999112853 0.010395855934325503 0.027479889797443757
27.930549999111783 0.009701028686607178 0.02572006593803966
27.958829999110712 0.010391677131036376 0.02746931369732586
27.98710999910964 0.00970525866302932 0.02573078234973103
28.01538999910857 0.010387388510178477 0.027458459649942757
28.0436699991075 0.009709596059613811 0.025741770918197293
28.07194999910643 0.0103829946400413 0.027447339217545608
28.10022999910536 0.009714036329310644 0.02575302012338687
28.127499999104327 0.010382895263336828 0.027447086563492373
28.155779999103256 0.009713803773145808 0.02575243199763877
28.184059999102185 0.01037906170434397 0.02743738425203812
28.212339999101115 0.00971768872378354 0.02576227428886524
28.240619999100044 0.010375118548047657 0.02742740455112802
28.268899999098974 0.009721680974426498 0.025772388432077076
28.297179999097903 0.010371070164117408 0.027417158520159912
28.325459999096832 0.009725776172673907 0.025782763400827857
28.35373999909576 0.010366920895480474 0.02740665715099677
28.38201999909469 0.009729969994684408 0.02579338824035826
28.41029999909362 0.010362675055211755 0.027395911359640035
28.437569999092588 0.009729889805219539 0.025793186088363118
28.465849999091517 0.010363068936549718 0.027396907180954333
28.494129999090447 0.009733554562576996 0.025802470530422728
28.522409999089376 0.010359348483294135 0.027387491119978957
28.550689999088306 0.009737322111241401 0.025812015401938115
28.578969999087235 0.010355527207789626 0.02737781987950383
28.607249999086164 0.009741188314056317 0.025821810221149377
28.635529999085094 0.010351609239026621 0.027367903908503965
28.663809999084023 0.009745149059718936 0.02583184457022325
28.692089999082953 0.010347598677887569 0.027357753587009537
28.71935999908192 0.009745206994717632 0.025831992311264873
28.74763999908085 0.010347839747904371 0.027358362705520722
28.77591999907978 0.009748663700144159 0.02584074966414107
28.80419999907871 0.0103443297504764 0.02734947928777487
28.832479999077638 0.00975221887110533 0.025849756485929465
28.860759999076567 0.010340723158727616 0.027340351390625628
28.889039999075496 0.00975586857441928 0.02585900281190101
28.917319999074426 0.010337023897869179 0.027330988948626178
28.945599999073355 0.009759608901613393 0.025868478740520562
28.973879999072285 0.010333235867427543 0.027321401831892356
29.001149999071252 0.009759791738831751 0.02586894287709418
29.02942999907018 0.010333338028565347 0.027321659430668
29.05770999906911 0.009763051878873243 0.025877202241786357
29.08598999906804 0.0103300268985633 0.0273132793272568
29.11426999906697 0.009766406334537948 0.02588570056076822
29.1425499990659 0.010326623231960878 0.027304665014271645
29.17082999906483 0.009769851366440523 0.02589442836087308
29.199109999063758 0.010323130759691391 0.027295825935347295
29.227389999062687 0.009773383258819313 0.025903376228531005
29.255669999061617 0.010319553189395519 0.027286771473278293
29.283949999060546 0.009776998320861778 0.025912534812144727
29.311219999059514 0.010319529356707458 0.02728671023664031
29.339499999058443 0.009776753173109987 0.025911914591614238
29.367779999057372 0.010316406132027112 0.027278805703201403
29.396059999056302 0.009779917947834758 0.025919932362916676
29.42433999905523 0.0103131942632951 0.027270676811952388
29.45261999905416 0.009783169502233482 0.025928169996147776
29.48089999905309 0.010309897297669667 0.027262332541067025
29.50917999905202 0.009786504303631238 0.02593661854121132
29.53745999905095 0.010306518760032357 0.027253781812275335
29.565739999049878 0.009789918842805024 0.02594526910795203
29.593009999048846 0.0103063809257676 0.02725343208939135
29.621289999047775 0.009789800060865106 0.02594496899583909
29.649569999046705 0.010303435235371904 0.027245976877465772
29.677849999045634 0.009792785596130876 0.025952532671968953
29.706129999044563 0.010300404635537701 0.027238306760468678
29.734409999043493 0.009795854267423718 0.025960306978811687
29.762689999042422 0.010297292498484236 0.027230430272928707
29.79096999904135 0.009799002716167566 0.02596828340766244
29.81924999904028 0.010294102175626953 0.027222355898137707
29.84752999903921 0.009802227605479562 0.02597645350402855
29.87580999903814 0.010290836995119578 0.02721409205863612
29.903079999037107 0.009802223501322965 0.025976443890174394
29.931359999036037 0.010291083497936193 0.027214715122803046
29.959639999034966 0.009805039674591159 0.025983578495836213
29.987919999033895 0.010288224203374347 0.027207478562774057
30.016199999032825 0.009807935487587188 0.025990914874007842
30.044479999031754 0.010285286788464581 0.027200044280406566
30.072759999030684 0.009810907747837149 0.02599844493618164
30.101039999029613 0.010282274438847149 0.027192420338628676
30.129319999028542 0.009813953283328307 0.026006160646285803
30.15759999902747 0.010279190319486403 0.02718461474781053
30.18486999902644 0.00981405300335923 0.026006414034984715
30.21314999902537 0.010279321645803276 0.027184946347724726
30.241429999024298 0.00981670915969238 0.026013143245462444
30.269709999023227 0.010276624230102598 0.02717811948680371
30.297989999022157 0.00981944160194771 0.026020065730913977
30.326269999021086 0.010273851972905567 0.02717110320251681
30.354549999020016 0.0098222472945259 0.02602717380116859
30.382829999018945 0.010271007902148426 0.027163905158744672
30.411109999017874 0.009825123221814886 0.026034459815860167
30.439389999016804 0.010268095028130508 0.027156532974370595
30.467669999015733 0.009828066388185687 0.02604191618585938
30.4949399990147 0.010268121776001404 0.027156599930699965
30.52321999901363 0.009827821674819142 0.026041296906653688
30.55149999901256 0.010265577320316287 0.0271501601968982
30.57977999901149 0.009830399722755612 0.02604782824134899
30.60805999901042 0.010262961169148132 0.027143539002094652
30.636339999009348 0.009833047952883627 0.026054537387387722
30.664619999008277 0.01026027620186051 0.0271367436340042
30.692899999007206 0.00983576349761815 0.026061417079081828
30.721179999006136 0.010257525279062929 0.027129781332757563
30.749459999005065 0.009838543509845903 0.026068460104200497
30.776729999004033 0.010257457291831345 0.027129608555931384
30.805009999002962 0.009838403548100545 0.026068106180177075
30.83328999900189 0.010255057358940115 0.02712353459491945
30.86156999900082 0.009840835695202933 0.026074267882314484
30.88984999899975 0.010252588748822788 0.02711728681209502
30.91812999899868 0.009843335080317317 0.026080599935518478
30.94640999899761 0.010250054198792827 0.02711087213567165
30.97468999899654 0.009845898977049506 0.02608709543362453
31.002969998995468 0.010247456428841051 0.027104297450364356
31.031249998994397 0.009848524678185344 0.026093747517752508
31.059529998993327 0.010244798140926492 0.02709756959382581
31.086799998992294 0.009848479878307417 0.0260936346558438
31.115079998991224 0.010245039448393941 0.027098179666673605
31.143359998990153 0.009850774160652696 0.0260994470834941
31.171639998989082 0.010242710274330753 0.02709228478335879
31.199919998988012 0.009853132855907625 0.02610542270642391
31.22819999898694 0.010240317921151305 0.027086229994266464
31.25647999898587 0.009855553372107367 0.02611155495617634
31.2847599989848 0.010237864975383272 0.027080021845127256
31.31303999898373 0.00985803313463016 0.026117837309924674
31.34131999898266 0.010235354005605952 0.027073666836618937
31.368589998981626 0.009858074588535052 0.026117942942105454
31.396869998980556 0.01023549985912287 0.02707403535354702
31.425149998979485 0.009860238609093325 0.026123425358159924
31.453429998978415 0.010233302452731841 0.027068473961344708
31.481709998977344 0.009862464331317366 0.026129064099444932
31.509989998976273 0.0102310445171455 0.027062759369911316
31.538269998975203 0.009864749291521051 0.026134852923531682
31.566549998974132 0.010228728510525528 0.027056897800581403
31.59482999897306 0.009867091041323378 0.02614078562772626
31.62310999897199 0.01022635687545857 0.0270508954357096
31.65138999897092 0.009869487150286935 0.02614685605507594
31.678659998969888 0.010226415969854458 0.027051044401449342
31.706939998968817 0.00986925143074197 0.02614625943080373
31.735219998967747 0.010224343075516411 0.02704579813620489
31.763499998966676 0.009871351482189294 0.02615157979031224
31.791779998965605 0.010222212194218995 0.02704040510667083
31.820059998964535 0.009873508292794486 0.026157043952690362
31.848339998963464 0.010220025663484051 0.0270348712284596
31.876619998962394 0.009875719534767962 0.026162646020766456
31.904899998961323 0.010217785805309344 0.027029202378525685
31.933179998960252 0.009877982896072128 0.026168380136804004
31.96044999895922 0.010217766218892598 0.0270291522364019
31.98872999895815 0.009877833971518651 0.026168003380810934
32.01700999896312 0.010215810971758566 0.027024203724212992
32.045289998972095 0.009879815262259613 0.02617302286519463
32.07356999898107 0.010213800177595368 0.027019114623616503
32.10184999899005 0.009881850932363162 0.026178180123603845
32.130129998999024 0.010211736058182014 0.027013890557070486
32.158409999008 0.009883938769108551 0.026183469549545535
32.18668999901698 0.010209620821287346 0.027008537112016562
32.21496999902595 0.009886076574443469 0.026188885574229825
32.24223999903461 0.010209530053899296 0.027008306843046004
32.270519999043586 0.009886006577627409 0.026188708756991197
32.29879999905256 0.010207685960393465 0.02700363964999175
32.32707999906154 0.009887875645008985 0.026193443928923532
32.355359999070515 0.010205788660397187 0.026998837791880614
32.38363999907949 0.009889796808591216 0.0261983110899755
32.41191999908847 0.01020384026604323 0.026993906614125596
32.440199999097445 0.009891767964459914 0.0262033049096555
32.46847999910642 0.01020184287645902 0.026988851429821104
32.4967599991154 0.00989378702303426 0.026208420094353535
32.525039999124374 0.010199798576210107 0.026983677513925386
32.55230999913303 0.009893788643460199 0.026208424694806887
32.580589999142006 0.010199948803378545 0.026984057221324242
32.60886999915098 0.009895551672673173 0.026212891224275392
32.63714999915996 0.010198158758838404 0.026979526816228727
32.665429999168936 0.009897364607027125 0.02621748419155967
32.69370999917791 0.010196319761381927 0.02697487251172026
32.72198999918689 0.009899225446519883 0.026222198529179952
32.750269999195865 0.010194433806481499 0.02697009935740402
32.77854999920484 0.009901132204092087 0.026227029203340635
32.80682999921382 0.010192502876154908 0.026965212370566594
32.834099999222474 0.00990119865388783 0.026227198025918774
32.86237999923145 0.010192581163033355 0.026965410025592274
32.89065999924043 0.009902861496215474 0.02623141073654356
32.9189399992494 0.010190892471734986 0.0269611361355393
32.94721999925838 0.009904572141602392 0.0262357445589112
32.975499999267356 0.010189157277832995 0.026956743546535655
33.00377999927633 0.009906328688625118 0.026240194676463435
33.03205999928531 0.010187378481983877 0.026952237059008066
33.060339999294285 0.009908129248661834 0.026244756303861472
33.08861999930326 0.01018555661322162 0.02694762144404006
33.11689999931224 0.00990997194487597 0.026249424685720335
33.144169999320894 0.010185569573065078 0.026947653820463824
33.17244999932987 0.009909822419231556 0.026249046305681922
33.20072999933885 0.010183978256650406 0.026943622312347593
33.229009999347824 0.009911436396700514 0.026253135224918456
33.2572899993568 0.010182342058671526 0.026939477094722886
33.28556999936578 0.009913094353526972 0.026257335568002915
33.31384999937475 0.01018066278100206 0.026935222732538122
33.34212999938373 0.009914794493200613 0.026261642784242145
33.370409999392706 0.010178942213699384 0.026930863760732393
33.39868999940168 0.009916535031500523 0.02626605235306334
33.42595999941034 0.010178896077685549 0.026930746439812747
33.454239999419315 0.009916450937170489 0.0262658397223392
33.48251999942829 0.010177395155149755 0.02692694394076378
33.51079999943727 0.00991797356480727 0.026269697210723475
33.539079999446244 0.010175851241157345 0.026923032520587142
33.56735999945522 0.009919538326182142 0.026273661447395735
33.5956399994642 0.010174266048316156 0.02691901651812323
33.62391999947317 0.009921143514066684 0.026277728107393372
33.65219999948215 0.010172641278607952 0.02691490024587795
33.680479999491126 0.009922787432038805 0.02628189289266558
33.7087599995001 0.010170978622275586 0.0269106879859371
33.73602999950876 0.009922762771044185 0.02628183081653246
33.764309999517735 0.010171126233154585 0.02691106154842915
33.79258999952671 0.009924199081105502 0.026285469622810975
33.82086999953569 0.010169669533169102 0.02690737108089758
33.849149999544665 0.009925675754007515 0.02628921069168788
33.87742999955364 0.010168173282857875 0.026903580411108408
33.90570999956262 0.009927191166782257 0.02629304990983128
33.933989999571594 0.010166639100573884 0.02689969363840472
33.96226999958057 0.009928743706890458 0.026296983192708456
33.99054999958955 0.010165068593056487 0.02689571483333042
34.0178199995982 0.009928772907449868 0.026297057555790815
34.04609999960718 0.010165156638373819 0.026895937506454803
34.074379999616156 0.009930127660178078 0.02630048974080479
34.10265999962513 0.010163782355936433 0.026892455840465956
34.13093999963411 0.009931521077164118 0.02630401988450437
34.159219999643085 0.010162370182089205 0.026888878175046482
34.18749999965206 0.009932951615030137 0.02630764407605124
34.21577999966104 0.010160921654648696 0.026885208405103
34.244059999670014 0.00993441774050448 0.026311358430441967
34.27233999967899 0.010159438302662468 0.026881450405258356
34.30061999968797 0.009935917930734315 0.02631515909059523
34.32788999969662 0.010159472215609687 0.026881535953282576
34.3561699997056 0.009935773330245324 0.0263147931052643
34.384449999714576 0.010158175811765303 0.02687825158903534
34.41272999972355 0.00993708806326662 0.026318123906454716
34.44100999973253 0.010156843108376763 0.02687487525802057
34.469289999741505 0.009938438363565893 0.026321544818985743
34.49756999975048 0.010155475567571088 0.026871410664086604
34.52584999975946 0.009939822773396572 0.02632505215014458
34.554129999768435 0.010154074642291526 0.02686786148912157
34.58240999977741 0.009941239844815498 0.02632864223195419
34.60967999978607 0.0101540594706037 0.026867822699661037
34.637959999795044 0.009941149462726648 0.026328413592358046
34.66623999980402 0.010152836651982185 0.02686472475984525
34.694519999813 0.009942389838321245 0.026331556011904844
34.72279999982197 0.010151579060948946 0.026861538722522393
34.75107999983095 0.009943664289979032 0.026334784765458252
34.779359999839926 0.010150288087788551 0.02685826811014147
34.8076399998489 0.009944971431767513 0.02633809634137174
34.83591999985788 0.010148965113839564 0.026854916421625852
34.864199999866855 0.009946309887247682 0.02634148725272345
34.89146999987551 0.010148905542994625 0.02685476516410823
34.91974999988449 0.009946268802255714 0.026341383491856885
34.948029999893464 0.010147752247048692 0.026851843357267313
34.97630999990244 0.009947438914145425 0.026344347901541276
35.00458999991142 0.010146565644135463 0.02684883716563835
35.03286999992039 0.00994864167096025 0.02634739501924388
35.06114999992937 0.010145347055860116 0.026845749937021157
35.089429999938346 0.009949875755434134 0.026350521507501057
35.11770999994732 0.010144097795381408 0.026842584998743035
35.1459899999563 0.009951139858478059 0.026353724049932303
35.174269999965276 0.01014281916728395 0.026839345656060054
35.20153999997393 0.009951143498722798 0.02635373358413906
35.22981999998291 0.010142910557188082 0.02683957687691363
35.258099999991884 0.009952247219549725 0.026356529795534822
35.28638000000086 0.010141791040527148 0.02683674064541952
