0.001020000000000002 0.2361648244652479 0.5906099357932515
0.05758000000000696 0.15324225097230756 0.38505877992399684
0.11514999999998805 0.22529623045652405 0.5728851794813417
0.17070000000002994 0.15024895231472213 0.3730272863739392
0.2272600000000865 0.2184525330314109 0.5547525389588137
0.28382000000014307 0.1464748922025804 0.36516750322178604
0.34038000000019963 0.21144128110899083 0.5344932798891588
0.3969400000002562 0.142652462236825 0.3581372197688837
0.45350000000031276 0.204787869681236 0.5156454493941642
0.5100600000003135 0.13906776208570626 0.35066870765189107
0.5666200000000561 0.19838361254356 0.49837258816830543
0.6231799999997987 0.135659338544224 0.34303060302560695
0.6797399999995413 0.1922896773779674 0.4821576353169488
0.7362999999992839 0.13234448264546106 0.3355725156790057
0.7928599999990265 0.18652314216433596 0.46672388732538206
0.849419999998769 0.1291049399315142 0.32835398714422537
0.9059799999985116 0.1810547962812764 0.45202241323014647
0.9625399999982542 0.12594816795149688 0.3213204752175347
1.0190999999982089 0.17585169697339414 0.4380392032997782
1.0756599999985794 0.12287703273685198 0.314437719568883
1.13221999999895 0.1708907236343153 0.4247303977476191
1.1887799999993205 0.11988772030175027 0.30770088894855885
1.245339999999691 0.16615412629405077 0.4120389724053375
1.3019000000000616 0.11697526584975983 0.3011107982008654
1.358460000000432 0.1616253033089554 0.3999132741843603
1.4150200000008026 0.11413577676457551 0.29466415520513767
1.4705700000011666 0.15773951688036317 0.38944171167926145
1.527130000001537 0.11181586585535784 0.2894787139949284
1.5836900000019076 0.1535978572847835 0.3783654632303235
1.6402500000022782 0.10913177488481662 0.2833510295537023
1.6968100000026487 0.14962010934571165 0.3677365856681991
1.7533700000030192 0.10651204812295828 0.2773519947944947
1.8099300000033898 0.14579430073442648 0.35752247439292395
1.8664900000037603 0.10395400979254395 0.27147728689768114
1.9230500000041308 0.14210990877313198 0.3476943505114405
1.9796100000045014 0.10145522663600277 0.26572285976824706
2.036170000004872 0.13855780695633257 0.3382273390503232
2.0927300000052425 0.09901349403142337 0.2600848446774884
2.149290000005613 0.13513017002451033 0.3291001898626633
2.2058500000059835 0.09662681974020593 0.25455959237390413
2.262410000006354 0.13182011878943742 0.32029430601593356
2.3189700000067246 0.09429338713326896 0.24914362203409812
2.375530000007095 0.12862166214698692 0.3117934670474498
2.4320900000074657 0.09201158343491798 0.24383388060886801
2.488650000007836 0.12553003624576814 0.30358385746196426
2.5452100000082067 0.08977990895817811 0.23862747070378942
2.6017700000085773 0.12254041283713284 0.2956532262712419
2.658330000008948 0.08759698646047115 0.23352172921469183
2.7148900000093183 0.11964841495252779 0.28798965831915435
2.7704400000096823 0.08579232399153094 0.22933851643268666
2.827000000010053 0.11719756785331967 0.281455304241951
2.8835600000104233 0.0837274865726175 0.2244886108520472
2.940120000010794 0.11451248801092806 0.27435308996051067
2.9966800000111644 0.08170693227793716 0.21973105776587065
3.053240000011535 0.11191259592206158 0.26748389298396624
3.1098000000119055 0.07972941373197444 0.21506366121213372
3.166360000012276 0.10939393280656592 0.26083683652546874
3.2229200000126466 0.07779369988096993 0.21048436312135488
3.279480000013017 0.10695258035387319 0.25440109150297596
3.3360400000133876 0.07589851269678843 0.20599098449348707
3.392600000013758 0.1045846684883686 0.2481660202470648
3.4491600000141287 0.07404254021493174 0.2015811491440922
3.5057200000144992 0.10228674858065345 0.24212136900989556
3.5622800000148698 0.07222452865823777 0.1972525671846359
3.6188400000152403 0.10005502952770363 0.236257475441215
3.675400000015611 0.07044332868382179 0.19300319269031085
3.7319600000159814 0.09788620141824023 0.23056525523103
3.7875100000163453 0.06896651039918426 0.18950222515387027
3.844070000016716 0.09606101668240066 0.2257504401287913
3.9006300000170864 0.06728034368912758 0.1854683089492548
3.957190000017457 0.09403298555362628 0.220436779476596
4.013750000017216 0.06562692343032059 0.1815056280101479
4.070310000015075 0.0920581761491571 0.2152682257954286
4.126870000012934 0.06400527399582473 0.17761236170295014
4.183430000010793 0.09013414747832112 0.21023802258206548
4.2399900000086514 0.062414527315757556 0.17378690270815067
4.29655000000651 0.08825867866928282 0.20534000637156824
4.353110000004369 0.06085392615449028 0.1700279180206543
4.409670000002228 0.08642971250811537 0.20056839464062115
4.4662300000000865 0.05932279265011939 0.16633430166972385
4.522789999997945 0.08464559413507108 0.19591781853013357
4.579349999995804 0.05782049200780874 0.16270505635257448
4.635909999993663 0.08290450777749606 0.1913834736738229
4.69145999999156 0.056570126536098886 0.15970150045246934
4.748019999989419 0.08144252872989699 0.1875563799503266
4.804579999987277 0.055146441889605206 0.15625544283716097
4.861139999985136 0.07980522150078848 0.18329796910298013
4.917699999982995 0.05374895584644142 0.15286836767153256
4.974259999980854 0.07820593561642694 0.17914221606807335
5.030819999978712 0.0523771427885794 0.1495392296796405
5.087379999976571 0.07664363196975492 0.17508625447008042
5.14393999997443 0.051030504234780914 0.14626698439655916
5.200499999972289 0.07511735533111091 0.17112747918270887
5.2570599999701475 0.04970857850314809 0.14305064827974112
5.313619999968006 0.07362622652225775 0.16726347804184583
5.370179999965865 0.04841095249454277 0.13988936373819927
5.426739999963724 0.07216943463310892 0.1634919932038903
5.483299999961583 0.047137270338471544 0.13678244014372343
5.53884999995948 0.07093619153271899 0.16028524419322565
5.595409999957338 0.0460856780014527 0.1342279143091596
5.651969999955197 0.06956663689702569 0.15674411341808359
5.708529999953056 0.044879023111899494 0.13127847523738412
5.765089999950915 0.06822848716571552 0.15328742730661427
5.821649999948773 0.0436945906734646 0.12837975380294298
5.878209999946632 0.06692106722239119 0.14991321595766438
5.934769999944491 0.04253212419502038 0.12553137196280595
5.99132999994235 0.06564368161127494 0.14661944126080906
6.0478899999402085 0.04139135005106217 0.12273292377912304
6.104449999938067 0.0643956211831491 0.14340402634631655
6.161009999935926 0.04027197067140913 0.11998393973216004
6.217569999933785 0.06317617006750165 0.14026489421838928
6.2741299999316436 0.0391736709367058 0.11728388844151061
6.330689999929502 0.06198462182971615 0.13720001987767017
6.386239999927399 0.038261983089013976 0.11504755708169334
6.442799999925258 0.06099598578926468 0.13464820249674547
6.499359999923117 0.037223069997899955 0.11248928323545071
6.555919999920976 0.05987592011308632 0.13177076650104924
6.612479999918834 0.036203427980930944 0.1099760732819588
6.669039999916693 0.0587809941155827 0.1289595016023326
6.725599999914552 0.035202693854162394 0.1075072182842085
6.782159999912411 0.0577102660692092 0.12621236486143328
6.8387199999102695 0.034220497993650185 0.10508198384246992
6.895279999908128 0.05666300571972085 0.12352733940058647
6.951839999905987 0.03325646931138438 0.10269962199901395
7.008399999903846 0.05563848949710595 0.12090243671090128
7.0649599999017045 0.03231023446504805 0.10035936678328694
7.121519999899563 0.054635993130026386 0.11833567322806493
7.17706999989746 0.03152505189177744 0.09841907101995062
7.233629999895319 0.0538067167520954 0.1162077460467037
7.290189999893178 0.03062955830688051 0.09620165371327927
7.346749999891037 0.052862099134405593 0.11379178743925467
7.403309999888895 0.029750110470579974 0.09402245667465836
7.459869999886754 0.05193687796533519 0.1114268324301726
7.516429999884613 0.02888642179468247 0.09188091477608795
7.572989999882472 0.05103050697540701 0.10911135234307201
7.6295499998803304 0.028038217280505685 0.08977647639725195
7.686109999878189 0.05014276975947215 0.10684391073747523
7.742669999876048 0.02720524159896951 0.08770862955582714
7.799229999873907 0.04927287530200839 0.10462314173114162
7.8557899998717655 0.026387270549872336 0.08567694698774497
7.9113399998696625 0.048540126746893925 0.10274985420924976
7.967899999867521 0.025711311870811604 0.08399861841963396
8.02445999986538 0.047718986655004986 0.10065498293384545
8.081019999863239 0.024936835383940745 0.08207372806557922
8.137579999861098 0.04691366756049882 0.098601262361242
8.194139999858956 0.02417604307495531 0.0801820862039393
8.250699999856815 0.046123795074457734 0.09658762724575887
8.307259999854674 0.02342874888864472 0.07832333122906876
8.363819999852533 0.04534902430153587 0.09461310232288245
8.420379999850391 0.022694783487286884 0.07649713393619306
8.47693999984825 0.04458903563070299 0.09267678343579666
8.533499999846109 0.021973979857893337 0.07470316454968318
8.590059999843968 0.043843529846410004 0.09077782682355151
8.646619999841826 0.02126617219906738 0.07294108679259947
8.702169999839724 0.043219463833289035 0.08918576237972875
8.758729999837582 0.020684805095817233 0.07149458805496556
8.815289999835441 0.04251482098482516 0.08739055186263167
8.8718499998333 0.020033756612395044 0.06982596230981075
8.928409999831159 0.04182325695143206 0.08562896442955159
8.984969999829017 0.0194209465963123 0.06818672026362993
9.041529999826876 0.04114453182522111 0.083900342160248
9.098089999824735 0.018834412685764322 0.06657652492375599
9.154649999822594 0.04047842098000483 0.08220407108074923
9.211209999820452 0.018271172494705428 0.06499504024994884
9.267769999818311 0.039824713944557985 0.08053957942693035
9.32432999981617 0.017728604166337824 0.06344193193787984
9.380889999814029 0.03918321191665217 0.07890633132594527
9.436439999811926 0.017283133804012734 0.062143521251278866
9.492999999809784 0.038649757776391645 0.07754577202598867
9.549559999807643 0.016787096718878482 0.06067364404580555
9.606119999805502 0.03804272371987995 0.0760002866324494
9.66267999980336 0.016308313779731888 0.05922982651621611
9.71923999980122 0.03744684434280332 0.07448332938866375
9.775799999799078 0.015845750176989644 0.05781173761137959
9.832359999796937 0.03686196658537832 0.07299450577801236
9.888919999794796 0.015398704572610318 0.056419039423305506
9.945479999792655 0.03628810339665774 0.07153343793669942
10.002039999790513 0.014966652133391399 0.05505140073798209
10.058599999788372 0.03572505436353808 0.07009975914479272
10.115159999786231 0.014549447406886197 0.053708496427284924
10.17171999978409 0.03517256895592842 0.06869311262527322
10.227269999781987 0.01420842070826133 0.05259346424076883
10.283829999779845 0.03471630620905501 0.06752932055353877
10.340389999777704 0.013824590088842693 0.05132248802762751
10.396949999775563 0.034193581553589654 0.06619852123230796
10.453509999773422 0.01345384381402976 0.050074169684988235
10.51006999977128 0.03368057686836724 0.0648926213297707
10.56662999976914 0.013094965824008415 0.04884822112340981
10.623189999766998 0.03317716976115441 0.06361131159104971
10.679749999764857 0.012748197741899479 0.047644342004948825
10.736309999762716 0.032683237381756394 0.062354283960375234
10.792869999760574 0.012413454304972352 0.046462225993881834
10.849429999758433 0.03219865654342459 0.06112123145541881
10.905989999756292 0.012090705678233072 0.04530157170434812
10.961539999754189 0.03179177135036999 0.06008431782553725
11.018099999752048 0.01182790786427571 0.04434434453481906
11.074659999749906 0.03133362967561757 0.058918748146519206
11.131219999747765 0.011531157185079886 0.043245726320451094
11.187779999745624 0.03088413184727716 0.05777525959714813
11.244339999743483 0.01124401018819619 0.04216674994355074
11.300899999741342 0.030443323351016623 0.05665356902384566
11.3574599997392 0.01096793615421811 0.041107163129805446
11.414019999737059 0.030010889243728953 0.05555339125490333
11.470579999734918 0.010701470389475054 0.04006671609904089
11.527139999732777 0.029586718161248103 0.05447444002890656
11.583699999730635 0.010443907820058659 0.03904516170756267
11.640259999728494 0.029170699796508517 0.053416431233455075
11.695809999726391 0.010230894299674553 0.03818755136499874
11.75236999972425 0.028824110734556225 0.05253381870283791
11.808929999722109 0.009996624137902473 0.03722099205731855
11.865489999719967 0.02843099147296126 0.05153432570521588
11.922049999717826 0.00977029643060182 0.03627177753499078
11.978609999715685 0.028045359663400604 0.050554069943309354
12.035169999713544 0.009551914565277759 0.035339699281633496
12.091729999711402 0.02766710868250756 0.049592770912187945
12.148289999709261 0.009341756894145025 0.034424544099553867
12.20484999970712 0.027296130327829658 0.04865014431515435
12.261409999704979 0.009140613054375472 0.03352609502574877
12.317969999702838 0.026932315267956145 0.047725903275142034
12.374529999700696 0.008947063901542974 0.03264413243935227
12.431089999698555 0.026575553475014488 0.04681975921780879
12.486639999696452 0.008788781737568974 0.031909448438816046
12.54319999969431 0.026280877571902006 0.046070428421296494
12.59975999969217 0.008612910138287546 0.03107514337729045
12.656319999690028 0.025943918755012455 0.04521458962720715
12.712879999687887 0.008445200254060151 0.03025594127759046
12.769439999685746 0.025613515807279476 0.044375274937802356
12.825999999683605 0.008284050445125845 0.029451641814204343
12.882559999681463 0.025289451327549197 0.043552219039244555
12.939119999679322 0.008129339683583736 0.028662044608107617
12.995679999677181 0.024971624889563726 0.042745157683588
13.05223999967504 0.00798147451069343 0.027886949819677653
13.108799999672899 0.024659936648151193 0.04195382808520609
13.165359999670757 0.007841397313202807 0.02712615886080183
13.220909999668654 0.02439855481135428 0.04128960363631862
13.277469999666513 0.007728593565557024 0.02649778048727791
13.334029999664372 0.024104168172991606 0.04054240067912218
13.39058999966223 0.007602343867315249 0.025778149250321736
13.44714999966009 0.02381537776761706 0.03980952752232758
13.503709999657948 0.00748192250277656 0.02507163122823508
13.560269999655807 0.023532095493447976 0.03909075004172591
13.616829999653666 0.007368571884701358 0.024378056832963235
13.673389999651524 0.023254234191788823 0.038385837121446276
13.729949999649383 0.007261149228071871 0.02369725447394222
13.786509999647242 0.022981706963502636 0.037694559393830485
13.8430699996451 0.007159181376810739 0.02302905074101913
13.89962999964296 0.0227144273291806 0.03701668924716017
13.955179999640857 0.007076039343575692 0.02246844501526679
14.011739999638715 0.02249244208321791 0.036453204677588946
14.068299999636574 0.0069869900211525105 0.02183669305315661
14.124859999634433 0.022239952697060573 0.03581297694825736
14.181419999632292 0.006902951527410325 0.021216468226170626
14.23797999963015 0.021992242863699753 0.03518494992987842
14.29453999962801 0.00682385858610246 0.020607612311729362
14.351099999625868 0.021749345665453973 0.034568922515065825
14.407659999623727 0.006749703273588469 0.020009967011858087
14.464219999621585 0.021511136325851672 0.03396469601117946
14.520779999619444 0.0066808058269258236 0.019423374193261456
14.577339999617303 0.02127747567082297 0.03337207423832478
14.633899999615162 0.0066176351592998894 0.018847676093625143
14.689449999613059 0.021080594682348443 0.03287237485286587
14.746009999610918 0.006567915359423514 0.018369393827200042
14.802569999608776 0.020859885875681838 0.032312692348523964
14.859129999606635 0.006514249498076037 0.017825080224320722
14.915689999604494 0.020643317421713346 0.031763564866127414
14.972249999602353 0.006464944001581772 0.01729072239897711
15.028809999600211 0.020430823830360857 0.031224821582853668
15.08536999959807 0.006420264314018394 0.016766180350025195
15.141929999595929 0.020222340386139785 0.03069629391926343
15.198489999593788 0.006380427805895382 0.016251314747661727
15.255049999591646 0.020017803150448026 0.030177815527054896
15.311609999589505 0.006344768538406166 0.015745987029203157
15.368169999587364 0.019817148959714453 0.02966922226572688
15.424729999585223 0.006313236108521004 0.015250059511184855
15.48027999958312 0.019649838469641304 0.029244859570976
15.536839999580978 0.006290010744440137 0.014842311978990885
15.593399999578837 0.01946024526373124 0.028764357427168985
15.649959999576696 0.006266492679169671 0.014373371895182174
15.706519999574555 0.019274188111602593 0.028292850939437564
15.763079999572414 0.006247433759294806 0.013913022726153024
15.819639999570272 0.019091611981389346 0.027830197208378316
15.876199999568131 0.00623210577219586 0.013461144622795018
15.93275999956599 0.0189124624483554 0.027376254967104163
15.989319999563849 0.006220378137787508 0.013017617854982344
16.04587999956171 0.018736685623809177 0.026930884568943103
16.102439999559568 0.0062121891877449835 0.012582322847642935
16.158999999557427 0.018564228118881348 0.02649394795809501
16.214549999555324 0.00620774661127964 0.012219244918931782
16.271109999553182 0.018421991781020376 0.026133347606893675
16.32766999955104 0.0062058872382525655 0.011807748899084203
16.3842299995489 0.01825898576518947 0.025720383685357007
16.44078999954676 0.0062078108854836545 0.011403770207130126
16.497349999544618 0.018099055932976737 0.025315095245204144
16.553909999542476 0.006212799825551969 0.011007201696389135
16.610469999540335 0.017942174331821083 0.024917359683673812
16.667029999538194 0.0062207674002515145 0.010617936015400176
16.723589999536053 0.017788217733987616 0.024527054153844485
16.78014999953391 0.006231613894505199 0.01023586541927246
16.83670999953177 0.017637139394679185 0.024144058154118575
16.89326999952963 0.006245303601893719 0.00986088256651474
16.948819999527526 0.01751079398029646 0.023823572326131526
17.005379999525385 0.0062592193523034224 0.009551565126886263
17.061939999523243 0.017367990156286435 0.023461562240234546
17.118499999521102 0.006278133977934913 0.009196999397387273
17.17505999951896 0.017227806056499075 0.02310620274996733
17.23161999951682 0.0062994392345396 0.00884889736004757
17.28817999951468 0.0170902020228399 0.022757392317762637
17.344739999512537 0.00632306803645461 0.008507165440929665
17.401299999510396 0.01695513899687433 0.022415031018307996
17.457859999508255 0.006348937262920595 0.008171711052162856
17.514419999506114 0.01682257848392679 0.022079020434007113
17.570979999503972 0.006377459901667909 0.00784244259243172
17.62753999950183 0.016692482525101915 0.021749263577597322
17.683089999499728 0.006403754032114027 0.00756700453495851
17.739649999497587 0.016584895062993366 0.0214763908526594
17.796209999495446 0.0064355364259562065 0.0072556980590055
17.852769999493304 0.016461878172797234 0.02116457962892948
17.909329999491163 0.006469105518429947 0.006950035751562833
17.965889999489022 0.01634110883037531 0.020858470563067666
18.02244999948688 0.006504877005757522 0.006649938273861622
18.07900999948474 0.01622255431121914 0.0205579801259681
18.1355699994826 0.0065427918777583955 0.006355326989593291
18.192129999480457 0.016106182249252254 0.020263025732170092
18.248689999478316 0.00658229606266339 0.0060661239446591075
18.305249999476175 0.01599196062441543 0.019973525710559326
18.361809999474033 0.006623315105836762 0.005782251864527854
18.41735999947193 0.015896196547013353 0.019730663805261894
18.47391999946979 0.006659214560771297 0.005547463493726923
18.530479999467648 0.01578820070751549 0.01945694195433223
18.587039999465507 0.0067027035421916535 0.005279015023818001
18.643599999463365 0.01568216720842739 0.019188196778718858
18.700159999461224 0.006747395326948341 0.0050154355029752296
18.756719999459083 0.01557806825699439 0.018924357427219096
18.81327999945694 0.0067932210374227016 0.004756657583826485
18.8698399994548 0.01547587629861629 0.018665353678204433
18.92639999945266 0.00684095362715742 0.004502614385348824
18.982959999450518 0.015375564013440075 0.01841111592909561
19.039519999448377 0.00688994897348595 0.004253239490203953
19.096079999446236 0.01527710431235131 0.0181615751837505
19.151629999444133 0.006932436253513795 0.00404411479177913
19.20818999944199 0.015195483670371216 0.01795458196430788
19.26474999943985 0.006982501646070878 0.003808333794041996
19.32130999943771 0.0151023678378046 0.01771858096841772
19.377869999435568 0.00703394484464716 0.003576817253880815
19.434429999433426 0.015010944003560607 0.017486869425409335
19.490989999431285 0.007086086918716798 0.00334950708408277
19.547549999429144 0.014921188510816826 0.017259387107426694
19.604109999427003 0.0071389349052659095 0.003126345512194373
19.66066999942486 0.014833077866370966 0.017036074218423902
19.71722999942272 0.007193469255538993 0.0029072750887704224
19.77378999942058 0.01474661811503382 0.016816871392388855
19.830349999418438 0.007248522152738153 0.0026922386982319857
19.885899999416335 0.014674001771200715 0.016632549697714882
19.942459999414194 0.00729519277282007 0.002513958520145021
19.999019999412052 0.014592294081503285 0.016425272543663105
20.05557999940991 0.007350862302279453 0.002310610894096232
20.11213999940777 0.01451206614622331 0.016221749230671545
20.16869999940563 0.007406839180610035 0.002110950103140219
20.225259999403487 0.014433297551327674 0.016021927787346346
20.281819999401346 0.007463171459314176 0.0019149259756767734
20.338379999399205 0.014355967999719811 0.015825756553033976
20.394939999397064 0.007520870017754425 0.0017224885616173857
20.451499999394922 0.014280057311538466 0.015633184178109882
20.50805999939278 0.0075787214068098125 0.0015335881140887686
20.56461999939064 0.014205545430231463 0.015444159644595334
20.620169999388537 0.007628481210779436 0.0013748118746326199
20.676729999386396 0.014143632603738862 0.015286993072194388
20.733289999384255 0.007686309585530472 0.0011962190000658346
20.789849999382113 0.014073162484723765 0.015108215067216602
20.846409999379972 0.0077440970197250845 0.001020858017308779
20.90296999937783 0.014003970538573206 0.014932678774526309
20.95952999937569 0.007802644840351758 0.0008486852634104203
21.01608999937355 0.013936039128012754 0.014760339320418758
21.072649999371407 0.007861558206728275 0.0006796572748823948
21.129209999369266 0.013869350706854217 0.014591152064147295
21.185769999367125 0.007920293718369142 0.0005137308002001184
21.242329999364983 0.013803887823610271 0.014425072610657619
21.298889999362842 0.007980095327729145 0.0003508627982595769
21.35443999936074 0.013748747552204245 0.014285090398047373
21.410999999358598 0.008030357474587429 0.00021552255459189595
21.467559999356457 0.013686846842968226 0.014128040471372838
21.524119999354316 0.008089026199229372 6.152014068172562e-05
21.580679999352174 0.013626065773406776 0.013973829607127897
21.637239999350033 0.008147876043342899 8.968654109375862e-05
21.693799999347892 0.01356638900399503 0.013822418786613166
21.75035999934575 0.008206491972595948 0.0002381353586322632
21.80691999934361 0.0135078012707571 0.013673769188748963
21.863479999341468 0.008264034473127627 0.0003838640281306205
21.920039999339327 0.01345028738636104 0.013527842194638318
21.976599999337186 0.008320518409985088 0.0005269101039040436
22.033159999335044 0.01339383224448225 0.013384599398258423
22.089719999332903 0.008375958575136445 0.0006673109615662476
22.1452699993308 0.013346809855007013 0.01326520495539274
22.20182999932866 0.008421499725616333 0.0007826448661152341
22.258389999326518 0.01329341648721403 0.013129722159954671
22.314949999324377 0.008473932740777563 0.0009154200828809245
22.371509999322235 0.013240990647029851 0.012996692153854905
22.428069999320094 0.008525411471174232 0.001045776751218419
22.484629999317953 0.013189519044488125 0.012866081155860076
22.54118999931581 0.008575948948024114 0.0011737478037843196
22.59774999931367 0.013138988452729428 0.012737855549482813
22.65430999931153 0.008625558145840956 0.0012993660364557513
22.710869999309388 0.013089385709605614 0.012611981888410728
22.767429999307247 0.008674251980998363 0.0014226641011250152
22.823989999305105 0.01304069772276826 0.01248842690745322
22.879539999303002 0.008714808436593308 0.0015253592484887335
22.93609999930086 0.013000598716694943 0.012386587999191345
22.99265999929872 0.00876085037410942 0.0016419318143556794
23.04921999929658 0.012954542487610363 0.012269702339784416
23.105779999294437 0.008806055632191768 0.0017563835595812982
23.162339999292296 0.0129093224005473 0.012154935972430447
23.218899999290155 0.008850435587772626 0.0018687432490560596
23.275459999288014 0.01286492692375967 0.012042259600497651
23.332019999285873 0.008894001572784836 0.0019790395370367087
23.38857999928373 0.012821344577274943 0.011931644063278846
23.44513999928159 0.008936764871247794 0.0020873009601185544
23.50169999927945 0.01277856393787882 0.01182306034747116
23.558259999277308 0.008978781492959925 0.0021935559176067265
23.613809999275205 0.012742839703633864 0.011732315263301984
23.670369999273063 0.00901338132413924 0.0022810460219679918
23.726929999270922 0.012702378819080587 0.011629609606478297
23.78348999926878 0.009053116964012852 0.0023815168284313515
23.84004999926664 0.012662650535551443 0.011528760518697556
23.8966099992645 0.009092128248285963 0.002480153238360039
23.953169999262357 0.012623644778667835 0.011429742410262733
24.009729999260216 0.009130425091225048 0.002576980294410891
24.066289999258075 0.012585351505364155 0.01133252976992516
24.122849999255934 0.009168017368499603 0.0026720229418075725
24.179409999253792 0.012547760707514902 0.011237097172023258
24.23596999925165 0.009204914915357675 0.0027653060189480883
24.29252999924951 0.012510862437804804 0.01114341934838059
24.348079999247407 0.009235721646783256 0.0028431855427668573
24.404639999245266 0.012480390397226097 0.011065987980807268
24.461199999243124 0.009270606290239191 0.0029313681729536967
24.517759999240983 0.012445485653762007 0.010977360931185842
24.574319999238842 0.009304856021751195 0.0030179426608545334
24.6308799992367 0.01241121383280746 0.010890337536451078
24.68743999923456 0.009338479509151459 0.0031029309218832957
24.743999999232418 0.012377566201163029 0.010804895637861467
24.800559999230277 0.009371485382673784 0.0031863547823141047
24.857119999228136 0.012344534070067272 0.010721013196213214
24.913679999225995 0.009403882234546718 0.003268235975972811
24.970239999223853 0.012312108797426518 0.010638668292539677
25.026799999221712 0.009435678611805482 0.003348596125551939
25.08234999921961 0.012284956166033138 0.010569651488046006
25.138909999217468 0.009461927562292676 0.0034149253170356886
25.195469999215327 0.012254287986645688 0.010491758087971537
25.252029999213185 0.009491993404516185 0.003490900222957727
25.308589999211044 0.012224174369003218 0.010415269701857799
25.365149999208903 0.009521510359136731 0.0035654847552968327
25.42170999920676 0.012194607715989045 0.01034016706885632
25.47826999920462 0.00955048595358238 0.0036386979627156535
25.53482999920248 0.01216558046460248 0.01026643101478264
25.591389999200338 0.009578927680920255 0.003710558809033593
25.647949999198197 0.012137085090482296 0.010194042464117814
25.704509999196056 0.009606842999161569 0.0037810861705511734
25.761069999193914 0.012109114108336861 0.010122982443216966
25.81661999919181 0.00963021022864111 0.0038401123203857246
25.87317999918967 0.012085945967089257 0.010064063962633707
25.92973999918753 0.009656599882259854 0.003906773497586169
25.986299999185388 0.012059485378609363 0.009996830349112695
26.042859999183246 0.009682508456197803 0.003972216029168862
26.099419999181105 0.012033504128803007 0.009930811119951422
26.155979999178964 0.00970794251437573 0.004036456529266097
26.212539999176823 0.012007995629712153 0.009865989578206058
26.26909999917468 0.00973290859435472 0.004099511549582324
26.32565999917254 0.011982953322448264 0.009802349101339924
26.3822199991704 0.00975741320198464 0.004161397561108782
26.438779999168258 0.011958370682221137 0.009739873155290013
26.495339999166116 0.009781462811937603 0.004222130957054482
26.550889999164013 0.011937723283585706 0.0096873441059242
26.607449999161872 0.009801369266483617 0.004272386123660432
26.66400999915973 0.011914472121862574 0.009628241274317606
26.72056999915759 0.009824107224406227 0.0043297956281218575
26.77712999915545 0.01189164104915325 0.009570202709729969
26.833689999153307 0.009846429271479173 0.004386151551782902
26.890249999151166 0.011869224322423138 0.009513213859302372
26.946809999149025 0.00986834111144479 0.004441468337068599
27.003369999146884 0.011847216223794825 0.009457260235323783
27.059929999144742 0.009889848421538927 0.004495760360101464
27.1164899991426 0.011825611062213514 0.009402327417706857
27.17304999914046 0.00991095685345096 0.004549041933077369
27.22960999913832 0.011804403175391897 0.009348401059938727
27.285159999136216 0.009928673519016273 0.004593747404402215
27.341719999134074 0.011786780764798234 0.009303538403548917
27.398279999131933 0.00994862560582692 0.00464409865699178
27.454839999129792 0.011766717517234916 0.00925251184215048
27.51139999912765 0.009968213168357363 0.004693526508836587
27.56795999912551 0.011747017424864475 0.009202405312791484
27.62451999912337 0.009987441183255858 0.004742043564098797
27.681079999121227 0.011727675501420575 0.009153206184542295
27.737639999119086 0.010006314605990623 0.004789662371706971
27.794199999116945 0.011708686782033956 0.009104901876999527
27.850759999114803 0.010024838369666427 0.0048363954249452945
27.907319999112662 0.011690062642824418 0.009057479873153529
27.96387999911052 0.010043017384133495 0.004882255161087201
28.019429999108418 0.01167437121444354 0.009017472251482417
28.075989999106277 0.010058105869407512 0.004920299793442773
28.132549999104135 0.011656757404779955 0.008972606622503765
28.189109999101994 0.010075290801333608 0.004963640433552907
28.245669999099853 0.011639461556664742 0.008928547356146233
28.30222999909771 0.010092160612717619 0.005006182837241635
28.35878999909557 0.011622479323714614 0.008885283430781765
28.41534999909343 0.010108719628929008 0.00504793795982339
28.471909999091288 0.011605806378111377 0.008842803872599614
28.528469999089147 0.01012497215588582 0.005088916708406721
28.585029999087006 0.011589438413412177 0.008801097762856092
28.641589999084864 0.010140922481073622 0.005129129942804678
28.698149999082723 0.011573371143417988 0.008760154233211637
28.754709999080582 0.010156574868626212 0.005168588464043999
28.81025999907848 0.01155997462478461 0.008725968810485707
28.866819999076338 0.010169420801323182 0.005200949736039462
28.923379999074196 0.011544773946035097 0.00868722296538671
28.979939999072055 0.010184218663202016 0.005238242863225828
29.036499999069914 0.011529848134500609 0.008649174218477995
29.093059999067773 0.010198744142033176 0.0052748460390938945
29.14961999906563 0.011515193414562202 0.008611812997116886
29.20617999906349 0.010213000997357025 0.005310768785471431
29.26273999906135 0.011500806026245607 0.008575129767862677
29.319299999059208 0.010226992971953798 0.005346020584851008
29.375859999057067 0.011486682228659426 0.008539115046957146
29.432419999054925 0.010240723789182078 0.005380610869987201
29.488979999052784 0.011472818299428861 0.008503759397437971
29.54452999905068 0.010252152249635145 0.005409380065646285
29.60108999904854 0.011461380128693755 0.008474542589065326
29.6576499990464 0.010265129812641466 0.005442061634852724
29.714209999044257 0.011448261142720578 0.008441076190746077
29.770769999042116 0.010277868681135328 0.005474138615857438
29.827329999039975 0.011435379754182493 0.008408212401256332
29.883889999037834 0.010290372136805158 0.005505619323864508
29.940449999035692 0.011422732683237668 0.00837594290514776
29.99700999903355 0.010302643448007142 0.00553651203776262
30.05356999903141 0.011410316662493187 0.00834425941912409
30.11012999902927 0.010314685865530344 0.005566824993741282
30.166689999027128 0.011398128443236566 0.008313153706906995
30.223249999024986 0.010326502626080192 0.005596566390753122
30.278799999022883 0.011387929177915136 0.00828708092012187
30.335359999020742 0.010336228145301789 0.005621020136503674
30.3919199990186 0.011376397633086005 0.00825764066324508
30.44847999901646 0.010347397483900173 0.005649121063289186
30.50503999901432 0.011365074316126541 0.008228728557868603
30.561599999012177 0.010358360537649552 0.005676699528445184
30.618159999010036 0.011353956363616368 0.008200337345098951
30.674719999007895 0.010369120158910795 0.0057037627582801065
30.731279999005753 0.011343040925194408 0.008172459798994058
30.787839999003612 0.010379679187046593 0.005730317946250896
30.84439999900147 0.011332325163573853 0.008145088726918548
30.90095999899933 0.010390040448021642 0.005756372251819464
30.95751999899719 0.01132180625595985 0.008118216972718972
31.013069998995086 0.010398688811596307 0.005778096679154299
31.069629998992944 0.011313094398084938 0.008095918420580883
31.126189998990803 0.010408479454321868 0.005802705187463175
31.182749998988662 0.01130313993978924 0.00807047830020391
31.23930999898652 0.010418089357145605 0.0058268559676832865
31.29586999898438 0.011293365457833545 0.008045494711306223
31.352429998982238 0.010427521010190514 0.0058505553298005
31.408989998980097 0.011283768463696891 0.00802096134596697
