0.001020000000000002 0.11904359237476902 0.29746353038830886
0.03940000000000139 0.06459146803305105 0.16838278383548566
0.07980000000000176 0.11636988076978927 0.2963232407815042
0.11817999999998688 0.063763927077373 0.16203546228297228
0.1575700000000168 0.11535496624139119 0.2938747032537381
0.1969600000000562 0.06208296036857586 0.15850954915375137
0.23534000000009458 0.11444361829647376 0.2902902011638342
0.274730000000134 0.06096951839621201 0.15677501205506594
0.31412000000017337 0.1130614752875756 0.2858422947773498
0.35351000000021277 0.05940869406812043 0.1529929745390568
0.39189000000025115 0.11199552413060809 0.28332518674225593
0.43128000000029054 0.0585364139434753 0.15045349977085287
0.47067000000032994 0.1104771252823873 0.2797793131805171
0.5100600000003135 0.057060946015112364 0.14655164185209957
0.5484400000001388 0.10948525992407242 0.27723637280964164
0.5878299999999596 0.05616258781948814 0.14435239366346053
0.6272199999997803 0.10806861030272163 0.27351598983266223
0.666609999999601 0.05468696120752192 0.14068491141208117
0.7049899999994264 0.10711903659351095 0.2710651319622559
0.7443799999992471 0.053835431494428376 0.1385130288169334
0.7837699999990678 0.10571901357195103 0.26751119504312415
0.8231599999988886 0.05240738949427859 0.13486368749592303
0.8615399999987139 0.10480237563926076 0.26518017191846655
0.9009299999985346 0.051587775103352995 0.13278025007246175
0.9403199999983554 0.10343788250079679 0.2616948286755516
0.9797099999981761 0.05018612904969055 0.12922882936450275
1.0180899999982023 0.1025605744393029 0.2594488630394909
1.0574799999984603 0.049398506093802245 0.12723017350845245
1.0968699999987184 0.10122615093983024 0.25604276945624393
1.1362599999989764 0.04802769763454595 0.12374784154169927
1.1746399999992279 0.10038386240448294 0.2538933809249522
1.214029999999486 0.0472725299393949 0.12182795782779143
1.253419999999744 0.09907778636694209 0.2505627107687203
1.2917999999999954 0.04641495116184613 0.11964802858004386
1.3311900000002534 0.09827068175719135 0.2485022615248189
1.3705800000005115 0.04520581671791957 0.1165776112353134
1.4099700000007696 0.09699195413446104 0.24524131800794935
1.448350000001021 0.04438262538524129 0.1144851975336314
1.487740000001279 0.09621874977956013 0.24326822645072133
1.527130000001537 0.043196871512206636 0.11147300592275755
1.5665200000017951 0.09496587786658839 0.24007442829135917
1.6049000000020466 0.04240725886489216 0.10946584383654256
1.6442900000023046 0.09422564753839269 0.2381857568367507
1.6836800000025627 0.04124383841637724 0.10650997833405729
1.7230700000028207 0.09299767298110118 0.23505576711932985
1.7614500000030722 0.040486906904648956 0.10458600426800357
1.8008400000033302 0.09228955830818952 0.23324902583765628
1.8402300000035883 0.03934498565360667 0.10168432164590069
1.8796200000038463 0.09108554868982732 0.23018041145542734
1.9180000000040978 0.0386198791427147 0.0998412038039187
1.9573900000043558 0.090408515569536 0.2284532226735414
1.9967800000046139 0.037498699846453376 0.09699180420315034
2.036170000004872 0.08922750238783195 0.22544370819376214
2.0745500000051234 0.03680453629209879 0.09522730671618351
2.1139400000053814 0.08858062504165432 0.2237936490888215
2.1533300000056395 0.03570341347014172 0.09242852514651512
2.191710000005891 0.08784912797139055 0.22192854006147789
2.231100000006149 0.03503931393823756 0.09074042464858323
2.270490000006407 0.08680417259183681 0.2192657922636232
2.309880000006665 0.03395762917068501 0.08799077308637715
2.3482600000069165 0.08610425542177491 0.217481335896752
2.3876500000071745 0.03332271463658287 0.0863768607976656
2.4270400000074326 0.08507753205815338 0.21486535580917954
2.4664300000076906 0.032259906840191976 0.0836749844771223
2.504810000007942 0.0844081996710545 0.21315896862919015
2.5442000000082 0.031653304622050515 0.08213305237313451
2.583590000008458 0.08339916186902374 0.2105883078614479
2.6229800000087162 0.030608865457274925 0.07947770470901894
2.6613600000089677 0.08275943968098032 0.20895747754592353
2.7007500000092257 0.030029710668080908 0.07800555776384943
2.7401400000094838 0.08176759552664237 0.20643084293149316
2.778520000009735 0.029375290879210092 0.07634175997903725
2.8179100000099933 0.08115652819683206 0.2048731158615591
2.8573000000102513 0.0284506134960788 0.07399105481507018
2.8966900000105094 0.08018143218181217 0.2023893443919511
2.935070000010761 0.027824818848772526 0.07240004875003203
2.974460000011019 0.07959808300094395 0.2009023213068173
3.013850000011277 0.026914743303750988 0.07008633376381912
3.053240000011535 0.07863933038257909 0.19846036008438483
3.0916200000117864 0.026316658024325697 0.06856578974500094
3.1310100000120444 0.07808278193120666 0.19704169174947772
3.1704000000123025 0.02542087613642019 0.0662883019386662
3.2097900000125605 0.07714000394955789 0.19464057762905718
3.248170000012812 0.024849600140744114 0.06483593394787102
3.28756000001307 0.07660935801333812 0.1932879619416905
3.326950000013328 0.023967831308742693 0.06259398000879601
3.3653300000135795 0.07601183353524088 0.1917653089727689
3.4047200000138376 0.023422481418249652 0.06120753990356276
3.4441100000140956 0.07517659367667551 0.18963800328217761
3.4835000000143537 0.02255447039253311 0.05900047945630593
3.521880000014605 0.07460584402025161 0.1881835865754411
3.561270000014863 0.022034181074468195 0.057677761256025306
3.600660000015121 0.07378348596560702 0.18608881464635685
3.6400500000153793 0.021179693678161415 0.05550500911324363
3.6784300000156307 0.07323868619802121 0.1847002984616597
3.7178200000158887 0.02068361709380473 0.05424385577430524
3.757210000016147 0.07242883394960653 0.18263750255703703
3.796600000016405 0.019842437679561398 0.052104874474556695
3.8349800000166563 0.07190898977940963 0.18131260824360007
3.8743700000169143 0.019369744613994877 0.05090317629707908
3.9137600000171724 0.07111144832192406 0.17928127832941287
3.952140000017424 0.018837244889784777 0.04954922408983986
3.991530000017682 0.07061569006141133 0.17801778455498463
4.030920000016566 0.018091553961356976 0.0476531639441502
4.070310000015075 0.06983028016649728 0.17601745174889993
4.108690000013622 0.017583154687967895 0.046360494925135054
4.148080000012131 0.069357760319679 0.17481319479656365
4.18747000001064 0.016848068840867203 0.04449134276028888
4.2268600000091485 0.06858431632424267 0.1728434264209211
4.2652400000076955 0.016362934157207798 0.043257829205178844
4.304630000006204 0.06813420951146587 0.1716963003395744
4.344020000004713 0.01563834480888404 0.04141531433856649
4.383410000003222 0.06737257728476798 0.1697566958185237
4.421790000001769 0.015175660303010985 0.04023888236178719
4.461180000000278 0.06694408007289365 0.16866465232820982
4.5005699999987865 0.014461467623758772 0.03842275385682603
4.5389499999973335 0.06646214526609218 0.16743669646892556
4.578339999995842 0.014020440091653931 0.037301385090604544
4.617729999994351 0.06578644648792142 0.1657158850317808
4.65711999999286 0.01331655097328921 0.035511410924493614
4.695499999991407 0.06532667445653384 0.1645444109128258
4.734889999989916 0.012896408143957648 0.03444314234027912
4.7742799999884244 0.06466041422230762 0.16284770853699504
4.813669999986933 0.012202735192226366 0.03267910540810659
4.85204999998548 0.06422200904282382 0.16173068578561045
4.891439999983989 0.011802725852065654 0.03166202704487642
4.930829999982498 0.06356511744504456 0.1600579078931963
4.970219999981007 0.01111918658693889 0.029923721488667177
5.008599999979554 0.06314730608110153 0.15899336518054863
5.047989999978062 0.010738580269643472 0.028955976230859992
5.087379999976571 0.06249971764505169 0.15734433946150705
5.125759999975118 0.010310008128362691 0.027866135887610888
5.165149999973627 0.062101749767685795 0.15633036242891363
5.204539999972136 0.009703182596313087 0.026322990846538996
5.243929999970645 0.06146340295342301 0.15470492387572587
5.282309999969192 0.009294485530946361 0.02528369252945417
5.3216999999677 0.06108455048253914 0.1537396538735969
5.361089999966209 0.0086957672547181 0.023761131882837905
5.400479999964718 0.060455386304597014 0.1521376458487933
5.438859999963265 0.008306224797446027 0.022770543371553043
5.478249999961774 0.06009498370896238 0.15121928110929383
5.5176399999602825 0.0077155916464737295 0.021268513685501755
5.557029999958791 0.05947511521117177 0.14964055343186233
5.595409999957338 0.007344504512614258 0.02032485632300629
5.634799999955847 0.05913248817692852 0.14876734643305412
5.674189999954356 0.0067619345741603 0.0188433047159986
5.712569999952903 0.058746864770564344 0.14778473758167987
5.751959999951412 0.006408624268193552 0.017944852776541342
5.7913499999499205 0.0581961141989562 0.14638200932522993
5.830739999948429 0.005834095460887201 0.016483725473603883
5.869119999946976 0.05782859001581709 0.14544552156627866
5.908509999945485 0.005497903914545299 0.015628805011136393
5.947899999943994 0.05728516304481923 0.14406148434348287
5.987289999942503 0.004931393559936326 0.014188046084095962
6.02566999994105 0.05693506803788174 0.14316940961912605
6.0650599999395585 0.0046116827058055865 0.013375033899787336
6.104449999938067 0.05639895627724289 0.14180403896377758
6.142829999936614 0.0042523244742993516 0.01246111017882967
6.182219999935123 0.056065641300898195 0.14095472239373796
6.221609999933632 0.0037493184102800337 0.011181907840462912
6.260999999932141 0.05553683512037267 0.1396079903706604
6.299379999930688 0.0034067786785553222 0.010310754521181131
6.338769999929196 0.05521967144644413 0.13879982896664034
6.378159999927705 0.0029101865513212477 0.009047840896148074
6.417549999926214 0.05469815960487833 0.13747170378749507
6.455929999924761 0.00258384265292555 0.008217874447324913
6.49531999992327 0.05439653837939317 0.13670314550154883
6.534709999921779 0.002093679873957921 0.00697129050113432
6.574099999920287 0.05388230778597081 0.13539359095016135
6.612479999918834 0.001782928637856229 0.006180977011238653
6.651869999917343 0.053595639559534836 0.13466313335194213
6.691259999915852 0.0012992076923837859 0.004950756150212676
6.729639999914399 0.05327336163587992 0.13384206031621382
6.769029999912908 0.001035541831680531 0.004198610244021683
6.8084199999114166 0.05281638932735521 0.13267829720572388
6.847809999909925 0.0007347984428591747 0.0029847779804637042
6.886189999908472 0.05250934506442839 0.1318960356750054
6.925579999906981 0.0006307259475084592 0.0022693615122415522
6.96496999990549 0.052058218244750425 0.1307471834575913
7.004359999903999 0.0006333778361526932 0.0010719352014909589
7.042739999902546 0.051765835489927525 0.1300022754888941
7.0821299999010545 0.0007465914287183573 0.00039185565539057166
7.121519999899563 0.05132057257712941 0.12886837872155832
7.160909999898072 0.0011737613042313022 0.000789155461100588
7.199289999896619 0.051042297756316635 0.1281594134353914
7.238679999895128 0.0014245752699769687 0.0014352454798194358
7.278069999893637 0.05060291380037585 0.12704050785021792
7.316449999892184 0.0017070673068867446 0.0021629919266907827
7.3558399998906925 0.05033821141334183 0.12636612033963823
7.395229999889201 0.002114768661344857 0.0032132441950327717
7.43461999988771 0.049904717928988984 0.1252622333558162
7.472999999886257 0.002383817594538984 0.003906361187056007
7.512389999884766 0.04965306994216212 0.12462110357076561
7.551779999883275 0.0027869163900512417 0.004943409290314449
7.591169999881783 0.04922549586650882 0.12353225388684885
7.6295499998803304 0.0030435433200616258 0.005603202718518219
7.668939999878839 0.04898648903605918 0.12292310508053017
7.708329999877348 0.0034417539222245663 0.006626976403845131
7.746709999875895 0.04871793542465386 0.12223873416185027
7.786099999874404 0.003685910360205158 0.007254709615978072
7.825489999872913 0.04833801037319718 0.12127090025975118
7.864879999871421 0.004078929430522793 0.008265149203767752
7.903259999869968 0.04808221975087623 0.12061905291372854
7.942649999868477 0.004311090813727603 0.008862044213264753
7.982039999866986 0.047707030050752275 0.11966329702918221
8.021429999865495 0.0046991407681821196 0.009859100412534794
8.059809999864042 0.04746351849265629 0.1190427397801952
8.09919999986255 0.004920160360716408 0.010426338987112871
8.13858999986106 0.04709309325912581 0.11809913474243317
8.177979999859568 0.005303427089167534 0.011409972644349509
8.216359999858115 0.04686139285098023 0.11750867501945095
8.255749999856624 0.005513336199347574 0.011948697526309449
8.295139999855133 0.04649575705621445 0.11657728327498784
8.33351999985368 0.005749661964696617 0.012555253592216875
8.372909999852189 0.04627541544266045 0.11601576816619996
8.412299999850697 0.006090586457454972 0.013430195299801717
8.451689999849206 0.04591459002966647 0.11509664182038915
8.490069999847753 0.006315609584752191 0.014007742579136284
8.529459999846262 0.04570516996377627 0.11456295684735274
8.56884999984477 0.006652320038653015 0.014871880279032634
8.60823999984328 0.04534917195389199 0.11365613799646512
8.646619999841826 0.006866470543905766 0.0154215222641918
8.686009999840335 0.04515025084157298 0.11314920618774593
8.725399999838844 0.0071989354764574465 0.01627477436756397
8.763779999837391 0.044926767389864564 0.11257973646593422
8.8031699998359 0.0074028169519447795 0.016797577956007004
8.842559999834409 0.04461026288811876 0.11177350811375497
8.881949999832917 0.0077315278773760765 0.017639873798880323
8.920329999831464 0.044397446252967376 0.11123121742093733
8.959719999829973 0.007925471995989586 0.01813687023328736
8.999109999828482 0.04408482103692846 0.11043488032468352
9.03849999982699 0.008249880232771845 0.018968149710707483
9.076879999825538 0.0438822640554376 0.10991873110642869
9.116269999824047 0.008434142359919461 0.01944033570095982
9.155659999822555 0.04357355001366592 0.10913236564966677
9.195049999821064 0.008754228736349567 0.020260549003969786
9.233429999819611 0.0433808591994439 0.10864135532803187
9.27281999981812 0.008929184734131623 0.020708887765352735
9.312209999816629 0.04307608405705676 0.10786503153500382
9.350589999815176 0.009126148430456782 0.02121364413738558
9.389979999813685 0.04289287919759621 0.10739819137443041
9.429369999812193 0.00941094693134692 0.021943417279102206
9.468759999810702 0.04259206667208559 0.10663196901596894
9.50713999980925 0.009598452032146154 0.02242393498366191
9.546529999807758 0.042417980440259906 0.10618836296502066
9.585919999806267 0.009879768174547165 0.02314479290379534
9.625309999804776 0.04212115039243158 0.10543229192343517
9.663689999803323 0.010058176703850341 0.023601999657918427
9.703079999801831 0.04195582794509056 0.10501101577120586
9.74246999980034 0.010335979300811204 0.024313861827396366
9.780849999798887 0.04177006550537932 0.10453769434675131
9.820239999797396 0.010505801848879393 0.02474865410456717
9.859629999795905 0.041506095096538465 0.1038653168869419
9.899019999794413 0.010780444346467077 0.025451450350710836
9.93739999979296 0.04132923082120454 0.10341466644292474
9.97678999979147 0.010941920808686612 0.025864694284638556
10.016179999789978 0.04106846342950732 0.10275045421342943
10.055569999788487 0.011212994368182017 0.026558364400242063
10.093949999787034 0.040900156087902984 0.1023216053093301
10.133339999785543 0.011366377387961979 0.0269508966796006
10.172729999784051 0.040642662923805806 0.10166563591290645
10.211109999782598 0.011538544439275156 0.027391514165886477
10.250499999781107 0.04048265907121895 0.10125774862037584
10.289889999779616 0.011779467849739933 0.028008018802516688
10.329279999778125 0.0402285075243749 0.10061008985727815
10.367659999776672 0.011943419862495142 0.02842761273578187
10.40704999977518 0.04007640876122165 0.10022235284995462
10.44643999977369 0.012181481255876592 0.02903679976822282
10.485829999772198 0.039825539344239935 0.09958306306269149
10.524209999770745 0.012337532595896872 0.029436174569474893
10.563599999769254 0.03968103828249214 0.09921469269480454
10.602989999767763 0.012572699652652508 0.0300379605451484
10.642379999766272 0.03943347059350999 0.09858382107176267
10.680759999764819 0.012721154027522719 0.03041789321532873
10.720149999763327 0.039296270397423894 0.0982340605455212
10.759539999761836 0.012953398208600753 0.03101220443767483
10.797919999760383 0.039142056938236136 0.09784095670130055
10.837309999758892 0.013094548986207212 0.03137344575403489
10.8766999997574 0.038921834624539575 0.09727976636196844
10.91608999975591 0.013323845356445487 0.0319602180170353
10.954469999754457 0.038775031236113366 0.09690554990754441
10.993859999752965 0.01345797589616282 0.032303493189256294
11.033249999751474 0.03855746709076613 0.09635113711849996
11.072639999749983 0.01368430299842238 0.03288267122629751
11.11101999974853 0.038417788644239725 0.09599508133903978
11.150409999747039 0.01381168696065227 0.03320868066533089
11.189799999745548 0.03820291036887502 0.09544751633772108
11.228179999744095 0.013954795527025719 0.033574739277542065
11.267569999742603 0.03807008147291613 0.09510891938790955
11.306959999741112 0.01415625033289536 0.03408963790643149
11.34634999973962 0.03785791332187216 0.09456826367398863
11.384729999738168 0.014292598039023496 0.034438176885620564
11.424119999736677 0.03773166803606265 0.09424644770305024
11.463509999735185 0.014491666144627713 0.0349469794059698
11.502899999733694 0.03752223098135887 0.09371275432124015
11.541279999732241 0.014621423035501513 0.03527867132085971
11.58066999973075 0.03740231250902992 0.09340706477987126
11.620059999729259 0.01481807606511898 0.035781304877491316
11.659449999727768 0.03719562435979695 0.09288037879315869
11.697829999726315 0.014941496285112878 0.03609679937901511
11.737219999724823 0.03708178475585433 0.09259018371469141
11.776609999723332 0.01513570918779894 0.036593199660950315
11.81498999972188 0.03695377058808802 0.09226387600194119
11.854379999720388 0.015253038189689929 0.036893124183756676
11.893769999718897 0.0367698602037676 0.09179523181662708
11.933159999717406 0.015444789094901878 0.03738323502436858
11.971539999715953 0.036648014695766395 0.09148464692727565
12.010929999714461 0.015556263909981218 0.03766819545816258
12.05031999971297 0.03646631970802294 0.09102165025490772
12.089709999711479 0.015745533986196714 0.038151968472255327
12.128089999710026 0.036350404912217416 0.0907261817272853
12.167479999708535 0.015851383490635973 0.03842254988117855
12.206869999707044 0.03617094942157506 0.09026889373058289
12.24524999970559 0.015970285046642774 0.03872650160038349
12.2846399997041 0.036060735559137136 0.0899879559145389
12.324029999702608 0.016138601975557054 0.03915671137610932
12.363419999701117 0.03588354066873023 0.08953643017057811
12.401799999699664 0.016251796542263053 0.03944607512290643
12.441189999698173 0.03577880586908733 0.08926945758439553
12.480579999696682 0.016418119516235175 0.039871191391982475
12.51996999969519 0.03560388981559537 0.08882374042115115
12.558349999693737 0.016525826721751513 0.04014652855977019
12.597739999692246 0.03550441986985997 0.08857018709879094
12.637129999690755 0.01669013149639642 0.040566489188142985
12.676519999689264 0.03533179816055765 0.08813031789574044
12.71489999968781 0.016792563449142817 0.040828341931908874
12.75428999968632 0.0352373862757136 0.08788965677091198
12.793679999684828 0.016954828637457897 0.04124309211277488
12.832059999683375 0.035131161165464664 0.08761889854694838
12.871449999681884 0.017052190158246328 0.04149198394495235
12.910839999680393 0.03497751837367935 0.08722739061984841
12.950229999678902 0.017212397101147747 0.041901475867511806
12.988609999677449 0.03487642573805183 0.0869697138936254
13.027999999675957 0.017304885958383642 0.042137912243778164
13.067389999674466 0.03472463392497238 0.08658292407944801
13.106779999672975 0.017463018603464886 0.04254210473944031
13.145159999671522 0.03462847540747316 0.08633782327728268
13.18454999967003 0.017550825739644504 0.04276657365984704
13.22393999966854 0.03447855506553532 0.08595580372181555
13.262319999667087 0.017649511323591938 0.04301885519483184
13.301709999665595 0.03438713913915303 0.08572279066552113
13.341099999664104 0.01779018026845247 0.04337840446392294
13.380489999662613 0.03423910821136411 0.08534558698257699
13.41886999966116 0.01788417102327322 0.04361854521136577
13.458259999659669 0.034152249963187664 0.08512419030238805
13.497649999658178 0.018023315001286955 0.04397383041441216
13.537039999656686 0.03400612397580749 0.08475184182109574
13.575419999655233 0.018112777468228036 0.044202298416462504
13.614809999653742 0.03392364489333233 0.08454160645503528
13.654199999652251 0.018250230179629123 0.044553267228486515
13.692579999650798 0.03383108541113966 0.08430568826662821
13.731969999649307 0.018335298723576754 0.04477051457585368
13.771359999647816 0.03370116479401142 0.08397463338752909
13.810749999646324 0.018471042176120722 0.04511712093243636
13.849129999644871 0.033613045237843364 0.08375003108461732
13.88851999964338 0.018551887739728268 0.045323584148282414
13.927909999641889 0.033484699515449856 0.08342287505037627
13.967299999640398 0.0186859062533129 0.045665787876403297
14.005679999638945 0.03340089882654973 0.0832091524381573
14.045069999637454 0.018762693877557135 0.045861888410947405
14.084459999635962 0.033274133133424755 0.08288594483355505
14.123849999634471 0.018894973971221196 0.04619965496740486
14.162229999633018 0.03319443351286866 0.08268268072543217
14.201619999631527 0.018967862980891703 0.046385799674719674
14.241009999630036 0.03306923330770939 0.08236346537489059
14.279389999628583 0.019049829965143816 0.046595129354964904
14.318779999627091 0.03299347529086416 0.08217025310679471
14.3581699996256 0.019167537457554507 0.04689568148289469
14.397559999624109 0.03286985563773093 0.08185506833657819
14.435939999622656 0.019245549426707753 0.0470949112048924
14.475329999621165 0.032797885274387095 0.08167151530859007
14.514719999619674 0.019361856350771145 0.04739188879414602
14.554109999618182 0.032675859180056 0.08136039420575392
14.59248999961673 0.019436066083408088 0.04758140869753902
14.631879999615238 0.03260752785827914 0.08118612143279691
14.671269999613747 0.019550955414723514 0.047874768173583604
14.709649999612294 0.03253079747464416 0.0809904363311631
14.749039999610803 0.01962151043196725 0.04805495497446355
14.788429999609312 0.03242227064717518 0.08071373377815938
14.82781999960782 0.019734967186623043 0.048344657978594
14.866199999606367 0.03234923001368206 0.0805274580403581
14.905589999604876 0.019802009916983776 0.048515875389265606
14.944979999603385 0.03224198438321646 0.08025402265624537
14.984369999601894 0.01991402105543605 0.04880188852982581
15.02274999960044 0.03217249106088349 0.08007679304564697
15.06213999959895 0.019977688999762155 0.048964487678127
15.101529999597458 0.03206654287783994 0.07980666620808208
15.140919999595967 0.020088243334614453 0.049246782295786495
15.179299999594514 0.032000459335640774 0.07963813200819736
15.218689999593023 0.02014866922095282 0.04940110212345861
15.258079999591532 0.03189582294471094 0.07937135024372877
15.296459999590079 0.020216663799896062 0.04957475202507222
15.335849999588588 0.031833016401494496 0.0792111728493694
15.375239999587096 0.020315069263137975 0.04982602170361394
15.414629999585605 0.031729704332785325 0.07894776805786874
15.453009999584152 0.020379774683137675 0.04999127191659403
15.492399999582661 0.03167004660688888 0.07879562059230905
15.53178999958117 0.02047700501499139 0.05023954226813787
15.571179999579678 0.03156806966223191 0.07853562027014815
15.609559999578225 0.02053854852929493 0.050396717751199915
15.648949999576734 0.03151143702414849 0.078391187208815
15.688339999575243 0.020634589628967248 0.05064195267587834
15.72671999957379 0.03144780122799984 0.07822890022129991
15.766109999572299 0.020693094104483167 0.05079136717656141
15.805499999570808 0.03135707739182869 0.07799759145865615
15.844889999569316 0.0207879335838298 0.05103353493457474
15.883269999567863 0.03129650914102766 0.07784312696125228
15.922659999566372 0.02084351764227388 0.05117549135373878
15.962049999564881 0.03120686006197848 0.07761455873446232
16.00143999956339 0.020937144740521774 0.05141456436252856
16.03981999956194 0.03114924077879611 0.0774676143338926
16.079209999560447 0.020989922890113144 0.05154935511593184
16.118599999558956 0.03106067993401929 0.07724182095832921
16.156979999557503 0.02104916118637179 0.05170064453274836
16.196369999556012 0.031005895128162764 0.077102104701543
16.23575999955452 0.02113241115928699 0.05191321711528474
16.27514999955303 0.030918434399268887 0.076879116431805
16.313529999551577 0.021188804920927562 0.052057242168201956
16.352919999550085 0.030866373540020975 0.07674634645820078
16.392309999548594 0.021271081381902035 0.0522673299196863
16.431699999547103 0.030780023289138314 0.07652618967436409
16.47007999954565 0.02132474034573073 0.05240437084633731
16.50946999954416 0.030730579678763692 0.07640009390496028
16.548859999542668 0.021406030162738898 0.052611940160196546
16.588249999541176 0.03064534882224368 0.07618279130785499
16.626629999539723 0.02145706028782335 0.05274226755050959
16.666019999538232 0.030598419472246285 0.07606310711913977
16.70540999953674 0.021537351826486528 0.05294728865212761
16.743789999535288 0.03054565036597323 0.07592853475999473
16.783179999533797 0.021585855413528532 0.05307116375774523
16.822569999532305 0.030469801061950293 0.07573515183546542
16.861959999530814 0.021665138468299983 0.05327361053363289
16.90033999952936 0.030419581811675363 0.07560708172884567
16.93972999952787 0.021711214275236923 0.05339128556675066
16.97911999952638 0.030344634755261723 0.07541599933448273
17.018509999524888 0.021789479998644 0.053591135379360555
17.056889999523435 0.03029686666461495 0.07529417980912667
17.096279999521943 0.0218332233583457 0.0537028537955786
17.135669999520452 0.03022283298277384 0.075105426286326
17.174049999519 0.021882353806459087 0.05382833020545208
17.213439999517508 0.03017742076407126 0.07498961435552509
17.252829999516017 0.021951967124429816 0.054006084080437944
17.292219999514526 0.0301043102510824 0.07480321465282991
17.330599999513073 0.021998732743839344 0.05412552114546498
17.36998999951158 0.030061161915559187 0.07469317574484435
17.40937999951009 0.022067528054580232 0.05430118701018616
17.4487699995086 0.02998898309384679 0.07450915156969051
17.487149999507146 0.022112020198425508 0.0544148180239179
17.526539999505655 0.029948009847120538 0.07440465925758755
17.565929999504164 0.02217998669046395 0.05458836821990998
17.605319999502672 0.029876770033461564 0.07422302924485757
17.64369999950122 0.02222229356268468 0.054696418432997884
17.683089999499728 0.02983788617088079 0.07412386498004686
17.722479999498237 0.02228942167626613 0.054867828501559135
17.760859999496784 0.02979413235692219 0.07401228488395084
17.800249999495293 0.022329660501514303 0.05497051537890485
17.8396399994938 0.029730714340228448 0.07385059769913216
17.87902999949231 0.022396000137608008 0.05513976390881803
17.917409999490857 0.029689079802166733 0.07374442179316487
17.956799999489366 0.022434222469102205 0.05523729737851868
17.996189999487875 0.029626419612949536 0.07358466680285058
18.035579999486384 0.022499707374051492 0.05540436585739217
18.07395999948493 0.02958682222196085 0.07348368565900376
18.11334999948344 0.022535989437973192 0.05549694855262466
18.15273999948195 0.02952492901186865 0.07332588618119695
18.191119999480495 0.022576767982272594 0.05560100454639061
18.230509999479004 0.029487289477380444 0.07322989761319176
18.269899999477513 0.02263503189456406 0.055749648713943056
18.30928999947602 0.029426171284517855 0.07307407412826539
18.34766999947457 0.022673842960562074 0.055848684484705036
18.387059999473077 0.02939041306425993 0.07298288295386479
18.426449999471586 0.022731418675888793 0.055995573462108705
18.465839999470095 0.029330076868197 0.07282905324454969
18.504219999468642 0.022768338362387563 0.05608978317925839
18.54360999946715 0.029296126081187927 0.07274247106876519
18.58299999946566 0.02282521700058615 0.056234894274087566
18.621379999464207 0.029258018006556696 0.07264528990187369
18.660769999462715 0.022860318779389877 0.056324465403412294
18.700159999461224 0.029204363193079064 0.07250849534290449
18.739549999459733 0.02291649250420047 0.0564677785866885
18.77792999945828 0.029168087147122823 0.07241598582957698
18.81731999945679 0.022949847304576054 0.056552892107231134
18.856709999455298 0.02911506060034963 0.07228079307618485
18.896099999453806 0.023005309272921992 0.05669438988770148
18.934479999452353 0.02908054580687225 0.07219277474324048
18.973869999450862 0.023036985562822077 0.05677522049816197
19.01325999944937 0.029028156003150563 0.0720592053970126
19.05264999944788 0.02309172987692376 0.05691488779570042
19.091029999446427 0.02899533412978994 0.07197550399812291
19.130419999444936 0.023121793742217567 0.0569916041170071
19.169809999443444 0.02894358857269086 0.0718435771837278
19.20818999944199 0.02315560757575852 0.05707788884351528
19.2475799994405 0.028912393650692873 0.07176402450349562
19.28696999943901 0.023204330623467828 0.05720219291749373
19.326359999437518 0.02886129891635969 0.07163375697851748
19.364739999436065 0.023236509163846453 0.057284304993154844
19.404129999434574 0.028831667266521865 0.07155819063799918
19.443519999433082 0.023284653610435857 0.05740713334063674
19.48290999943159 0.028781229050918178 0.07142959692072459
19.521289999430138 0.023315260182105946 0.05748523434228048
19.560679999428647 0.02875309920872249 0.07135786018959145
19.600069999427156 0.023362818757088344 0.0576065683856708
19.638449999425703 0.02872150217967651 0.07127728380782461
19.67783999942421 0.023391914496757926 0.05768081430495009
19.71722999942272 0.028676635013652696 0.07116289426764011
19.75661999942123 0.023438880798040018 0.05780063768344723
19.794999999419776 0.028646560489028805 0.07108620022447942
19.834389999418285 0.023466524725006876 0.05787117911305595
19.873779999416794 0.02860222149555014 0.07097315724740039
19.913169999415302 0.023512893176667826 0.057989477574926784
19.95154999941385 0.02857361059393615 0.0709001953987154
19.990939999412358 0.023539142259056844 0.05805645987126962
20.030329999410867 0.028529806720074102 0.07078851669318764
20.068709999409414 0.02356859262423605 0.05813161049765814
20.108099999407923 0.028502602592988317 0.07071914208091057
20.14748999940643 0.023609817293864577 0.05823678463526827
20.18687999940494 0.028459339976585344 0.07060884329198602
20.225259999403487 0.02363785399473095 0.0583083281028296
20.264649999401996 0.02843348774561305 0.07054291598032059
20.304039999400505 0.023678598849533827 0.058412278459762934
20.343429999399014 0.028390771754488783 0.07043401079055434
20.38180999939756 0.023705276457366975 0.058480354011880564
20.42119999939607 0.028366218446064573 0.07037139570130746
20.46058999939458 0.02374553479781949 0.05858306347300557
20.499979999393087 0.02832405371452751 0.0702638959230506
20.538359999391634 0.02377090600094567 0.058647805546496734
20.577749999390143 0.028300748199227347 0.0702044626802123
20.61713999938865 0.02381067188584718 0.05874925893282201
20.6555199993872 0.028274550980793456 0.07013765694446894
20.694909999385708 0.023834787550787495 0.0588107973182761
20.734299999384216 0.028237031598727258 0.07004200113159831
20.773689999382725 0.02387405575937851 0.05891098128957273
20.812069999381272 0.028212099598827645 0.06997842164108148
20.85145999937978 0.02389696498900462 0.05896944127652404
20.89084999937829 0.028175024303125462 0.06988389798540107
20.9302399993768 0.02393573098727475 0.05906834424613816
20.968619999375345 0.028151308538247433 0.06982341983721163
21.008009999373854 0.023957481177358297 0.05912384676791671
21.047399999372363 0.028114683013860112 0.06973004283139517
21.08577999937091 0.023981901320121013 0.059186161846391805
21.12516999936942 0.028092136195129402 0.06967254544346657
21.164559999367928 0.02401637797733769 0.05927412058830406
21.203949999366436 0.0280559654538014 0.06958032786423818
21.242329999364983 0.024039623238300778 0.05933343777632105
21.281719999363492 0.028034541930038737 0.06952569483098525
21.321109999362 0.024073696271945333 0.059420367036977506
21.36049999936051 0.027998830343683227 0.06943464782460662
21.398879999359057 0.024095812052864263 0.05947680218166829
21.438269999357566 0.027978486050269872 0.06938276678506439
21.477659999356074 0.024129475984904336 0.05956268796802888
21.517049999354583 0.027943237381780173 0.069292899945117
21.55542999935313 0.02415050612109293 0.05961635291913403
21.59481999935164 0.02792392978989922 0.06924366245597557
21.634209999350148 0.02418375610238621 0.05970118284279735
21.672589999348695 0.027902210427251828 0.06918827604255329
21.711979999347204 0.02420374291204941 0.059752185578632044
21.751369999345712 0.027870835290019547 0.06910828530467539
21.79075999934422 0.024236574693092927 0.05983594878294918
21.829139999342768 0.027850167303825165 0.06905557983399868
21.868529999341277 0.024255559024852102 0.059884393531628444
21.907919999339786 0.02781916557984976 0.06897654105819662
21.947309999338295 0.024287968923799697 0.059967080608447354
21.98568999933684 0.027799508223930403 0.06892641263274157
22.02507999933535 0.02430599020562152 0.06001306797478456
22.06446999933386 0.02776888455810211 0.06884833766283016
22.102849999332406 0.024326238324297145 0.060064737229703624
22.142239999330915 0.027750198495264833 0.06880068597729938
22.181629999329424 0.02435507136823789 0.060138297980694144
22.221019999327932 0.027719956974380792 0.0687235852326551
22.25939999932648 0.024374343096595363 0.060187475814288405
22.29878999932499 0.027702204232795014 0.06867831346271114
22.338179999323497 0.024402836608648393 0.060260170535753055
22.377569999322006 0.027672348411948766 0.0686021960079386
22.415949999320553 0.024421169718935376 0.06030695332703839
22.45533999931906 0.02765549233919906 0.06855921069413018
22.49472999931757 0.02444931922433369 0.06037877058949759
22.533109999316117 0.027636577293580822 0.06851097591242805
22.572499999314626 0.02446675018254196 0.0604232513857661
22.611889999313135 0.027610030490908044 0.06844329525197423
22.651279999311644 0.02449455172841764 0.06049418109245197
22.68965999931019 0.027592024205733697 0.06839737773755017
22.7290499993087 0.02451111573868614 0.060536449719506
22.76843999930721 0.027565787119502416 0.06833048663845709
22.807829999305717 0.024538565868999496 0.060606483040137604
22.846209999304264 0.02754865448960575 0.06828679687804762
22.885599999302773 0.02455429691263389 0.06064662620532957
22.924989999301282 0.027522731398305186 0.06822070624935561
22.96437999929979 0.024581392643864608 0.06071575551712671
23.002759999298338 0.027506438531228472 0.0681791578227231
23.042149999296846 0.024596323517574237 0.060753856904938175
23.081539999295355 0.027480833225746126 0.06811387733118845
23.119919999293902 0.024613111667104556 0.06079669720540082
23.15930999929241 0.027465357980380082 0.06807438680361821
23.19869999929092 0.02463722467316387 0.06085821610891662
23.23808999928943 0.027440092317230658 0.06800992493461999
23.276469999287976 0.024653201416944825 0.06089898596500776
23.315859999286484 0.027425392697315587 0.06797241177106672
23.355249999284993 0.02467702881431122 0.06095977636443317
23.394639999283502 0.027400450796570497 0.06790877588557231
23.43301999928205 0.024692225575438376 0.06099855595530501
23.472409999280558 0.027386495605430276 0.06787316235488117
23.511799999279066 0.024715763712430783 0.061058608522235325
23.550179999277614 0.027370824378339154 0.0678331704669688
23.589569999276122 0.024730210825552934 0.06109547524951742
23.62895999927463 0.027348639769272265 0.06777656982291935
23.66834999927314 0.02475345648276095 0.06115478176168532
23.706729999271687 0.02733372315342142 0.06773850353534172
23.746119999270196 0.024767183231896753 0.061189810347406226
23.785509999268704 0.027311798885752747 0.06768256705694808
23.824899999267213 0.024790133603138087 0.061248363635013625
23.86327999926576 0.027297607701528784 0.06764635191167656
23.90266999926427 0.02480316825449924 0.06128162620367972
23.942059999262778 0.027275947268645018 0.06759108851367435
23.981449999261287 0.024825820924449293 0.06133942009557414
24.019829999259834 0.027262453344941373 0.06755665262569988
24.059219999258342 0.02483819075951954 0.06137098625941251
24.09860999925685 0.02724105983568581 0.06750207019103893
24.1369899992554 0.024852109646578028 0.06140650487836963
24.176379999253907 0.027228235976520243 0.06746934416422823
24.215769999252416 0.024872275031907032 0.0614579524741643
24.255159999250925 0.027207112095523955 0.06741544959463219
24.29353999924947 0.024885519638434443 0.06149175054198652
24.33292999924798 0.027194932049741997 0.06738436644351253
24.37231999924649 0.024905444788373976 0.06154258535583379
24.411709999244998 0.027174080136218363 0.0673311657096054
24.450089999243545 0.024918041252788074 0.0615747295680813
24.489479999242054 0.02716251856754659 0.0673016607831034
24.528869999240563 0.02493772318901588 0.06162494399372109
24.56724999923911 0.027149525731176127 0.06726850405494034
24.60663999923762 0.02494969674597547 0.06165549873961007
24.646029999236127 0.027130973069166453 0.06722116986952464
24.685419999234636 0.02496913284925428 0.06170508608657199
24.723799999233183 0.027118607291904295 0.0671896132532046
24.76318999923169 0.02498050785703254 0.06173411351939606
24.8025799992302 0.02710027362025791 0.06714283773414653
24.84196999922871 0.024999695849309722 0.061783067968790295
24.880349999227256 0.02708851063032236 0.06711281929457913
24.919739999225765 0.025010495819883013 0.06181062808174875
24.959129999224274 0.027070398800718817 0.0670666097199124
24.99750999922282 0.025022618263117802 0.06184156251654027
25.03689999922133 0.02705921516656762 0.06703806966685821
25.07628999921984 0.025039681374387945 0.061885095341507323
25.115679999218347 0.02704132769549528 0.06699243245846809
25.154059999216894 0.02505122098012325 0.0619145425551082
25.193449999215403 0.02703070079712211 0.0669653130711767
25.232839999213912 0.02506808477509126 0.06195756697302546
25.27222999921242 0.027013039882945008 0.06692025384062994
25.310609999210968 0.02507906406354143 0.061985584430090945
25.349999999209476 0.02700294788589963 0.06689449940431302
25.389389999207985 0.02509572580169683 0.06202809344193483
25.428779999206494 0.026985515422839227 0.06685002298598697
25.46715999920504 0.025106166515664663 0.06205473662159733
25.50654999920355 0.02697593725439973 0.06682557972944592
25.54593999920206 0.02512262376991725 0.062096724029714334
25.584319999200606 0.026965165330851137 0.0667980906631449
25.623709999199114 0.025132546898995797 0.062122046488788385
25.663099999197623 0.026949650172733652 0.06675850625391666
25.702489999196132 0.025148797540444412 0.06216350685539496
25.74086999919468 0.02693939931055722 0.0667323468138803
25.780259999193188 0.025158223346907867 0.06218756029705563
25.819649999191697 0.026924068349333807 0.06669323230499291
25.859039999190205 0.025174265529221192 0.06222848890630184
25.897419999188752 0.02691431835958569 0.06666835097438595
25.93680999918726 0.02518321356877351 0.062251323228113
25.97619999918577 0.026899173922351968 0.0666297123049886
26.014579999184317 0.025193264626990453 0.062276971922936575
26.053969999182826 0.026889905315438223 0.06660605935340236
26.093359999181335 0.025207534862441094 0.06231337941581261
26.132749999179843 0.02687494944988444 0.06656790174919269
26.17112999917839 0.025217101579936504 0.06233779222010183
26.2105199991769 0.026866143411531818 0.06654542916677553
26.249909999175408 0.025231204120344963 0.06237377195726923
26.289299999173917 0.02685137790247316 0.06650775718396451
26.327679999172464 0.02524030523095877 0.06239699667336396
26.367069999170972 0.026843016273168985 0.06648641863349347
26.40645999916948 0.02525423783971581 0.062432542944868
26.44483999916803 0.02683363550108453 0.06646247978463471
26.484229999166537 0.025262891429112977 0.062454625720353985
26.523619999165046 0.02682050790612789 0.06642898694305677
26.563009999163555 0.025276652129920918 0.062489733477755216
26.6013899991621 0.02681157750369778 0.06640619732746211
26.64077999916061 0.02528487565734061 0.06251071886244075
26.68016999915912 0.02679860269144152 0.06637309424049054
26.719559999157628 0.025298462720119153 0.06254538368803964
26.757939999156175 0.026790105265810382 0.06635140947846008
26.797329999154684 0.02530627303867472 0.06256531468568083
26.836719999153193 0.026777285374674942 0.06631870160379583
26.8761099991517 0.025319684968136965 0.06259953275995489
26.91448999915025 0.02676920413321537 0.06629807884492855
26.953879999148757 0.02532709834411862 0.06261845087501827
26.993269999147266 0.026756541060334427 0.06626577102487596
27.031649999145813 0.025335431699754385 0.06263971633149179
27.071039999144322 0.026748859793219282 0.06624616890669177
27.11042999914283 0.025347366000576743 0.0626701642396088
27.14981999914134 0.02673635520533446 0.0662142653942488
27.188199999139886 0.02535529687444149 0.06269040268144233
27.227589999138395 0.026729058263350588 0.06619564398415712
27.266979999136904 0.025367090097267786 0.06272049072444386
27.306369999135413 0.026716713607063406 0.06616414847285812
27.34474999913396 0.025374634070951307 0.06273974191264298
27.38413999913247 0.02670978588623063 0.06614646923132073
27.423529999130977 0.025386284391747393 0.06276946543386508
27.461909999129524 0.026702008135451868 0.06612662117037038
27.501299999128033 0.02539345650951741 0.06278776775490158
27.540689999126542 0.026691029324559582 0.0660986106168715
27.58007999912505 0.025404962319497626 0.06281712264538664
27.618459999123598 0.026683625820072 0.06607971754005737
27.657849999122107 0.025411777103325206 0.06283451315356459
27.697239999120615 0.026672775552387895 0.06605203490237521
27.736629999119124 0.025423136998302676 0.06286349582698136
27.77500999911767 0.026665731827568484 0.06603405989600297
27.81439999911618 0.02542960846622111 0.06288001029203238
27.85378999911469 0.026655011848553015 0.06600670963083921
27.893179999113197 0.02544082123601843 0.06290861765837485
27.931559999111744 0.026648313935955573 0.06598961705316375
27.970949999110253 0.025446962917635155 0.06292429060139604
28.010339999108762 0.02663772579206469 0.06596260310606228
28.04871999910731 0.02545387191302373 0.06294192135366528
28.088109999105818 0.026631360208664526 0.06594635855325937
28.127499999104327 0.02546385249018135 0.06296738478246411
28.166889999102835 0.026620905254654766 0.06591968438477425
28.205269999101382 0.025470427031341614 0.06298416210607227
28.24465999909989 0.026614858984828627 0.0659042546445443
28.2840499990984 0.02548028893394183 0.06300932281431137
28.32343999909691 0.026604538392752227 0.06587792324497244
28.361819999095456 0.02548654198261058 0.06302527978200301
28.401209999093965 0.026598798874854057 0.06586327626471045
28.440599999092473 0.02549628372417434 0.06305013397394088
28.47897999909102 0.026592350379062487 0.06584682035042366
28.51836999908953 0.025502227793073207 0.06306530251368736
28.557759999088038 0.02658316875533029 0.06582339503030665
28.597149999086547 0.025511848064411757 0.06308984684595398
28.635529999085094 0.02657703124714284 0.06580773267840234
28.674919999083603 0.025517495233415954 0.06310425778123241
28.71430999908211 0.02656795776345333 0.06578458322419323
28.75369999908062 0.025526992895413717 0.06312848934488802
28.792079999079167 0.026562119209425084 0.06576968372963288
28.831469999077676 0.025532354824020942 0.06314217242695541
28.870859999076185 0.02655315529105928 0.0657468137794992
28.90923999907473 0.025538371833569218 0.06315752695154053
28.94862999907324 0.02654760407379308 0.06573264749792918
28.98801999907175 0.025546816839217668 0.06317907266465417
29.027409999070258 0.026538750979350767 0.0657100602649896
29.065789999068805 0.02555254476072677 0.06319368952047988
29.105179999067314 0.026533475884159552 0.06569659858017829
29.144569999065823 0.02556089131448558 0.06321498409926907
29.18395999906433 0.026524734713788134 0.06567429687258652
29.22233999906288 0.02556634131456448 0.06322889177966529
29.261729999061387 0.02651972491525645 0.06566151216073068
29.301119999059896 0.025574588048547398 0.06324993173105753
29.340509999058405 0.026511096619263545 0.06563949840507899
29.378889999056952 0.02557977090951613 0.06326315774874969
29.41827999905546 0.02650634166971044 0.06562736400784752
29.45766999905397 0.025587916612323517 0.06328393998038528
29.496049999052516 0.02650099539003048 0.06561372084926687
29.535439999051025 0.025592842742230393 0.06329651089269639
29.574829999049534 0.026493316870584316 0.06559413044990858
29.614219999048043 0.025600886350210295 0.06331703268782629
29.65259999904659 0.02648822901010861 0.06558114671197934
29.6919899990451 0.025605565796471996 0.06332897413308114
29.731379999043607 0.026480641458492604 0.06556178837170412
29.770769999042116 0.025613506385714246 0.06334923313223717
29.809149999040663 0.026475802007688735 0.06554943851334594
29.848539999039172 0.025617948845687133 0.06336056985380978
29.88792999903768 0.026468306586801216 0.06553031520003527
29.926309999036228 0.025622937685373492 0.06337330066455982
29.965699999034737 0.02646370588282898 0.06551857456404964
30.005089999033245 0.0256300004599247 0.06339131992076918
30.044479999031754 0.02645630361677076 0.06549968889262292
30.0828599990303 0.025634749069890383 0.06340343773481028
30.12224999902881 0.026451932331820527 0.06548853367832619
30.16163999902732 0.025641729007458317 0.06342124568633478
30.201029999025828 0.026444624114061673 0.06546988793004749
30.239409999024375 0.025646246676261808 0.06343277420416404
30.278799999022883 0.026440473244300877 0.06545929516125204
30.318189999021392 0.025653142661814173 0.0634503680025933
30.3575799990199 0.026433259843312015 0.06544089129699726
30.395959999018448 0.025657438358165918 0.06346133010883825
30.435349999016957 0.02642932069944337 0.06543083880162781
30.474739999015465 0.02566424940416523 0.06347870723427684
30.513119999014013 0.026424888352620024 0.06541952791310202
30.55250999901252 0.025668331786094064 0.06348912502212034
30.59189999901103 0.0264184669605031 0.06540314486098708
30.63128999900954 0.02567505702783912 0.06350628326562413
30.669669999008086 0.026414249347663343 0.06539238191839436
30.709059999006595 0.025678934450811375 0.0635161780546345
30.748449999005103 0.02640790447223085 0.06537619405935224
30.787839999003612 0.02568557314068287 0.0635331155067198
30.82621999900216 0.026403893269070777 0.0653659578219723
30.865609999000668 0.025689253671812295 0.06354250788178639
30.904999998999177 0.02639762585806671 0.06534996757655565
30.943379998997724 0.02569338991678372 0.0635530630109904
30.982769998996233 0.026393813026743707 0.06534023753462792
31.02215999899474 0.025699296595593887 0.06356813273804551
31.06154999899325 0.026387623913329602 0.06532444702903595
31.099929998991797 0.02570323321452872 0.06357817847799652
31.139319998990306 0.026384001695588633 0.06531520338540764
31.178709998988815 0.025709070202102113 0.06359307043183327
31.218099998987324 0.02637789160437087 0.06529961446969379
31.25647999898587 0.025712814921556526 0.06360262649773851
31.29586999898438 0.026374452511608304 0.06529083811641634
31.335259998982888 0.02571858130785798 0.06361733835474892
31.373639998981435 0.02637059235260819 0.06528098742318855
31.413029998979944 0.025722141586830727 0.06362642378033856
31.452419998978453 0.026365158868279615 0.06526712487013864
31.49180999897696 0.025727836568440354 0.0636409534879645
31.53018999897551 0.026361484315123532 0.0652577477947669
31.569579998974017 0.02573121960820879 0.06364958664785147
31.608969998972526 0.026356114314154192 0.06524404718549759
31.648359998971035 0.02573684248262542 0.06366393241353796
31.686739998969582 0.026352618194024683 0.06523512542566667
31.72612999896809 0.02574005523388201 0.06367213104400138
31.7655199989666 0.026347312548412605 0.06522158898655261
31.80490999896511 0.025745605396480853 0.06368629132332826
31.843289998963655 0.026343987936808033 0.06521310487307419
31.882679998962164 0.025748654568309548 0.06369407254385173
31.922069998960673 0.02633874741916231 0.06519973457643768
31.96044999895922 0.025752083832394468 0.06370282356837897
31.99983999895773 0.02633558763080357 0.06519167105007995
32.03922999897017 0.025757023572124726 0.06371542635384975
32.078619998982674 0.026330412917825674 0.06517846862277299
32.11699999899486 0.025760286952052684 0.06372375408870701
32.15638999900736 0.026327411499982193 0.0651708092185066
32.19577999901986 0.025765168065446042 0.06373620732552654
32.235169999032365 0.026322303179032946 0.06515777616068474
32.27354999904455 0.025768271989472624 0.06374412817308217
32.31293999905705 0.026319453903214662 0.06515050498551167
32.35232999906955 0.025773093734410387 0.0637564299663329
32.390709999081736 0.026316253431023617 0.06514233774097544
32.43009999909424 0.025776044406393472 0.06376395975699056
32.46948999910674 0.02631170933087057 0.06513074429262966
32.508879999119245 0.025780806129291674 0.06377610843611992
32.54725999913143 0.026308663092447948 0.0651229706118972
32.58664999914393 0.025783609538357014 0.06378326245205512
32.62603999915643 0.026304172403919246 0.06511151341463961
32.665429999168936 0.025788310669646708 0.06379525656413643
32.70380999918112 0.026301274432425133 0.0651041180728007
32.74319999919362 0.025790972596998585 0.0638020495573488
32.782589999206124 0.026296837866142675 0.06509279894139075
32.820969999218306 0.025793959021682914 0.06380967050395592
32.86035999923081 0.026294082402354646 0.06508576724273407
32.89974999924331 0.025798138673672866 0.06382033406228116
32.939139999255815 0.026289700587545647 0.06507458778245434
32.977519999268 0.025800981718270388 0.06382758914345033
33.0169099992805 0.026287082070678643 0.06506790553802988
33.056299999293 0.02580511273932251 0.063838128650473
33.095689999305506 0.026282755557372247 0.06505686715353454
33.13406999931769 0.025807817940696417 0.06384503199419189
33.17345999933019 0.026280268620782365 0.06505052066916317
33.212849999342694 0.02581189964849373 0.06385544570837176
33.2522399993552 0.02627599788432355 0.06503962457442558
33.29061999936738 0.02581447235295642 0.06386201095626154
33.33000999937988 0.026273637347557943 0.0650336006303931
33.369399999392385 0.02581850414289122 0.06387229733270106
33.40777999940457 0.026270983891397037 0.06502682930925596
33.44716999941707 0.025820949510970918 0.06387853765287277
33.48655999942957 0.02626718365681424 0.06501713369989615
33.525949999442076 0.025824930851218394 0.06388869533520136
33.56432999945426 0.0262646583634778 0.06501068941664467
33.60371999946676 0.02582725386442042 0.06389462343916463
33.643109999479265 0.02626090306091799 0.0650011084275759
33.68249999949177 0.02583118429335296 0.06390465124740397
33.72087999950395 0.026258500967776047 0.06499497851946145
33.76026999951645 0.02583338976056315 0.06391027940563232
33.799659999528956 0.026254791178342618 0.06498551363363081
33.83803999954114 0.02583586587925846 0.06391659812945427
33.87742999955364 0.026252507495053475 0.06497968587698688
33.916819999566144 0.02583936144459265 0.06392551638373378
33.95620999957865 0.02624884372951375 0.06497033839866218
33.99458999959083 0.025841718416332652 0.06393153107806526
34.03397999960333 0.026246673830686684 0.06496480099106305
34.073369999615835 0.025845173062379434 0.06394034495178502
34.11275999962834 0.026243056536341736 0.06495557206186442
34.15113999964052 0.02584741549270564 0.06394606736801478
34.19052999965302 0.026240995958040414 0.06495031361288817
34.229919999665526 0.025850828663181672 0.06395477544116623
34.26930999967803 0.02623742552015607 0.06494120421655092
34.30768999969021 0.025852960999323545 0.06396021692702814
