0.001020000000000002 0.05931047772462217 0.14847287971369028
0.028289999999999017 0.03228133447477011 0.08359676833613605
0.05657000000000665 0.05827182216307225 0.14878122940277239
0.08384000000000019 0.03203950965493518 0.08079607533547639
0.11211999999998923 0.057632357592067744 0.1471441981805821
0.13938999999999863 0.03136420845295418 0.07969781605553505
0.1666600000000259 0.05780487237047028 0.14678883678015398
0.19494000000005418 0.030598807195855948 0.07881168422491092
0.22221000000008145 0.0573491809500718 0.1449212698750535
0.24948000000010873 0.030598909469910063 0.07877599079234576
0.277760000000137 0.05671391180950225 0.14364606143074665
0.3050300000001643 0.03013058748014119 0.07716636537967725
0.33331000000019256 0.05605072972051983 0.14231918572276125
0.36058000000021984 0.029606233846307565 0.07561722484100697
0.3878500000002471 0.056093426102366784 0.1423779315179119
0.4161300000002754 0.029001029967521404 0.0742420684755607
0.44340000000030266 0.055587216923936755 0.14091430525992044
0.47067000000032994 0.028966144465012778 0.07423198477585213
0.4989500000003582 0.05503871628298562 0.1394590349904079
0.5262200000002399 0.028460916324502872 0.07295751876094103
0.5545000000001112 0.054446722004345416 0.1380237713473842
0.5817699999999871 0.02794189931461899 0.07156839740251053
0.609039999999863 0.054460025522002686 0.13808027789827815
0.6373199999997343 0.027390112571277433 0.07015225957044402
0.6645899999996102 0.05395478462977932 0.13678942408898997
0.6918599999994861 0.02734806433197834 0.07006291004829635
0.7201399999993574 0.053428206979467485 0.1354223162608026
0.7474099999992333 0.026865949364347386 0.06885705466619374
0.7756899999991046 0.052874304745134104 0.1340108327847922
0.8029599999989805 0.026362795539828343 0.06757311067808747
0.8302299999988564 0.05287335834826501 0.13401371779476756
0.8585099999987277 0.02583664189118573 0.06622549286324775
0.8857799999986036 0.05239101289417902 0.13279218571267126
0.9140599999984749 0.02528609201359011 0.06482625686202725
0.9413299999983508 0.05188624456234725 0.13150430105562938
0.9685999999982267 0.025326431033951935 0.06493216889881248
0.996879999998098 0.05135864612981689 0.1301577533927012
1.024149999998242 0.024846371189097383 0.06371352161768096
1.0514199999984206 0.05134363949059739 0.13011844414109186
1.0796999999986059 0.024343815362448895 0.062434150619850026
1.1069699999987845 0.05088526724313369 0.12895289023115986
1.1352499999989698 0.023819078874618538 0.06109854647378121
1.1625199999991485 0.050403989411128225 0.12772819234605493
1.189789999999327 0.02384375830644181 0.06116207193513912
1.2180699999995124 0.0499006869961095 0.12644629901772397
1.245339999999691 0.023386752597785998 0.06000055265900084
1.2726099999998697 0.04987235288642011 0.12637267513150308
1.300890000000055 0.022907547184475963 0.05878204330430625
1.3281600000002336 0.04943622510660883 0.12526232852690944
1.3564400000004189 0.022406957225455937 0.05750868252061281
1.3837100000005975 0.04897776351873362 0.12409542266859086
1.4109800000007762 0.022417261996990456 0.057535265382480105
1.4392600000009614 0.04849783983197886 0.12287373984121164
1.46653000000114 0.02198202762336976 0.056428514680118
1.4948100000013254 0.047997253120349304 0.12159939844555989
1.522080000001504 0.021525234335316168 0.055266929087138816
1.5493500000016827 0.048042314692767096 0.12171282484136903
1.577630000001868 0.021047697947749744 0.05405244026165379
1.6049000000020466 0.047605508634394056 0.1206008881627918
1.6321700000022252 0.021045027874471378 0.054045995975204875
1.6604500000024105 0.04714790104876587 0.11943607384798938
1.6877200000025891 0.020630402661878655 0.05299158823531824
1.7160000000027744 0.04667030281344742 0.11822034132629167
1.743270000002953 0.020194923686718824 0.05188411908690904
1.7705400000031317 0.04670158762409804 0.11829885237967241
1.798820000003317 0.019739360868449962 0.05072551777401957
1.8260900000034956 0.046285390112284275 0.11723925656144107
1.8533600000036743 0.01972503457917063 0.05068938484659169
1.8816400000038596 0.0458490714278722 0.1161285056924033
1.9089100000040382 0.01932998538803199 0.049684762227153456
1.9371900000042235 0.04539338673131854 0.11496850698939909
1.9644600000044021 0.018914771941555886 0.04862880825352578
1.9917300000045808 0.04541219962184673 0.1150153924588393
2.020010000004766 0.01848013118387215 0.04752339996458854
2.0472800000049447 0.04501553506791833 0.1140055680278862
2.0745500000051234 0.0184553454477554 0.047460610040495066
2.1028300000053086 0.044599412780291225 0.11294626462544644
2.1301000000054873 0.018078907722443138 0.04650331217536108
2.1583800000056725 0.04416455815165621 0.11183932621863235
2.185650000005851 0.017682975260748135 0.04549638485752405
2.21292000000603 0.04417208296672348 0.11185758073500862
2.241200000006215 0.017268257332992865 0.04444163598087414
2.2684700000063938 0.04379399435940079 0.11089508268413706
2.296750000006579 0.01683546630713395 0.043340879606879046
2.3240200000067577 0.043397094189027374 0.10988474548698779
2.3512900000069363 0.01687535944818752 0.043442658790804334
2.3795700000071216 0.04298208059378672 0.1088283448507088
2.4068400000073003 0.016497778553467235 0.04248239596819081
2.434110000007479 0.0429793962791285 0.10882070316827752
2.462390000007664 0.01610203759115658 0.0414759045739288
2.489660000007843 0.04261897919341229 0.10790322170449729
2.517940000008028 0.015688822151263992 0.040424931002458475
2.5452100000082067 0.04224037995209218 0.10693950032756305
2.5724800000083854 0.015717589349304117 0.040498361721852394
2.6007600000085707 0.04184427049166595 0.10593124768213391
2.6280300000087493 0.015357480328476503 0.03958252724983735
2.655300000008928 0.04183236183377248 0.10590020711903625
2.6835800000091132 0.0149798201611403 0.038622016183809116
2.710850000009292 0.04148876081328745 0.10502555882710984
2.739130000009477 0.014585268619182856 0.03761850900155794
2.766400000009656 0.04112759038809333 0.10410622746741538
2.7936700000098345 0.014603903372980008 0.037666124988600114
2.8219500000100197 0.04074949708714681 0.10314385707392848
2.8492200000101984 0.014260432945517598 0.03679260159641373
2.876490000010377 0.04072926385788023 0.103091699372726
2.9047700000105623 0.013900003883944525 0.03587591137894641
2.932040000010741 0.040401669295536013 0.10225781862328587
2.960320000010926 0.01352325097682483 0.03491767107001165
2.987590000011105 0.040057101307344634 0.10138076922591166
3.0148600000112835 0.013532664027092632 0.03494179448582102
3.043140000011469 0.039696181857290735 0.1004621326557098
3.0704100000116474 0.01320504254571264 0.03410857514752896
3.097680000011826 0.03966844671359393 0.10039094412909177
3.1259600000120114 0.012861038476205233 0.03323365675826917
3.15323000001219 0.03935609196884282 0.0995958751710102
3.1815100000123753 0.01250126247053851 0.03231859435737228
3.208780000012554 0.039027343004958914 0.09875910953329736
3.2360500000127326 0.012502289380388776 0.03232135553207227
3.264330000012918 0.038682798012773634 0.0978821683545461
3.2916000000130965 0.01218976815039663 0.03152653688927032
3.3198800000132818 0.03832305746482456 0.09696657853399682
3.3471500000134604 0.01186142398392298 0.030691444865071915
3.374420000013639 0.03835047218329257 0.0970357484861073
3.4027000000138243 0.011517844188504212 0.02981757499758153
3.429970000014003 0.038036799053860704 0.09623737183781511
3.4572400000141816 0.011511252141164219 0.029800929336909476
3.485520000014367 0.037707869435133934 0.0954001909236446
3.5127900000145456 0.01121312087159132 0.029042705519199963
3.541070000014731 0.037364290034676895 0.09452567419182545
3.5683400000149095 0.010899709991398554 0.028245592314302126
3.595610000015088 0.03738333316511577 0.09457360066643661
3.6238900000152734 0.01057158427015914 0.027411027758217354
3.651160000015452 0.037084089030452905 0.09381181493463009
3.6784300000156307 0.010558078217414724 0.02737677176574138
3.706710000015816 0.0367701150204055 0.09301255618604509
3.7339800000159946 0.010273662698451203 0.02665342850983743
3.76226000001618 0.036441966284169625 0.09217723643712983
3.7895300000163585 0.009974494725040528 0.025892538505001284
3.816800000016537 0.036453357437897904 0.09220573172895596
3.8450800000167225 0.009661117309157863 0.02509548431136599
3.872350000016901 0.03616781134127345 0.09147882981112021
3.8996200000170798 0.009641345477459873 0.025045269621637445
3.927900000017265 0.03586804336314309 0.09071574646798419
3.9551700000174437 0.009370005430111683 0.024355178794988053
3.983450000017629 0.0355545872263604 0.08991783926701746
4.010720000017331 0.0090844241056669 0.023628843042777792
4.037990000016299 0.03555898508806299 0.08992857570939705
4.066270000015228 0.00878512352528349 0.022867591413222588
4.093540000014196 0.035286500840746804 0.0892349360576361
4.121820000013125 0.008472627566117552 0.022072757693358813
4.149090000012093 0.03500028726657045 0.0885063674044062
4.17636000001106 0.008500809444814128 0.02214455215734379
4.20464000000999 0.03470085742547491 0.08774417478408791
4.231910000008957 0.00822819067645697 0.02145118352754327
4.259180000007925 0.03469887016007556 0.08773869660704259
4.287460000006854 0.007942327837493823 0.02072410908885436
4.314730000005822 0.03443884310283052 0.08707677817795245
4.343010000004751 0.00764372452951645 0.019964610944689376
4.370280000003719 0.034165564068440846 0.08638114457306667
4.397550000002687 0.007664782452343144 0.020018264711274547
4.425830000001616 0.033879526192745146 0.08565305016853264
4.453100000000584 0.007404532501942063 0.019356353300370444
4.480369999999551 0.033871715669635205 0.08563278422185627
4.508649999998481 0.0071314989126791675 0.018661908513550873
4.535919999997448 0.03362357086516299 0.0850011218578528
4.564199999996378 0.006846165738732979 0.01793616262967257
4.591469999995345 0.03336263648535365 0.08433692018003924
4.618739999994313 0.006860678202749493 0.01797314947559192
4.647019999993242 0.03308938646381754 0.08364138474163951
4.67428999999221 0.006612232002427332 0.017341258284619965
4.7015599999911775 0.0330762720756248 0.08360765008939008
4.729839999990107 0.00635144810936017 0.016677969201506215
4.7571099999890745 0.0328394626323093 0.08300485019111514
4.785389999988004 0.006078791743126755 0.015984466494589622
4.8126599999869715 0.03259031135148838 0.08237064962470786
4.839929999985939 0.006087295133478721 0.016006152835656984
4.8682099999848685 0.03232927366478411 0.08170620691932973
4.895479999983836 0.0058501147267135956 0.015402913781059624
4.922749999982804 0.03231133579095424 0.08166022353345292
4.951029999981733 0.0056010283804163175 0.014769376099887932
4.978299999980701 0.03208534129379037 0.08108496016179245
5.00657999997963 0.005340483166147658 0.014106677824565761
5.033849999978598 0.03184743833587511 0.08047939830458928
5.061119999977565 0.005343475118642305 0.014114331313064277
5.089399999976495 0.03159806452883118 0.07984465118184847
5.116669999975462 0.0051170481883318075 0.013538441486604658
5.144949999974392 0.03133765899332186 0.07918183584181282
5.172219999973359 0.004879133176909467 0.012933316876007073
5.199489999972327 0.031360072710854614 0.07923855897615795
5.227769999971256 0.004630159677638024 0.012300050980762478
5.255039999970224 0.03113290864734353 0.07866033808325845
5.282309999969192 0.004628102092869235 0.012294848152660798
5.310589999968121 0.030894675908667905 0.07805395480589006
5.337859999967089 0.00441194058699379 0.011745066343749055
5.366139999966018 0.030645796432524627 0.07742048250352074
5.393409999964986 0.004184695281270301 0.011167078983209677
5.420679999963953 0.03066256434190096 0.07746286039667094
5.448959999962883 0.003946778939512119 0.010561936694242213
5.47622999996185 0.030445653746228873 0.07691074395180797
5.503499999960818 0.0039401007336246074 0.010544970003067977
5.531779999959747 0.030218094259049862 0.07633145478942449
5.559049999958715 0.0037337395873034973 0.010020113450492918
5.587329999957644 0.029980295255413902 0.07572602420848895
5.614599999956612 0.0035166856699727633 0.00946804679679003
5.6418699999555795 0.029991856464874567 0.07575518122038272
5.670149999954509 0.003289335544691907 0.008889779394216646
5.6974199999534765 0.029784793562389614 0.07522799073685915
5.724689999952444 0.003278435153619363 0.00886206358973185
5.7529699999513735 0.029567430252075314 0.07467458478532807
5.780239999950341 0.003081431090484976 0.008361004924406501
5.8085199999492705 0.029340155901984688 0.0740959541778996
5.835789999948238 0.002874112363225767 0.007833698685510981
5.863059999947206 0.029346927476690432 0.07411293783740058
5.891339999946135 0.0026568599418487215 0.00728111451162583
5.918609999945103 0.029149211681295473 0.07360954982591483
5.94587999994407 0.002642107597992771 0.007243592488970219
5.974159999943 0.028941559282675496 0.0730808719862086
6.001429999941967 0.0024540380031590203 0.006765256920016061
6.029709999940897 0.028724344331780727 0.07252785616755908
6.056979999939864 0.0022560192640932453 0.006261604235235918
6.084249999938832 0.028726710390259536 0.07253364272871154
6.112529999937761 0.0020484173476447154 0.00573356586325291
6.139799999936729 0.02853792117478582 0.07205298587881215
6.168079999935658 0.001831599440976994 0.005182076344556474
6.195349999934626 0.02833954705351294 0.07154793405370619
6.222619999933594 0.001850619026366185 0.005230476547013474
6.250899999932523 0.028131947340859328 0.07101940161217124
6.278169999931491 0.0016614850203430231 0.004749421304062196
6.305439999930458 0.028130265957666434 0.07101490116262488
6.333719999929388 0.0014631066763324263 0.0042448428768326885
6.360989999928355 0.0279500022206437 0.07055595368276046
6.389269999927285 0.0012558367289723371 0.0037176389946824706
6.416539999926252 0.02776049349419751 0.0700734761264088
6.44380999992522 0.0012702674846143402 0.0037543589073374406
6.472089999924149 0.027562084917010284 0.06956834679291424
6.499359999923117 0.0010896219190618117 0.0032948932072951465
6.5266299999220845 0.027556689964420178 0.06955440794476075
6.554909999921014 0.0009000594960713038 0.0028127378824960303
6.5821799999199815 0.027384569054232588 0.06911619509928357
6.610459999918911 0.0007019190491338589 0.0023087552612821582
6.6377299999178785 0.027203531617446042 0.06865528795405584
6.664999999916846 0.0007121101715316103 0.0023346840408167147
6.6932799999157755 0.027013909158573827 0.06817253012317837
6.720549999914743 0.0005395747812291241 0.0018958458206319584
6.747819999913711 0.027005111999811815 0.0681499443100475
6.77609999991264 0.0003772784577839028 0.0014351234160270288
6.803369999911608 0.026840768799676788 0.0677315360700037
6.831649999910537 0.000265839181240346 0.0009533451047705199
6.858919999909505 0.02666782640810783 0.06729124100912642
6.886189999908472 0.00026859550427060785 0.0009693140889166507
6.914469999907402 0.026486603218171423 0.06682986938528757
6.941739999906369 0.0002341824864540154 0.0005501848987066182
6.969009999905337 0.02647469426577831 0.06679937481574028
6.997289999904266 0.00028633528633925653 0.00010994965355948239
7.024559999903234 0.02631778032959453 0.06639988364877114
7.052839999902163 0.000457120467369787 0.00035059611079857333
7.080109999901131 0.02615257373381874 0.06597928566556277
7.107379999900099 0.00045449364760230537 0.00034380951265955417
7.135659999899028 0.02597938026430202 0.06553835905026562
7.162929999897996 0.000609526488975054 0.0007441066152025222
7.191209999896925 0.02579850670337258 0.0650778845187161
7.218479999895893 0.0007724395219245173 0.0011647581529605766
7.24574999989486 0.025814813153746785 0.06511922313701124
7.27402999989379 0.0009432767037749201 0.0016050000672063192
7.301299999892757 0.02565699928272669 0.0647174484595725
7.328569999891725 0.0009439235295755077 0.0016066687874793928
7.356849999890654 0.025491482465806903 0.06429606765382401
7.384119999889622 0.0010923205931910873 0.0019889712258192027
7.412399999888551 0.025318557351272312 0.06385583056390809
7.439669999887519 0.0012483339786647507 0.0023909021920731632
7.4669399998864865 0.025331106337257436 0.06388761528909326
7.495219999885416 0.001411678992127241 0.002811727893714533
7.5224899998843835 0.025180357527828323 0.06350382940263355
7.549759999883351 0.0014153420909677195 0.0028211718868575986
7.5780399998822805 0.025022180001378458 0.06310113522133287
7.605309999881248 0.001557175113837461 0.003186279441491635
7.6335899998801775 0.024856856864627352 0.06268025291333856
7.660859999879145 0.001706541390531946 0.0035703145562449023
7.688129999878113 0.024865927450701594 0.06270319359971133
7.716409999877042 0.0018629928332866144 0.003972572533528229
7.74367999987601 0.02472198044617524 0.06233659939329783
7.770949999874977 0.001869438065339124 0.003989155718142623
7.799229999873907 0.024570875630102407 0.061951770807622264
7.826499999872874 0.0020050543229602757 0.0043378323275500286
7.854779999871804 0.024412881233271788 0.061549399479265965
7.882049999870771 0.002147766624851166 0.004704759699658556
7.909319999869739 0.024418733072374854 0.06156416172121704
7.937599999868668 0.0022973118791882463 0.005089261102619869
7.964869999867636 0.024281240193992915 0.06121399772214264
7.992139999866604 0.0023063010635515635 0.005112388518913047
8.020419999865533 0.024136841680639343 0.06084625007449773
8.0476899998645 0.00243581028075035 0.005445363950074
8.07596999986343 0.023985798426286453 0.06046158299000126
8.103239999862398 0.002572250678711474 0.005795936763797194
8.130509999861365 0.02398868031805146 0.06046879090689794
8.158789999860295 0.002715446510538788 0.006163457103647296
8.186059999859262 0.023857352560253675 0.06013432960954024
8.21332999985823 0.0027267832665515135 0.006192572281582542
8.24160999985716 0.023719365953951632 0.05978291292928484
8.268879999856127 0.0028506774072042385 0.00651054372639015
8.297159999855056 0.023574971037898074 0.05941517872043445
8.324429999854024 0.0029811801941529437 0.006845481849238055
8.351699999852991 0.02357511304752935 0.05941541753954338
8.37997999985192 0.0031180485867242647 0.00719676262325164
8.407249999850888 0.023449677548654235 0.0590959638230526
8.435529999849818 0.003261038749387879 0.00756375998083314
8.462799999848786 0.02331782143884764 0.05876016123341765
8.490069999847753 0.00324982200033086 0.007534978715040275
8.518349999846683 0.023179785303404143 0.05840862229137267
8.54561999984565 0.0033745010111519984 0.007854970234077996
8.572889999844618 0.023177403145952624 0.058402440748628326
8.601169999843547 0.003505318228394727 0.008190720477196933
8.628439999842515 0.023057599164161835 0.05809733038190101
8.656719999841444 0.003642039491005278 0.00854162822521154
8.683989999840412 0.022931604530730842 0.057776456584524016
8.71125999983938 0.003633692695114821 0.008520215864349368
8.739539999838309 0.022799650266843496 0.05744040753288271
8.766809999837276 0.003752804221070827 0.008825918533905686
8.794079999836244 0.022794946187460807 0.05742832010086074
8.822359999835173 0.0038778344471981363 0.009146816277272318
8.849629999834141 0.022680524541329183 0.05713691831763512
8.87790999983307 0.004008761155150475 0.00948233175552815
8.905179999832038 0.02256013419173053 0.05683031815760797
8.932449999831006 0.004003063241749483 0.00946774415990781
8.960729999829935 0.022433996969159375 0.05650908440401059
8.987999999828903 0.004117032074044236 0.009759786780949575
9.01526999982787 0.022427160562662807 0.056491573378480986
9.0435499998268 0.004236716744220326 0.010066480449133497
9.070819999825767 0.022317883102702996 0.05621327352389738
9.099099999824697 0.004361900981662781 0.010387270770628731
9.126369999823664 0.02220285113619458 0.055920320620417296
9.153639999822632 0.004358666000124134 0.010378996728011014
9.181919999821561 0.022082277663190708 0.055613256973774394
9.209189999820529 0.004467538557752171 0.010657980460315741
9.236459999819497 0.022073486639840323 0.05559077442197635
9.264739999818426 0.004581922154201279 0.010951090196642532
9.292009999817394 0.021969125746337692 0.05532499667372237
9.320289999816323 0.004701609117083394 0.011257793588759224
9.34755999981529 0.021859217044862933 0.05504509211852193
9.374829999814258 0.004700649788475841 0.011255352873063007
9.403109999813188 0.021743965052188452 0.05475158146825976
9.430379999812155 0.004804650379628406 0.01152185247125237
9.458659999811085 0.02162357494339162 0.054444987113444476
9.485929999810052 0.00491396437065017 0.011801971392100263
9.51319999980902 0.021633724060241777 0.05447074119506734
9.54147999980795 0.005028392349577637 0.012095198470984947
9.568749999806917 0.021528713804437216 0.05420331231977826
9.596019999805884 0.0050295327620777375 0.012098140012051228
9.624299999804814 0.02141855155425565 0.053922764394120914
9.651569999803781 0.005128875854674475 0.012352705024087918
9.67984999980271 0.021303434326072623 0.05362959904093856
9.707119999801678 0.005233341630993427 0.012620400435803258
9.734389999800646 0.021311169556667342 0.05364921135929679
9.762669999799575 0.005342738617164611 0.012900735438303723
9.789939999798543 0.021210842763540905 0.05339371056605202
9.81720999979751 0.0053458135661013095 0.012908635634256704
9.84548999979644 0.02110554858220104 0.05312556073979735
9.872759999795408 0.00544071677939395 0.013151791525378709
9.901039999794337 0.020995476189991202 0.052845243550714294
9.928309999793305 0.005540684591989975 0.013407606066917488
9.955579999792272 0.021000972932429196 0.05285916038453298
9.983859999791202 0.005645413806461663 0.0136756079996192
10.01112999979017 0.020905124015854093 0.052615064025984815
10.038399999789137 0.005650274730523375 0.013688069116568613
10.066679999788066 0.020804485849338805 0.05235877218897622
10.093949999787034 0.0057410347883842805 0.01392031834769325
10.122229999785963 0.02069924007944446 0.052090747372801616
10.149499999784931 0.005836562555581515 0.014164771072389115
10.176769999783899 0.020702663364633778 0.05209938863119934
10.205049999782828 0.005936681264274157 0.014420974815754217
10.232319999781796 0.020611095722160244 0.05186619594127473
10.259589999780763 0.005943178248427716 0.014437623490626272
10.287869999779693 0.020514944295503934 0.05162124540680768
10.31513999977866 0.006029863823426074 0.01465944652984108
10.34341999977759 0.02041436446029732 0.05136498111514287
10.370689999776557 0.006121145574051079 0.014893033944274325
10.397959999775525 0.020415868672820747 0.05136874182580797
10.426239999774454 0.006216853780103283 0.015137951302079955
10.453509999773422 0.020328436122211357 0.051145973895527774
10.481789999772351 0.006316818185574169 0.015393762799986721
10.509059999771319 0.02023655417340786 0.05091187037409295
10.536329999770286 0.006307640610289655 0.01537029343555707
10.564609999769216 0.02014039021027403 0.05066685765633405
10.591879999768183 0.00639486195135408 0.01559349049115033
10.619149999767151 0.020140123085285122 0.0506661093652605
10.64742999976608 0.006486351035575266 0.01582761120050291
10.674699999765048 0.02005660209878013 0.050453308189024604
10.702979999763977 0.006581944382442639 0.016072237108366583
10.730249999762945 0.01996879163685883 0.050229578804683594
10.757519999761913 0.006574785433356434 0.01605393437299485
10.785799999760842 0.019876852411776946 0.049995330615137945
10.81306999975981 0.006658123917846814 0.016267195411712176
10.840339999758777 0.019874951189141843 0.04999042270730225
10.868619999757707 0.0067455770134948745 0.016490988104989057
10.895889999756674 0.019795169872211638 0.04978715025286684
10.924169999755604 0.006836987748659706 0.016724910661647385
10.951439999754571 0.019711253362534653 0.04957334260968782
10.978709999753539 0.006831702739423684 0.01671140414294392
11.006989999752468 0.01962335596279907 0.049349392856190555
11.034259999751436 0.0069113282199182455 0.016915163802566635
11.061529999750404 0.01961994966236935 0.04934065379551544
11.089809999749333 0.006994920572199637 0.017129076925304076
11.1170799997483 0.019543743612234543 0.04914649112349734
11.14535999974723 0.007082329076343207 0.01735275772495326
11.172629999746198 0.019463551203049212 0.04894217240583032
11.199899999745165 0.007078781726658767 0.017343698538807573
11.228179999744095 0.01937952058080883 0.04872807504029408
11.255449999743062 0.007154856690935518 0.017538372610392816
11.28271999974203 0.019374730461104606 0.0487158135364707
11.31099999974096 0.007234822650639683 0.01774283528989118
11.338269999739927 0.019301942438805897 0.0485303599673359
11.366549999738856 0.007318502399745298 0.01795671616804384
11.393819999737824 0.019225311625650776 0.04833511608557384
11.421089999736791 0.007316561917258268 0.017951775773872303
11.44936999973572 0.019144980256198485 0.048130444231409
11.476639999734688 0.007389329488569296 0.01813776202579387
11.503909999733656 0.019138920249784475 0.04811495034872104
11.532189999732585 0.007465788345627943 0.018333184916852208
11.559459999731553 0.019069399864570236 0.04793782265373192
11.587739999730482 0.007545799375801244 0.018537688806030683
11.61500999972945 0.01899617517422758 0.04775125743518016
11.642279999728418 0.0075453491916591675 0.01853655790174935
11.670559999727347 0.018919382733405654 0.0475556025668844
11.697829999726315 0.007614866482810734 0.018714236861716582
11.726109999725244 0.018839159532079597 0.0473512070323312
11.753379999724212 0.007687942262097902 0.018901012937477812
11.78064999972318 0.01884576326373455 0.04736798039879364
11.808929999722109 0.007764442964577567 0.019096544673269378
11.836199999721076 0.01877579594483203 0.04718971480431877
11.863469999720044 0.007765369219597139 0.019098932145156233
11.891749999718973 0.018702388995551322 0.04700268594962642
11.919019999717941 0.007831778666221423 0.019268667854954735
11.94729999971687 0.018625673947060828 0.04680722891419187
11.974569999715838 0.007901618502988872 0.01944717317559075
12.001839999714806 0.018630693346644134 0.04681996843308722
12.030119999713735 0.007974760493634103 0.019634120275091593
12.057389999712703 0.01856384107944764 0.046649639816176425
12.08465999971167 0.007976956050647743 0.019639752204148042
12.1129399997106 0.01849367277698144 0.046470862803049684
12.140209999709567 0.00804039391557243 0.019801892928306142
12.168489999708497 0.018420314726726672 0.046283959117010554
12.195759999707464 0.008107138611670894 0.019972487365604863
12.223029999706432 0.01842386366509896 0.046292954734239444
12.251309999705361 0.008177067020188167 0.020151220768960254
12.278579999704329 0.018359990283407512 0.04613021613023571
12.305849999703296 0.008180431097982277 0.02015983949074096
12.334129999702226 0.01829292009095773 0.04595933286257736
12.361399999701193 0.008241027740179208 0.020314718406688748
12.389679999700123 0.01822277433942432 0.04578061382738419
12.41694999969909 0.008304812037611908 0.020477746345159975
12.444219999698058 0.018224960132330215 0.045786138802339504
12.472499999696987 0.008371665785912086 0.020648621124019773
12.499769999695955 0.018163935355889116 0.04563065824536583
12.527039999694923 0.008376103615077568 0.020659984350146487
12.555319999693852 0.018099828773814997 0.045467326010451004
12.58258999969282 0.008433983745497198 0.02080792019713007
12.610869999691749 0.018032756799799876 0.0452964386685184
12.638139999690717 0.008494936585445423 0.020963711193699996
12.665409999689684 0.01803368055742427 0.045298750464295434
12.693689999688614 0.008558848651991524 0.021127067228876584
12.720959999687581 0.017975379739196495 0.045150210346400765
12.74923999968651 0.008625606106171468 0.0212976972804646
12.776509999685478 0.017914108044707056 0.04499410115385016
12.803779999684446 0.008619554070339874 0.021282244911469128
12.832059999683375 0.017849977242798687 0.04483070762538732
12.859329999682343 0.008677798843745088 0.02143111433877687
12.88659999968131 0.017849734201391354 0.04483004875149854
12.91487999968024 0.008738896517635708 0.021587276968804137
12.942149999679208 0.017794038083097208 0.0446881451954817
12.970429999678137 0.008802737790244874 0.021750453380231516
12.997699999677105 0.01773547808422482 0.04453894514803158
13.024969999676072 0.008798019819947211 0.021738410964566857
13.053249999675002 0.017674161511784137 0.04438272198236115
13.08051999967397 0.00885367460634201 0.02188066061993288
13.107789999672937 0.017672841346192847 0.044379320792931054
13.136069999671866 0.008912079729783584 0.02202994126349056
13.163339999670834 0.01761963582635906 0.04424376306465527
13.191619999669763 0.008973130247353689 0.02218598461601884
13.21888999966873 0.017563669623788192 0.044101171753152535
13.246159999667698 0.008969651475192242 0.022177109621646096
13.274439999666628 0.017505045760597637 0.043951809314912715
13.301709999665595 0.009022829268593324 0.022313028302900495
13.328979999664563 0.017502732881668925 0.04394588075987693
13.357259999663492 0.0090786584700836 0.022455725047809683
13.38452999966246 0.017451908794049897 0.043816390698503405
13.41280999966139 0.009137038321760382 0.022604942277448803
13.440079999660357 0.01739842355568222 0.0436801206211368
13.467349999659325 0.009134709291960474 0.022599006002821387
13.495629999658254 0.01734237607364597 0.04353732249966491
13.522899999657222 0.009185555949086321 0.022728870064658846
13.55016999965619 0.017339149907915963 0.043529068832826034
13.578449999655119 0.009238976199838822 0.022865268233074332
13.605719999654086 0.01729060281062722 0.04340538030720431
13.633999999653016 0.009294858247335225 0.023007953208598053
13.661269999651983 0.017239490554925907 0.04327515631473711
13.688539999650951 0.00929359324354051 0.023004740060927897
13.71681999964988 0.01718590809682119 0.043138638764506076
13.744089999648848 0.009342187115758738 0.023128813952810745
13.771359999647816 0.017181843354307613 0.04312825022625422
13.799639999646745 0.0093932474919044 0.023259186656454656
13.826909999645713 0.01713547332274934 0.043010108623986465
13.855189999644642 0.0094466813980979 0.023395620740729317
13.88245999964361 0.01708663070991223 0.04288566740671129
13.909729999642577 0.00944640336358149 0.023394927553321843
13.938009999641507 0.017035406676550235 0.04275515881531078
13.965279999640474 0.009492828603124281 0.023513464331548217
13.993559999639404 0.016981907032001642 0.0426188158298646
14.020829999638371 0.009541631487983926 0.02363807298382259
14.048099999637339 0.016986296681159585 0.042629976002694914
14.076379999636268 0.009592722755878191 0.02376852555889819
14.103649999635236 0.016939652797235416 0.04251106557396911
14.130919999634203 0.009593356746136483 0.023770160937119922
14.159199999633133 0.016890714503186133 0.04238630594014525
14.1864699996321 0.009637708193591 0.02388340275411016
14.21474999963103 0.0168395695498067 0.042255920790257306
14.242019999629997 0.009684351585948936 0.02400249757421591
14.269289999628965 0.01684290914725972 0.04226440551741151
14.297569999627894 0.009733201225227583 0.024127226548853464
14.324839999626862 0.01679834012273662 0.04215078472843414
14.35210999962583 0.009734676660632324 0.024131010247552265
14.380389999624759 0.016751559236826474 0.04203152516620845
14.407659999623727 0.009777045066561074 0.024239188811459034
14.435939999622656 0.016702650738557923 0.04190684159529612
14.463209999621624 0.00982162276495302 0.024353009293409666
14.490479999620591 0.0167050153265923 0.04191284209843493
14.51875999961952 0.009868327481602934 0.02447226158900362
14.546029999618488 0.016662430644085013 0.04180428017491744
14.573299999617456 0.00987057791647572 0.024478023921858938
14.601579999616385 0.01661771371874765 0.041690282442219395
14.628849999615353 0.009911050117202058 0.024581360948494613
14.657129999614282 0.016570945437500817 0.041571055093636566
14.68439999961325 0.009953651900555305 0.02469013632399042
14.711669999612218 0.01657240578968322 0.04157475171781
14.739949999611147 0.009998304279369763 0.024804148338064547
14.767219999610115 0.016531718827639486 0.04147102781847378
14.794489999609082 0.010001267183302631 0.024811729620810574
14.822769999608012 0.016488976412859402 0.041362063864935905
14.85003999960698 0.01003992626812944 0.024910437258796048
14.878319999605909 0.016444256202951424 0.04124805781853258
14.905589999604876 0.010080638065508851 0.025014386928812193
14.932859999603844 0.016444879046746852 0.04124962059806059
14.961139999602773 0.01012332674523686 0.025123384984360175
14.98840999960174 0.01640600691188654 0.04115052338912184
15.01668999960067 0.010167916239541608 0.02523723717218207
15.043959999599638 0.016365153385117348 0.04104637492173824
15.071229999598605 0.01016386876985298 0.025226916248333175
15.099509999597535 0.016322393022560777 0.04093736525285774
15.126779999596502 0.010202772825733564 0.02532625020699175
15.15404999959547 0.016322241249848046 0.04093695445109846
15.1823299995944 0.010243582665613205 0.02543045097606056
15.209599999593367 0.016285104618836255 0.04084228169783932
15.237879999592296 0.010286225255527914 0.02553933205040604
15.265149999591264 0.016246058021126553 0.04074273976600873
15.292419999590232 0.010283065485715559 0.025531277566259725
15.320699999589161 0.016205173035507614 0.04063851112282579
15.347969999588129 0.010320240515011014 0.02562619679480349
15.375239999587096 0.016204305902540628 0.04063627773737144
15.403519999586026 0.010359252754002402 0.025725807706034054
15.430789999584993 0.016168828867805907 0.040545835916205863
15.459069999583923 0.010400032082456767 0.025829931236021064
15.48633999958289 0.016131510749716083 0.04045070051683641
15.513609999581858 0.010397697168609943 0.025823982709460847
15.541889999580787 0.016092420266871188 0.04035104671530343
15.569159999579755 0.010433218508428599 0.02591467956597482
15.596429999578723 0.016090893583525445 0.04034713296290349
15.624709999577652 0.010470510919082798 0.02600989919747665
15.65197999957662 0.016057003509446277 0.0402607368922725
15.680259999575549 0.010509507080091685 0.026109469689905573
15.707529999574517 0.016021338781348482 0.04016981658808705
15.734799999573484 0.01050793772957792 0.026105475709858883
15.763079999572414 0.01598396537168023 0.04007454022663115
15.790349999571381 0.010541877481899942 0.026192134290781155
15.817619999570349 0.01598183168288403 0.04006908000411258
15.845899999569278 0.010577524518023407 0.026283152746064964
15.873169999568246 0.015949459064700466 0.03998655248441674
15.901449999567175 0.010614814204863876 0.026378366024848443
15.928719999566143 0.01591537585373426 0.0398996640396998
15.95598999956511 0.010613954494517297 0.026376183785137286
15.98426999956404 0.015879645384943908 0.03980857612296829
16.01153999956301 0.010646381664281779 0.026458980280463784
16.038809999561977 0.01587695414079171 0.03980169544182122
16.067089999560906 0.010680454600188738 0.02654597954535598
16.094359999559874 0.01584603247112737 0.0397228669158145
16.122639999558803 0.01071611124909988 0.0266370231183366
16.14990999955777 0.015813461985138888 0.03963983494947865
16.17717999955674 0.010715908450496414 0.026636517972944418
16.205459999555668 0.015779303485361384 0.03955275454038398
16.232729999554635 0.010746889076893695 0.026715621000039658
16.261009999553565 0.0157436179673639 0.0394617811786957
16.288279999552532 0.010779456141410293 0.026798775284564424
16.3155499995515 0.01574656684610798 0.03946928016931306
16.34382999955043 0.010813550069133204 0.02688582869323497
16.371099999549397 0.015715443242364846 0.03938993681920078
16.398369999548365 0.010813954484113153 0.02688687373540999
16.426649999547294 0.015682788764588174 0.039306690691953694
16.45391999954626 0.010843551767824922 0.026962444663891638
16.48219999954519 0.015648661974082656 0.0392196910726339
16.50946999954416 0.010874678274361393 0.027041920733716918
16.536739999543126 0.01565091125011664 0.03922540738476865
16.565019999542056 0.010907276809632549 0.027125155892093744
16.592289999541023 0.015621171510528662 0.039149591991261
16.61955999953999 0.010908241613418745 0.02712763155404696
16.64783999953892 0.015589956005828576 0.03907001430935031
16.675109999537888 0.010936516036139321 0.027199824811963147
16.703389999536817 0.015557320959834975 0.038986817665698226
16.730659999535785 0.010966264505776868 0.027275782303304297
16.757929999534753 0.01555892046534657 0.03899087829346559
16.786209999533682 0.010997432113032168 0.02735536381083259
16.81347999953265 0.015530504275834134 0.0389184370898521
16.840749999531617 0.010998913203003613 0.02735915747669182
16.869029999530547 0.015500665470103758 0.03884236909087457
16.896299999529514 0.011025922644168129 0.02742812084661761
16.924579999528444 0.015469458027870364 0.03876281190201558
16.95184999952741 0.011054352923640764 0.027500712567363195
16.97911999952638 0.015470454779634046 0.03876533666461457
17.00739999952531 0.011084151326700376 0.02757679802528612
17.034669999524276 0.015443304415338699 0.03869612248745824
17.061939999523243 0.011086107183663763 0.02758180367874452
17.090219999522173 0.015414782692639519 0.03862341218574539
17.11748999952114 0.0111119070302087 0.027647678579612034
17.14576999952007 0.01538494143592306 0.03854733787256315
17.173039999519037 0.01113907640497569 0.027717050797804177
17.200309999518005 0.015385379777583141 0.038548439777863486
17.228589999516934 0.011167564700721111 0.02778979110119595
17.255859999515902 0.01535943999333256 0.03848231178414929
17.28413999951483 0.011197321153428308 0.02786576985783773
17.3114099995138 0.015332178284263809 0.03841281368688332
17.338679999512767 0.011194599505446767 0.02785883073209705
17.366959999511696 0.01530364440323051 0.0383400723184435
17.394229999510664 0.01122056280842365 0.02792512345279885
17.42149999950963 0.015303566144693857 0.03833985791704686
17.44977999950856 0.011247797578630259 0.02799466307342735
17.47704999950753 0.015278784069609806 0.03827668131706208
17.505329999506458 0.011276255076626662 0.02806732513279675
17.532599999505425 0.015252727741476346 0.03821025614461071
17.559869999504393 0.011274125448222816 0.02806189743244092
17.588149999503322 0.015225444926075582 0.03814070416616744
17.61541999950229 0.011298935163954527 0.028125244665599958
17.642689999501258 0.015224889471717183 0.038139273878945446
17.670969999500187 0.01132497057951265 0.028191721920467483
17.698239999499155 0.01520121450733214 0.038078919676531875
17.726519999498084 0.011352184900527584 0.028261209701563317
17.75378999949705 0.015176311262588338 0.03801543410087982
17.78105999949602 0.011350605488252952 0.02825718668325594
17.80933999949495 0.01515022559429158 0.03794893405287825
17.836609999493916 0.01137431185179627 0.028317716696069084
17.863879999492884 0.015149230068975394 0.037946382491294006
17.892159999491813 0.011399218224645846 0.028381264008958684
17.91942999949078 0.015126613794435584 0.03788872724315162
17.94770999948971 0.011425265658799755 0.028447713898049898
17.974979999488678 0.015102813572233975 0.03782805364009878
18.002249999487645 0.011424196033189005 0.028444994824294856
18.030529999486575 0.015077873426421083 0.03776447391133919
18.057799999485542 0.011446867038378383 0.02850283038281498
18.08506999948451 0.015076472792883601 0.03776089017627493
18.11334999948344 0.011470678035376158 0.028563574531326186
18.140619999482407 0.01505486887013796 0.037705815747635096
18.168899999481336 0.011495585854248036 0.028627117128188218
18.196169999480304 0.015032123751106295 0.03764783195171484
18.22343999947927 0.011494990190625831 0.028625606962118244
18.2517199994782 0.015008279698895401 0.03758704652924161
18.27898999947717 0.011516651056619476 0.028680865567365377
18.306259999476136 0.01500650686929983 0.03758251449652583
18.334539999475066 0.011539410825375906 0.02873892792447652
18.361809999474033 0.014985870956257141 0.037529907843003585
18.390089999472963 0.01156322805128418 0.028799688291314407
18.41735999947193 0.014964135071253602 0.03747449691732241
18.444629999470898 0.011563071217102983 0.02879929740431386
18.472909999469827 0.014941339787543194 0.037416385151478604
18.500179999468795 0.01158376602557909 0.028852091512465705
18.528459999467724 0.014917525806616651 0.03735567630361869
18.555729999466692 0.011605520112315859 0.028907588270199458
18.58299999946566 0.014919515396249583 0.03736073669144968
18.61127999946459 0.01162829368721241 0.028965686160498105
18.638549999463557 0.014898744841001954 0.03730778670697488
18.665819999462524 0.011628542560999211 0.028966330056401368
18.694099999461454 0.014876953015566352 0.03725223308440606
18.72136999946042 0.011648313501434804 0.029016767295342305
18.74964999945935 0.01485417899748842 0.03719417544377768
18.77691999945832 0.011669105507677857 0.029069809685888792
18.804189999457286 0.014855701499674856 0.03719804556738815
18.832469999456215 0.011690880379806035 0.029125359767523396
18.859739999455183 0.014835854250491387 0.03714744938883019
18.88700999945415 0.011691503749184262 0.02912695881854832
18.91528999945308 0.014815022504055309 0.037094343319898915
18.942559999452047 0.011710391197785719 0.029175142191539827
18.970839999450977 0.01479324377733271 0.03703882300170047
18.998109999449944 0.011730262862762353 0.029225836695923046
19.025379999448912 0.014794332393894938 0.03704158747989128
19.05365999944784 0.01175108207112352 0.029278948766031654
19.08092999944681 0.01477536822882286 0.036993242566008
19.108199999445777 0.01175205053238848 0.029281427961125317
19.136479999444706 0.014755455030435183 0.0369424781721861
19.163749999443674 0.011770093129527592 0.02932745604288245
19.192029999442603 0.014734628817630657 0.03688938612147474
19.21929999944157 0.011789084408785788 0.029375904591288915
19.24656999944054 0.014735314879742443 0.03689112480501633
19.274849999439468 0.011808989163454076 0.029426683782385332
19.302119999438435 0.014717195301676146 0.036844933013502335
19.329389999437403 0.01181027502871046 0.029429972488959066
19.357669999436332 0.014698160890940113 0.0367964089321271
19.3849399994353 0.01182750975284208 0.02947393961518774
19.41321999943423 0.014678246228466252 0.03674564071731723
19.440489999433197 0.011845658893584132 0.029520239779945445
19.467759999432165 0.014678559291610214 0.036746428930878317
19.496039999431094 0.011864688651738176 0.029568786751565934
19.52330999943006 0.014661247454646474 0.036702296328050554
19.55158999942899 0.011884565122838309 0.029619494028387816
19.57885999942796 0.014643053767994572 0.03665591552076686
19.606129999426926 0.011882728099258166 0.02961481493529705
19.634409999425856 0.014624011430723005 0.03660737114353774
19.661679999424823 0.011900071712241056 0.029659060115350133
19.68894999942379 0.014623979365281148 0.03660727991892099
19.71722999942272 0.011918264253123034 0.02970547124719891
19.744499999421688 0.014607440006346175 0.03656511660512507
19.772779999420617 0.011937273170269935 0.02975396528022145
19.800049999419585 0.014590050604371019 0.036520786174421005
19.827319999418552 0.011935831903209793 0.029750295620811773
19.855599999417482 0.014571843031815912 0.03647436987932462
19.88286999941645 0.01195240503218531 0.029792575215514816
19.910139999415417 0.014571492109277773 0.036473466171071944
19.938419999414347 0.011969796526585474 0.029836942782490716
19.965689999413314 0.014555691479383404 0.0364331861081757
19.993969999412244 0.011987975134252316 0.029883318588252994
20.02123999941121 0.014539071479105825 0.03639081712527581
20.04850999941018 0.011986901728556987 0.029880587200070696
20.076789999409108 0.01452166270703559 0.036346437226608685
20.104059999408076 0.012002737916518402 0.029920986781306613
20.131329999407043 0.014521017682744386 0.036344784126662866
20.159609999405973 0.012019362994527882 0.02996339912956225
20.18687999940494 0.014505923483955739 0.03630630497634124
20.21515999940387 0.012036746959128264 0.030007747697746723
20.242429999402837 0.014490039492974558 0.03626581231185311
20.269699999401805 0.01203601508416241 0.03000588740997845
20.297979999400734 0.014473395084466989 0.036223381017452816
20.325249999399702 0.012051146436575344 0.03004448888160871
20.35251999939867 0.014472479274363459 0.036221037948613866
20.3807999993976 0.01206703825407407 0.030085030596116447
20.408069999396567 0.014458060597743794 0.036184280912499034
20.436349999395496 0.012083661730771689 0.0301274390605899
20.463619999394464 0.01444288065073318 0.03614558307586391
20.49088999939343 0.01208324654219417 0.03012638649486643
20.51916999939236 0.01442696763388107 0.036105016329457396
20.54643999939133 0.012097703788287673 0.030163268250971154
20.573709999390296 0.014425802990459815 0.036102039240193395
20.601989999389225 0.01211289408677152 0.030202020308334188
20.629259999388193 0.014412030256364172 0.03606692891037211
20.657539999387122 0.012128789782503424 0.030242572109728805
20.68480999938609 0.01439752375519565 0.0360299478959214
20.712079999385058 0.012128667848186114 0.03024226748928882
20.740359999383987 0.014382310559463485 0.03599116521278978
20.767629999382955 0.01214248039906174 0.030277504561249113
20.795909999381884 0.014366417827105349 0.03595065009492915
20.82317999938085 0.01215699956655436 0.030314544484466577
20.85044999937982 0.014367762644621584 0.03595407097031211
20.87872999937875 0.012172198800731948 0.030353319522158362
20.905999999377716 0.014353900300797083 0.035918732111717144
20.933269999376684 0.012172348026558089 0.030353706485508614
20.961549999375613 0.014339356699683115 0.03588165643386709
20.98881999937458 0.012185544030461237 0.03038737068137287
21.01709999937351 0.01432415791516839 0.03584291040698018
21.044369999372478 0.012199421158574641 0.030422772686322652
21.071639999371445 0.014325190593786119 0.035845535840006715
21.099919999370375 0.01221395392153468 0.03045984746979924
21.127189999369342 0.014311944372834671 0.03581176766783711
21.15445999936831 0.012214353484199303 0.030460872896875824
21.18273999936724 0.014298041426491825 0.03577632521779561
21.210009999366207 0.01222695988095823 0.03049303294372363
21.238289999365136 0.014283506787853839 0.035739272307222514
21.265559999364104 0.01224022281855286 0.030526868076508062
21.29282999936307 0.014284249481146148 0.03574115876144868
21.321109999362 0.012254117826442812 0.03056231586392455
21.34837999936097 0.014271592549361167 0.03570889286637069
21.375649999359936 0.012254748108090241 0.03056392970912647
21.403929999358866 0.014258302551253266 0.03567501301008358
21.431199999357833 0.012266790679530404 0.030594651378812454
21.459479999356763 0.014244403519940605 0.0356395804609555
21.48674999935573 0.012279466086460356 0.030626987651682924
21.514019999354698 0.01424487713445688 0.035640781220580564
21.542299999353627 0.012292750836037314 0.030660878590804685
21.569569999352595 0.014232783808927672 0.03560995212877893
21.596839999351563 0.01229359336116054 0.030663033724764865
21.625119999350492 0.0142200802329725 0.03557756724257288
21.65238999934946 0.012305096780920177 0.030692379962293792
21.68066999934839 0.014206789479805693 0.03554368538355446
21.707939999347357 0.012317210176857274 0.030723282479516723
21.735209999346324 0.0142070137397029 0.03554425072044287
21.763489999345254 0.012329910996241143 0.03075568373686055
21.79075999934422 0.014195459438347656 0.03551479576309191
21.81903999934315 0.012343176616036011 0.030789526016861135
21.846309999342118 0.014183316889446851 0.03548384110633185
21.873579999341086 0.012341936254139818 0.030786366838730927
21.901859999340015 0.014170608244424066 0.0354514432205022
21.929129999338983 0.012353512067621695 0.030815897919178603
21.95639999933795 0.014170601750495114 0.03545142054214301
21.98467999933688 0.012365654164658957 0.030846873804046826
22.011949999335847 0.014159562946725268 0.03542327974271897
22.040229999334777 0.012378340824644951 0.030879239076819776
22.067499999333744 0.014147957113269438 0.03539369333638298
22.094769999332712 0.012377364966965622 0.03087675453580241
22.12304999933164 0.01413580551739213 0.03536271554031023
22.15031999933061 0.012388426582101708 0.030904973837031502
22.177589999329577 0.014135585805553743 0.0353621495412737
22.205869999328506 0.012400034092458823 0.030934585922037794
22.233139999327474 0.014125039982168963 0.03533526549530652
22.261419999326403 0.012412166645002998 0.03096553758901166
22.28868999932537 0.014113947590841502 0.035306988007621776
22.31595999932434 0.01241143667327338 0.03096368019035456
22.344239999323268 0.01410232904861375 0.03527736912853907
22.371509999322235 0.012422006471535685 0.030990644808537304
22.398779999321203 0.014101912643166958 0.03527630192322606
22.427059999320132 0.012433102503097926 0.031018952045647197
22.4543299993191 0.014091838251269471 0.03525061969584797
22.48260999931803 0.012444704747054613 0.031048550821988208
22.509879999316997 0.014081237022622317 0.035223594329913954
22.537149999315965 0.012444203087257242 0.031047275735185398
22.565429999314894 0.014070128557939767 0.03519527579400883
22.59269999931386 0.012454302493030478 0.031073040327378454
22.61996999931283 0.014069531024440196 0.03519374705532874
22.64824999931176 0.01246490916928966 0.031100099156189387
22.675519999310726 0.014059907440726051 0.03516921407027418
22.703799999309656 0.012476003895558252 0.031128403184332853
22.731069999308623 0.014049776046914708 0.035143386453906356
22.75833999930759 0.01247571396282954 0.031127668102126638
22.78661999930652 0.014039155659843707 0.035116312176386444
22.813889999305488 0.012485363480494116 0.031152284977309375
22.841159999304455 0.014038391654130566 0.03511435925649398
22.869439999303385 0.012495501982624944 0.031178149433874758
22.896709999302352 0.01402919914318701 0.035090925201963774
22.924989999301282 0.012506111016550414 0.031205214393259517
22.95225999930025 0.014019517168855076 0.03506624328973862
22.979529999299217 0.01250601716903088 0.03120497941409006
23.007809999298146 0.014009363795502883 0.035040359571725244
23.035079999297114 0.012515236425235112 0.0312284986423772
23.063359999296043 0.013998757144165208 0.03501332024336001
23.09062999929501 0.012524927031041577 0.03125322045776091
23.11789999929398 0.013999666786329246 0.035015634354262914
23.146179999292908 0.012535071270861398 0.03127909966385012
23.173449999291876 0.013990414689249997 0.034992048326853986
23.200719999290843 0.012535158758351874 0.03127932716116
23.228999999289773 0.013980708161238198 0.03496730375215362
23.25626999928874 0.012543966535838114 0.0313017966593887
23.28454999928767 0.013970564599967041 0.03494144498195073
23.311819999286637 0.012553228657695812 0.0313254253578088
23.339089999285605 0.0139712655618206 0.034943227287098644
23.367369999284534 0.012562928116239047 0.03135016986494099
23.394639999283502 0.013962429442911041 0.03492068945618598
23.42190999928247 0.012563183035709913 0.03135082437258907
23.4501899992814 0.013953157250570891 0.03489703479805373
23.477459999280367 0.012571597312204696 0.03137229000491626
23.505739999279296 0.013943464003567383 0.034872305895383704
23.533009999278264 0.012580449533999283 0.03139487299674837
23.56027999927723 0.01394397068988884 0.03487359409428681
23.58855999927616 0.012589723373522708 0.03141853169169595
23.615829999275128 0.01393552922167207 0.034852058815126874
23.643099999274096 0.012590132626357775 0.031419579796387875
23.671379999273025 0.013926665778176583 0.03482944694375156
23.698649999271993 0.01259817060635826 0.0314400854528607
23.726929999270922 0.013917396383693825 0.03480579936171457
23.75419999926989 0.012606630718593912 0.03146166812300066
23.781469999268857 0.01391772327255314 0.034806629034012104
23.809749999267787 0.012615497288299249 0.03148428781637458
23.837019999266754 0.01390965765813301 0.03478605261798551
23.864289999265722 0.012616048537880675 0.03148569804914958
23.89256999926465 0.01390118527688067 0.03476443841202714
23.91983999926362 0.012623726686414094 0.03150528573443445
23.94811999926255 0.013892321512617878 0.03474182566212125
23.975389999261516 0.012631811718886277 0.03152591152861817
24.002659999260484 0.013892481765060305 0.03474223037714941
24.030939999259413 0.012640288587461801 0.031547537040943485
24.05820999925838 0.013884775613923983 0.03472257100934906
24.08648999925731 0.012649142196785035 0.03157012375875068
24.113759999256278 0.013876677361787215 0.03470191126844213
24.141029999255245 0.012648304294083701 0.031567989688308096
24.169309999254175 0.013868201779247415 0.034680288837074524
24.196579999253142 0.012656030548557573 0.031587700195634394
24.22384999925211 0.013868207807005373 0.03468030025273183
24.25212999925104 0.012664134537507143 0.03160837444097231
24.279399999250007 0.013860845431200584 0.03466151791052807
24.307679999248936 0.012672601768265013 0.0316299754508198
24.334949999247904 0.01385310509826132 0.03464177128011947
24.36221999924687 0.0126719407038145 0.031628292410923464
24.3904999992458 0.013845000987899647 0.03462109653675771
24.41776999924477 0.012679323785082077 0.03164712743971565
24.445039999243736 0.013844864493145259 0.034620744501279166
24.473319999242666 0.012687071000850647 0.0316668915088969
24.500589999241633 0.013837830878620004 0.03460280088154466
24.528869999240563 0.012695168437317215 0.031687549119607805
24.55613999923953 0.013830432946450586 0.034583927770437395
24.583409999238498 0.01269467177842365 0.03168628539563789
24.611689999237427 0.013822684308701594 0.03456415989805395
24.638959999236395 0.01270172662250313 0.03170428305054873
24.666229999235362 0.013822416320225295 0.034563472541770945
24.694509999234292 0.012709132485552499 0.031723176282394405
24.72177999923326 0.013815697098275346 0.034546330986462426
24.75005999923219 0.012716876009167934 0.0317429310105366
24.777329999231156 0.013808626710306249 0.03452829349460673
24.804599999230124 0.01271653202008127 0.03174205666593988
24.832879999229053 0.013801218224667176 0.03450939340639003
24.86014999922802 0.012723272923841343 0.03175925341969421
24.88741999922699 0.01380082913020031 0.03450839722494159
24.915699999225918 0.012730352198068173 0.031777313479253166
24.942969999224886 0.013794410549484938 0.03449202265132234
24.971249999223815 0.012737757017749818 0.03179620412485651
24.998519999222783 0.013787653485020201 0.034474784498372824
25.02578999922175 0.012737554624078107 0.03179569090910883
25.05406999922068 0.013780570482711531 0.03445671477254608
25.081339999219647 0.012743995271492505 0.03181212167201464
25.108609999218615 0.013780070064405958 0.03445543471563006
25.136889999217544 0.01275076209168513 0.03182938461920859
25.164159999216512 0.01377393896465895 0.03443979354975646
25.19243999921544 0.012757842771865091 0.031847448337674056
25.21970999921441 0.013767481610808319 0.03442332000584969
25.246979999213377 0.012757771525889305 0.031847269600049355
25.275259999212306 0.013760710046219926 0.03440604480907661
25.302529999211274 0.01276392501434942 0.03186296778462383
25.330809999210203 0.013753636353056709 0.0343879987828033
25.35807999920917 0.012770392912465954 0.03187946814133813
25.385349999208138 0.013754251298261244 0.034389564472936396
25.413629999207068 0.012777163399420257 0.03189674051262692
25.440899999206035 0.01374808062289845 0.03437382229154462
25.468169999205003 0.012777213450604119 0.03189687112614692
25.496449999203932 0.013741607047390247 0.03435730731410347
25.5237199992029 0.012783092315029164 0.03191186871130958
25.55199999920183 0.013734842171428507 0.03434004913304145
25.579269999200797 0.012789274245792348 0.03192763952696298
25.606539999199764 0.013735317678925218 0.03434125921005782
25.634819999198694 0.012795747894635778 0.03194415462167699
25.66208999919766 0.013729421209990877 0.03432621657164514
25.68935999919663 0.012795909957021623 0.03194457089850111
25.71763999919556 0.01372323274798315 0.03431042896457903
25.744909999194526 0.012801526194686552 0.03195889849005873
25.773189999193455 0.013716763430034582 0.03429392480208682
25.800459999192423 0.012807434560160758 0.031973971404442025
25.82772999919139 0.013717109371182978 0.03429480444435695
25.85600999919032 0.012813624159175308 0.031989761847339704
25.883279999189288 0.013711475168541985 0.03428043088874455
25.910549999188255 0.012813889483402119 0.03199044146932062
25.938829999187185 0.013705559492344754 0.034265339202210754
25.966099999186152 0.012819254576155514 0.03200412835925315
25.99437999918508 0.013699373034611662 0.03424955666340157
26.02164999918405 0.012824901248645215 0.03201853366037177
26.048919999183017 0.013699598726930608 0.03425012963740315
26.077199999181946 0.012830819041754427 0.03203363068752241
26.104469999180914 0.013694215362962557 0.034236396009335035
26.13173999917988 0.012831179387364444 0.03203455263417476
26.16001999917881 0.013688560670223724 0.0342219701339852
26.18728999917778 0.012836304323483485 0.032047626855513656
26.215569999176708 0.013682644914005948 0.03420687819947199
26.242839999175676 0.01284170066805823 0.03206139353676418
26.270109999174643 0.013682759147336519 0.034207166925970256
26.298389999173573 0.012847358380124962 0.032075827060606965
26.32565999917254 0.013677615684773659 0.03419404532359893
26.352929999171508 0.012847805989980365 0.03207697154575806
26.381209999170437 0.013672210676424656 0.03418025643275868
26.408479999169405 0.012852701284747801 0.032089459924589114
26.436759999168334 0.013666553977138118 0.03416582539560453
26.464029999167302 0.012857858180349124 0.03210261573962647
26.49129999916627 0.013666565042628977 0.034165851022560645
26.5195799991652 0.012863267037548363 0.03211641439969659
26.546849999164166 0.013661651012500498 0.034153314736895535
26.575129999163096 0.012868918186681233 0.03213083123394522
26.602399999162063 0.013656484871008678 0.03414013523344028
26.62966999916103 0.012868470327568994 0.03212969100858665
26.65794999915996 0.013651076078676994 0.034126336648299116
26.685219999158928 0.012873398187960072 0.03214226252538088
26.712489999157896 0.01365099179326412 0.03412611911399743
26.740769999156825 0.012878568938302304 0.0321554537409563
26.768039999155793 0.013646297176670541 0.034114142585639495
26.796319999154722 0.012883973295377937 0.03216924097219076
26.82358999915369 0.01364135954590562 0.03410154604877036
26.850859999152657 0.012883635377123226 0.03216838114693532
26.879139999151587 0.013636187983762094 0.03408835267603161
26.906409999150554 0.012888344170212897 0.03218039379422333
26.933679999149522 0.013636015714172056 0.03408791077059714
26.96195999914845 0.012893287105048445 0.03219300382043544
26.98922999914742 0.01363153092183722 0.03407646953536014
27.01750999914635 0.012898455268650522 0.03220618848698287
27.044779999145316 0.013626811888366896 0.034064430675007085
27.072049999144284 0.012898219452562198 0.032205589066935936
27.100329999143213 0.013621867332947903 0.034051816432911775
27.12759999914218 0.012902718719453365 0.032217067185047465
27.154869999141148 0.01362161401923434 0.03405116785764051
27.183149999140078 0.012907443691599683 0.032229121157556495
27.210419999139045 0.0136173298744654 0.03404023850370752
27.238699999137975 0.012912385811080895 0.032241729151627485
27.265969999136942 0.013612819947621868 0.03402873310625054
27.29323999913591 0.012912244699946339 0.03224137126718318
27.32151999913484 0.013608092610203015 0.03401667302285194
27.348789999133807 0.012916543572716765 0.03225233815465911
27.376059999132774 0.013607764787005984 0.034015834446476934
27.404339999131704 0.012921060014543184 0.03226386013757132
27.43160999913067 0.013603672507214948 0.03400539456835938
27.4598899991296 0.012925785809435266 0.03227591625557524
27.48715999912857 0.013599362603296415 0.033994399460435254
27.514429999127536 0.012925732425512426 0.03227578210750481
27.542709999126465 0.013594843110686372 0.033982869622450895
27.569979999125433 0.012929839645019368 0.03228626006267499
27.598259999124362 0.01359012209099397 0.03397082562188736
27.62552999912333 0.012934156587274592 0.03229727309500552
27.652799999122298 0.013590538110593407 0.03397188489268066
27.681079999121227 0.012938675364735586 0.03230880108069378
27.708349999120195 0.013586419532703897 0.03396137788641562
27.735619999119162 0.012938703126481155 0.03230887388077086
27.76389999911809 0.013582098910233875 0.03395035539791591
27.79116999911706 0.01294262705844862 0.03231888424578555
27.81944999911599 0.01357758398359987 0.033938837174529723
27.846719999114956 0.01294675314636673 0.03232941038222581
27.873989999113924 0.013577906756810589 0.03393965863282
27.902269999112853 0.012951073818948555 0.03234043297356548
27.92953999911182 0.013573971181383595 0.0339296184941662
27.95680999911079 0.012951176523878338 0.032340696900123866
27.985089999109718 0.013569840837410196 0.033919081436140086
28.012359999108686 0.012954925174552767 0.032350260100144634
28.040639999107615 0.013565523155590788 0.03390806641692112
28.067909999106583 0.01295886868541296 0.032360320457069935
28.09517999910555 0.01356575927635395 0.0339086668815658
28.12345999910448 0.01296299978677784 0.03237085942410234
28.150729999103447 0.013561998736193346 0.03389907328411601
28.177999999102415 0.012963171589845614 0.032371299568156875
28.206279999101344 0.013558050443721492 0.033889000668729796
28.233549999100312 0.012966752621988655 0.03238043515201294
28.26182999909924 0.013553921533311806 0.03387846723617027
28.28909999909821 0.012970521478878895 0.03239004994284311
28.316369999097176 0.013554077225651604 0.033878862583969216
28.344649999096106 0.0129744711809483 0.032400126134035645
28.371919999095073 0.013550484094090987 0.033869696071009425
28.39918999909404 0.012974706577168593 0.03240072845255293
28.42746999909297 0.013546709977259595 0.0338600678048695
28.454739999091938 0.012978127324022481 0.032409455128112885
28.483019999090867 0.013542761724181007 0.03384999525860577
28.510289999089835 0.012981729110953855 0.032418643700660166
28.537559999088803 0.013542842859696091 0.0338502004660457
28.565839999087732 0.012985505238210404 0.03242827707732321
28.5931099990867 0.01353940983793922 0.033841442416915335
28.620379999085667 0.012985799044278545 0.03242902834874606
28.648659999084597 0.013535802355957416 0.03383223926221035
28.675929999083564 0.012989066523758863 0.032437364020110326
28.704209999082494 0.01353202698941769 0.03382260777740065
28.73147999908146 0.012992508500825894 0.03244614489598119
28.75874999908043 0.01353203910705525 0.033822636972768994
28.78702999907936 0.012996118544372659 0.03245535456887216
28.814299999078326 0.01352875920855767 0.033814269563825494
28.842579999077255 0.012999890202309405 0.03246497657833913
28.869849999076223 0.01352531114292288 0.033805473104897565
28.89711999907519 0.012999586811094144 0.032464204153281884
28.92539999907412 0.013521701222433792 0.03379626369983679
28.952669999073088 0.013002875928895595 0.032472595064547694
28.979939999072055 0.013521649543626113 0.03379613020122463
29.008219999070985 0.013006327061873879 0.03248139933385019
29.035489999069952 0.013518516082104968 0.03378813637460176
29.06376999906888 0.013009934015739466 0.032490601157930676
29.09103999906785 0.013515220521643223 0.03377972898008785
29.118309999066817 0.013009704148300494 0.03249001625214021
29.146589999065746 0.013511768922522815 0.03377092347869315
29.173859999064714 0.013012847058418986 0.03249803416821573
29.20112999906368 0.01351165836960644 0.033770639842378714
29.22940999906261 0.013016146148985162 0.03250645055540291
29.25667999906158 0.013508664945903635 0.03376300327215809
29.284959999060508 0.013019595472697154 0.032515250240916505
29.312229999059475 0.013505515275148651 0.03375496806437006
29.339499999058443 0.013019433892964338 0.03251483949681111
29.367779999057372 0.01350221517473782 0.033746549059920916
29.39504999905634 0.013022436963350148 0.0325225006627905
29.422319999055308 0.013502050383773834 0.033746127110434454
29.450599999054237 0.013025590586021818 0.03253054594064553
29.477869999053205 0.013499190873599074 0.033738832173058064
29.506149999052134 0.013028889052452142 0.03253896076648166
29.5334199990511 0.013496180758955978 0.033731152993876634
29.56068999905007 0.013028790819103464 0.03253871158002131
29.588969999049 0.01349302562485666 0.03372310382209198
29.616239999047966 0.01303166014436341 0.03254603154455582
29.643509999046934 0.013492810962317692 0.033722554697190876
29.671789999045863 0.013034674595153062 0.03255372177524141
29.69905999904483 0.013490079505087404 0.03371558644142958
29.72733999904376 0.01303782869030179 0.03256176828837498
29.754609999042728 0.013487202883872618 0.03370824782412685
29.781879999041696 0.013037789141321032 0.032561668767183694
29.810159999040625 0.013484186461382497 0.03370055252686077
29.837429999039593 0.013040530554906615 0.032568662411947
29.865709999038522 0.013481035615662385 0.03369251427058906
29.89297999903749 0.013043411860114706 0.03257601296878798
29.920249999036457 0.013481317023204984 0.03369323082279552
29.948529999035387 0.013046427794968563 0.03258370701324509
29.975799999034354 0.013478568092875398 0.033686217963668774
30.003069999033322 0.013046442534356384 0.032583745944292364
30.03134999903225 0.013475684392405984 0.033678861261299264
30.05861999903122 0.013049061618468196 0.0325904275106037
30.086899999030148 0.013472671086431354 0.03367117389175833
30.114169999029116 0.013051815548225654 0.032597453115568165
30.141439999028083 0.013472890135514339 0.03367173140670365
30.169719999027013 0.013054699270849677 0.03260480986749803
30.19698999902598 0.013470263340302326 0.03366503013296773
30.224259999024948 0.013054764154792451 0.032604976680772335
30.252539999023877 0.013467506628499491 0.03365799739785125
30.279809999022845 0.013057266253744482 0.032611359802647844
30.308089999021774 0.013464624957475578 0.033650645851257543
30.335359999020742 0.013059898330790798 0.03261807454415511
30.36262999901971 0.013464786052879818 0.03365105556303316
30.39090999901864 0.013062655536137722 0.03262510853186962
30.418179999017607 0.013462276075793422 0.03364465230963898
30.445449999016574 0.013062766659711178 0.032625393266294545
30.473729999015504 0.013459640862802824 0.03363792953740008
30.50099999901447 0.013065156886775451 0.0326314909880665
30.5292799990134 0.013456885172758337 0.033630899387482316
30.55654999901237 0.013067672399241226 0.03263790835708047
30.583819999011336 0.013456992472118179 0.033631171902048784
30.612099999010265 0.013070308541315967 0.0326446334940389
30.639369999009233 0.013454594224211582 0.03362505368605939
30.6666399990082 0.01307046222589281 0.03264502676664227
30.69491999900713 0.01345207525307446 0.03361862746424915
30.722189999006098 0.013072745475127491 0.03265085157396763
30.750469999005027 0.013449440128720735 0.03361190489707955
30.777739999003995 0.013075149484790494 0.032656984483514506
30.805009999002962 0.013449497554565149 0.03361205021964464
30.83328999900189 0.013077669784279931 0.032663414089373344
30.86055999900086 0.013447206164407977 0.03360620461346775
30.887829998999827 0.013077862566823417 0.032663907066521336
30.916109998998756 0.013444798403638547 0.03360006210684219
30.943379998997724 0.013080043522259 0.03266947090986294
30.971659998996653 0.01344227865906633 0.033593633892159414
30.99892999899562 0.013082340873892817 0.03267533171986692
31.02619999899459 0.013442289911302363 0.0335936614599186
31.054479998993518 0.013084750330851658 0.0326814785495011
31.081749998992485 0.013440100716527681 0.03358807656861362
31.110029998991415 0.013087267588085094 0.03268790041658365
31.137299998990382 0.013437799348323232 0.03358220548592694
31.16456999898935 0.013087062096318047 0.03268737723217674
31.19284999898828 0.013435390018867843 0.03357605895744076
31.220119998987247 0.013089257428392731 0.03269297777647173
31.247389998986215 0.013435358586682433 0.03357597767056353
31.275669998985144 0.013091560830025273 0.03269885404331152
31.30293999898411 0.013433267124877246 0.033570642109881366
31.33121999898304 0.013093968167887438 0.03270499548817529
31.35848999898201 0.013431067537753028 0.03356503068570049
31.385759998980976 0.01309381184682068 0.03270459771088641
31.414039998979906 0.013428763868438274 0.033559153712980905
31.441309998978873 0.013095909598893174 0.03270994931484639
31.46857999897784 0.013428693040315132 0.03355897195930213
31.49685999897677 0.013098111528009104 0.03271556671067266
31.524129998975738 0.013426695041032 0.03355387483505723
31.552409998974667 0.013100413666210285 0.03272143977534059
31.579679998973635 0.013424592819299308 0.03354851180433771
31.606949998972603 0.013100303018124482 0.03272115848187429
31.635229998971532 0.013422390257292194 0.033542892772131516
31.6624999989705 0.013102307439755156 0.032726271987637556
31.689769998969467 0.013422283130243295 0.033542618452220285
31.718049998968397 0.013104412284884126 0.032731641708527714
31.745319998967364 0.013420374506640688 0.03353774933791964
31.773599998966294 0.013106613743878446 0.032737257925086194
31.80086999896526 0.013418365424456959 0.0335326239208289
31.82813999896423 0.013106545467805542 0.032737084696810026
31.85641999896316 0.013416259610020463 0.03352725170686632
31.883689998962126 0.013108460626435893 0.032741970480176796
31.910959998961093 0.013416119101993695 0.033526892262480956
31.939239998960023 0.01311047258853826 0.03274710324300267
31.96650999895899 0.013414295942748233 0.03352224117985081
31.99478999895792 0.013112577696902106 0.032752473654174
32.02205999896472 0.01341237595359024 0.03351734305212517
32.04932999897338 0.013112548677934655 0.03275240054415596
32.07760999898235 0.013410362712553246 0.03351220700701374
32.10487999899101 0.013114378466547838 0.03275706853743676
32.133159998999986 0.01340825980885918 0.033506842202002396
32.16042999900864 0.013116301567854484 0.03276197460326813
32.1876999990173 0.013408450130465434 0.033507326839399276
32.215979999026274 0.013118314470184411 0.032767109783271575
32.24324999903493 0.01340661536199661 0.03350264612231868
32.270519999043586 0.013118321772151775 0.03276712930270209
32.29879999905256 0.013404690698159194 0.03349773605155759
32.32606999906122 0.013120069915974808 0.03277158900916177
32.354349999070195 0.013402679584383792 0.033492605418083965
32.38161999907885 0.013121908006401894 0.03277627820024165
32.408889999087506 0.013402828203159077 0.033492983696403744
32.43716999909648 0.013123832672397582 0.03278118827584331
32.46443999910514 0.013401074947646752 0.03348851093040173
32.491709999113795 0.0131238735263175 0.03278129336137248
32.51998999912277 0.013399235034154853 0.033483817071244815
32.54725999913143 0.013125543592438338 0.032785553881098384
32.5755399991404 0.01339731177018888 0.03347891055610619
32.60280999914906 0.013127300358653615 0.03279003560235916
32.630079999157715 0.013397421628791095 0.03347918998134469
32.65835999916669 0.013129140588497346 0.032794730268681516
32.68562999917535 0.013395746338345726 0.03347491611649378
32.712899999184 0.013129212385828648 0.03279491426680936
