0.001020000000000002 0.4775025698646752 1.191399686509742
0.07879000000000215 0.26175295702536994 0.6851542967640789
0.15959000000001883 0.45174621676331744 1.1426552522928124
0.2363500000000956 0.25279554653384406 0.6536910510005156
0.3161400000001754 0.4364837567073251 1.1004209641290896
0.39391000000025317 0.24222881397277019 0.6302743614281736
0.47269000000033196 0.42285159271017897 1.0620652205969305
0.551470000000125 0.23206158082785897 0.606843083636488
0.6302499999997665 0.40948814979407633 1.0265828781707675
0.7080199999994126 0.2228931946048779 0.5843508456306545
0.786799999999054 0.3975536434083072 0.995384687322709
0.8655799999986955 0.21360906116987044 0.5614719029057191
0.944359999998337 0.38584616809448136 0.9647303596884926
1.0221299999982287 0.20505807919858557 0.5404773451715528
1.1009099999987448 0.37541420779742907 0.9373795110307226
1.179689999999261 0.1962999676894991 0.5188827022033826
1.2574599999997704 0.3654967304857333 0.9114515558144909
1.3362400000002865 0.18834393556336537 0.4992195994026116
1.4150200000008026 0.3556434447436667 0.8857711003148694
1.4927900000013121 0.18059430578017954 0.4800122858391931
1.5715700000018282 0.3467667798741376 0.8626481689958054
1.6503500000023443 0.17263566551374265 0.46022864237781347
1.7281200000028538 0.3382683495718459 0.8405439740277076
1.80690000000337 0.16542653669703344 0.4422953583894218
1.8846700000038794 0.3301202042717639 0.8193788161444115
1.9634500000043955 0.1584159803952654 0.42482723267480704
2.0422300000049116 0.3219467899760404 0.7981846717078134
2.120000000005421 0.1516039584320723 0.4078314322484733
2.198780000005937 0.3145142735348455 0.7789111961181816
2.2765500000064467 0.1449888827161513 0.391310351204599
2.355330000006963 0.30735524747006704 0.7603601032447838
2.434110000007479 0.13824203685371528 0.37444222291207474
2.5118800000079884 0.3004555838360736 0.7424929971244665
2.5906600000085045 0.1320803379782619 0.3590294428006957
2.668430000009014 0.29380241805121265 0.7252755137104994
2.74721000000953 0.12609495740623478 0.34404405813418526
2.825990000010046 0.2870563240107007 0.7078384627693945
2.9037600000105557 0.12028188502521975 0.3294777027836093
2.982540000011072 0.2809181607408212 0.6919723655601562
3.0603100000115813 0.11463702145803034 0.3153220810868995
3.1390900000120974 0.2749864312521909 0.6766478251032604
3.216860000012607 0.10915641999144109 0.3015693139670428
3.295640000013123 0.2692518065008823 0.6618387002709336
3.374420000013639 0.10353573142937021 0.28744720514359834
3.4521900000141486 0.26370296930847037 0.6475154192036259
3.5309700000146647 0.09841514920339066 0.27458398371238424
3.608740000015174 0.2583306507594777 0.633652108026439
3.6875200000156902 0.09344109256542155 0.26208457903427185
3.7652900000161997 0.2531269409825452 0.6202274055498558
3.844070000016716 0.08860927228228777 0.24993901261306517
3.9218400000172253 0.24808377205028376 0.6072195426076399
4.0006200000177135 0.08391545783035803 0.23813700930616077
4.079400000014731 0.24292721583715005 0.5939446364352396
4.157170000011787 0.0793558328341748 0.22666953305776616
4.235950000008804 0.2382182233401817 0.5818025697708507
4.31372000000586 0.07492688641491341 0.21552802601363386
4.392500000002878 0.23364937724769877 0.5700237571230948
4.470269999999934 0.07062514455754176 0.20470400896076546
4.549049999996951 0.22921571259157192 0.5585954283852335
4.626819999994007 0.06644699281126965 0.19418879760368934
4.7055999999910245 0.22491354991270718 0.5475086585254196
4.78336999998808 0.06238852544285955 0.18397254062949564
4.862149999985098 0.22073944554917732 0.5367554135891406
4.939919999982154 0.05844613390012465 0.17404567434711193
5.018699999979171 0.21668979393156818 0.5263258701841522
5.097479999976189 0.05440690106411039 0.16385702049581674
5.175249999973245 0.212761270323519 0.5162107702806562
5.254029999970262 0.050707479650356824 0.15453635275959332
5.331799999967318 0.2089499009504101 0.5064017943267163
5.410579999964336 0.04711277860508556 0.14547613917375024
5.488349999961391 0.20525233208109916 0.4968903050956208
5.567129999958409 0.04361994710868777 0.13666915662503554
5.644899999955465 0.2016645987248502 0.4876655004422803
5.723679999952482 0.040225990267580225 0.12810831268605938
5.801449999949538 0.19818312733169027 0.47871745795357024
5.880229999946556 0.0369280696079628 0.119786926390264
5.9579999999436115 0.19480453077532411 0.47003704000513347
6.036779999940629 0.033723628436693076 0.11169887660531508
6.114549999937685 0.1915254301585313 0.4616150779425565
6.1933299999347025 0.030610090900215936 0.10383807400696776
6.27210999993172 0.18816454201557153 0.4529952123066283
6.349879999928776 0.027629428403268652 0.09619832006976248
6.428659999925793 0.185087474918319 0.4450945158421482
6.506429999922849 0.02486856374437929 0.08877329856226135
6.585209999919867 0.18209815854852174 0.43741996208368494
6.662979999916923 0.02225934892318837 0.08155654024121217
6.74175999991394 0.17919345219407845 0.429963126499211
6.819529999910996 0.019833439695880806 0.07454164910312144
6.8983099999080135 0.17637026028264824 0.42271575784813553
6.976079999905069 0.01761248301828955 0.06772225459096282
7.054859999902087 0.17362557729329342 0.4156698586622043
7.132629999899143 0.015583645734256189 0.06109190093939176
7.21140999989616 0.1709577449579317 0.40881882105753276
7.289179999893216 0.013761102460037257 0.05464401858874535
7.367959999890234 0.16836390135500645 0.40215784164067125
7.4457299998872895 0.012161904849387728 0.04837234720108663
7.524509999884307 0.1658420031778286 0.3956821760719209
7.602279999881363 0.010785607350729753 0.04227110791181765
7.68105999987838 0.16338998217611567 0.3893866959339465
7.758829999875436 0.009665498085191793 0.036334924966130444
7.837609999872454 0.1610058151004211 0.383266246887215
7.916389999869471 0.008791463491653606 0.030228250082953156
7.994159999866527 0.1586876755452119 0.37731620884543515
8.072939999863545 0.008287116502792014 0.024631824128718005
8.1507099998606 0.15643382293682162 0.3715322423044509
8.229489999857618 0.008097303068798967 0.019184810859473878
8.307259999854674 0.15424254850911523 0.3659100829343176
8.386039999851691 0.00825075202448844 0.013882881893501064
8.463809999848747 0.15211207021103612 0.36044515747301054
8.542589999845765 0.008801494484823702 0.00872204957351741
8.62035999984282 0.15004047663628084 0.3551323724240829
8.699139999839838 0.00984448616938971 0.0036985164418301686
8.776909999836894 0.14802621968028973 0.3499676787653505
8.855689999833912 0.011506069976893962 0.0011914469185692056
8.933459999830967 0.14606794840878323 0.34494770133749464
9.012239999827985 0.013372467277796618 0.005951380642266191
9.09000999982504 0.14416421298507198 0.34006879202371776
9.168789999822058 0.015188586460952449 0.010584606971375532
9.246559999819114 0.142313476793277 0.33532697140647993
9.325339999816132 0.01695628691854567 0.015094179392904916
9.403109999813188 0.14051430357938322 0.3307183732335295
9.481889999810205 0.0186778384452454 0.019482789337710305
9.559659999807261 0.13876533223479204 0.32623921059616867
9.638439999804278 0.020352459359909814 0.023752862739245817
9.717219999801296 0.13697487555650067 0.32165351724118274
9.794989999798352 0.021981121450111996 0.027906639144015255
9.87376999979537 0.13533025156213596 0.3174409576300774
9.951539999792425 0.02356467345306501 0.03194609753852662
10.030319999789443 0.13373218816112842 0.3133481182581832
10.108089999786499 0.02510400487853559 0.035873333499492066
10.186869999783516 0.13217957242738743 0.3093720114775933
10.264639999780572 0.02660006505674095 0.0396906010251441
10.34341999977759 0.1306712602047877 0.3055095771916094
10.421189999774645 0.02805384050738491 0.04340025581026641
10.499969999771663 0.129206070100216 0.30175765536065713
10.577739999768719 0.029466344342179096 0.04700472806122846
10.656519999765736 0.12778278155665945 0.29811296523795106
10.734289999762792 0.030839087676921118 0.05050651154053787
10.81306999975981 0.12640020827205123 0.29457235143443006
10.890839999756865 0.032173818781510266 0.05390824234678959
10.969619999753883 0.12505719094398704 0.2911328002955904
11.047389999750939 0.033470507784233994 0.05721286434965389
11.126169999747956 0.12375258905594932 0.28779143269789254
11.203939999745012 0.03473034779938422 0.06042348009893672
11.28271999974203 0.12248528046860185 0.28454547514906725
11.360489999739086 0.035954481294600216 0.06354308154161714
11.439269999736103 0.1212541593816655 0.2813921889254889
11.51804999973312 0.03721074197790053 0.06674551306555809
11.595819999730177 0.12005813444684264 0.2783288585728738
11.674599999727194 0.0383622112731834 0.0696800671585951
11.75236999972425 0.11889610570442821 0.2753527356358143
11.831149999721267 0.03948141698838026 0.07253248074728935
11.908919999718323 0.11776699380031717 0.2724611040292091
11.98769999971534 0.04056948517167058 0.07530567179394598
12.065469999712397 0.11666975110314992 0.2696513238801046
12.144249999709414 0.0416274817514809 0.07800242445107353
12.22201999970647 0.11560336450600105 0.26692086070043697
12.300799999703488 0.04265635950724933 0.08062523045822001
12.378569999700543 0.11456687384424502 0.2642672890098341
12.457349999697561 0.04365700167799702 0.08317637265684574
12.535119999694617 0.11355937159159213 0.2616882910402851
12.613899999691634 0.04463023866662763 0.08565797404979092
12.69166999968869 0.11257999569997379 0.2591816505584821
12.770449999685708 0.045576857911362345 0.08807203244076689
12.848219999682764 0.11162792266962918 0.2567452425784711
12.926999999679781 0.04649791039876594 0.0904204446183221
13.004769999676837 0.11070236183221806 0.25437702008553886
13.083549999673854 0.04739445005027687 0.09270502359876032
13.16131999967091 0.10980254998849692 0.2520750007375172
13.240099999667928 0.04826651467340959 0.09492750742926548
13.317869999664984 0.10892817489356155 0.2498372497825696
13.396649999662001 0.04911477652857943 0.0970895605576616
13.475429999659019 0.10802964751935062 0.24753909479234837
13.553199999656075 0.049939886927833355 0.09919278834792378
13.631979999653092 0.10720630736280201 0.2454320830311274
13.709749999650148 0.050742476747803404 0.10123874956509127
13.788529999647166 0.10640570652150962 0.2433834048151451
13.866299999644221 0.051523157623857174 0.10322896628665035
13.945079999641239 0.1056272019613267 0.2413913806100787
14.022849999638295 0.05228252259922328 0.10516492529240029
14.101629999635312 0.1048701731233409 0.23945439830886928
14.179399999632368 0.05302114730319341 0.10704807589678733
14.258179999629386 0.10413402036011032 0.2375709051153585
14.335949999626441 0.05373959069971978 0.10887982904089766
14.414729999623459 0.10341816367335199 0.23573940235518398
14.492499999620515 0.054438395496600345 0.11066155727335047
14.571279999617532 0.10272204174043265 0.23395844195112092
14.649049999614588 0.05511808843875754 0.11239459466012569
14.727829999611606 0.10204511123698544 0.23222662413597828
14.805599999608662 0.055779180455613586 0.11408023657905053
14.88437999960568 0.10138684646075646 0.2305425967375263
14.962149999602735 0.05642216635351249 0.11571973872008812
15.040929999599753 0.10074673919598344 0.22890505427841656
15.118699999596808 0.05704752318198713 0.11731431374940593
15.197479999593826 0.10012429931029831 0.2273127380498563
15.275249999590882 0.05765571629528166 0.11886514544010574
15.3540299995879 0.09951905184377206 0.22576442830567478
15.431799999584955 0.05824719838054471 0.1203733836539933
15.510579999581973 0.0989305337774764 0.22425893306200484
15.58935999957899 0.05885432305258509 0.12192185203910855
15.667129999576046 0.09835829005809615 0.22279507397839904
15.745909999573064 0.05941153165293267 0.12334268861023956
15.82367999957012 0.09780188517366549 0.2213717250413083
15.902459999567137 0.059953406900938644 0.12472441823152547
15.980229999564193 0.09726090249236186 0.21998781543891566
16.059009999561212 0.060480346816180856 0.12606805539817634
16.136779999558268 0.09673493474415817 0.21864230382899752
16.215559999555285 0.06099274039161439 0.12737459456356737
16.29332999955234 0.09622358420925836 0.21733417549927303
16.37210999954936 0.06149096875420223 0.12864501149409957
16.449879999546415 0.095726462670363 0.21606244162689636
16.528659999543432 0.06197540511813693 0.1298802630597784
16.606429999540488 0.09524319125960101 0.2148261388970285
16.685209999537506 0.06244641468524082 0.13108128678666064
16.76297999953456 0.09477340042756577 0.21362432923192065
16.84175999953158 0.06290435463364485 0.13224900067733136
16.919529999528635 0.0943167300383102 0.21245609984368308
16.998309999525652 0.06334957418823983 0.133384303415518
17.076079999522708 0.0938728297282071 0.21132056436877766
17.154859999519726 0.0637824146850603 0.13448807404408125
17.23262999951678 0.09344136052331564 0.21021686819071572
17.3114099995138 0.06420326799208897 0.13556117304084347
17.389179999510855 0.09302199272958689 0.20914417984234657
17.467959999507872 0.06461270272237418 0.1366044407326794
17.54673999950489 0.09259211867922412 0.20804514073149427
17.624509999501946 0.06501072332192326 0.13761868976575053
17.703289999498963 0.09219753922736362 0.20703596081411701
17.78105999949602 0.06539763699468637 0.13860470598412444
17.859839999493037 0.09181403928935572 0.20605518867699013
17.937609999490093 0.06577374360180688 0.1395632528495172
18.01638999948711 0.09144131796652144 0.2051020532208958
18.094159999484166 0.0661393356560751 0.14049507346785006
18.172939999481184 0.09107908133556886 0.20417580011403702
18.25070999947824 0.06649469838130251 0.1414008914727427
18.329489999475257 0.09072704245508434 0.2032756920890333
18.407259999472313 0.06684010986817812 0.14228141156895635
18.48603999946933 0.09038492128220954 0.20240100879876932
18.563809999466386 0.06717584128185727 0.14313732055788453
18.642589999463404 0.09005244449612648 0.20155104648349464
18.72035999946046 0.06750215701047657 0.14396928734241587
18.799139999457477 0.08972934517509557 0.20072511716507924
18.876909999454533 0.06781931468262148 0.14477796207287286
18.95568999945155 0.08941536197209965 0.19992254579614954
19.033459999448606 0.06812756561277988 0.14556397822627076
19.112239999445624 0.08911023995391354 0.19914267301471833
19.19000999944268 0.06842715491984885 0.14632795362655715
19.268789999439697 0.08881373180410446 0.1983848599868665
19.347569999436715 0.06873454416395153 0.14711184707416614
19.42533999943377 0.08852559717388153 0.19764848719848738
19.504119999430788 0.06901638876104388 0.14783064621329833
19.581889999427844 0.08824560237652412 0.1969329531645525
19.66066999942486 0.06929031955449616 0.14852929777089408
19.738439999421917 0.08797352015027438 0.19623767337859643
19.817219999418935 0.06955655494226665 0.14920835517463482
19.89498999941599 0.08770912944450493 0.19556207963424832
19.97376999941301 0.0698153075436514 0.14986835748228566
20.051539999410064 0.0874522152351127 0.19490561946581275
20.13031999940708 0.07006678433671065 0.1505098296598839
20.208089999404137 0.08720256835818663 0.19426775567300547
20.286869999401155 0.07031118679412296 0.15113328289975136
20.36463999939821 0.08695998534759941 0.19364796589327327
20.44341999939523 0.07054871101851834 0.15173921494430198
20.521189999392284 0.08672426828585744 0.19304574221734594
20.5999699993893 0.07077954787203855 0.15232811039713745
20.677739999386358 0.08649522465458759 0.19246059080332278
20.756519999383375 0.07100388311154981 0.15290044105438216
20.83428999938043 0.08627266719326687 0.19189203150945522
20.91306999937745 0.07122189751716479 0.15345666622790244
20.990839999374504 0.08605641375360107 0.19133959751105323
21.069619999371522 0.07143376702317294 0.15399723306892543
21.147389999368578 0.08584628715127052 0.1908028348875601
21.226169999365595 0.07163966284988044 0.1545225768979419
21.304949999362613 0.0856310959166211 0.19025332473342482
21.38271999935967 0.07183975163680933 0.15503312151619042
21.461499999356686 0.08543349597164807 0.1897485919469477
21.539269999353742 0.07203419558939728 0.1555292795352714
21.61804999935076 0.08524148419460809 0.1892581514258973
21.695819999347815 0.07222315273347124 0.15601145293483443
21.774599999344833 0.08505490325645004 0.18878160068889205
21.85236999934189 0.07240677695451203 0.15648003315261727
21.931149999338906 0.08487373142241372 0.18831854704952633
22.008919999335962 0.07258521763518733 0.15693540055098376
22.08769999933298 0.08469768567310221 0.18786860905098957
22.165469999330035 0.0727586198048803 0.15737792389670657
22.244249999327053 0.08452662095073682 0.18743141624880666
22.32201999932411 0.0729271243825409 0.15780796138041842
22.400799999321126 0.08436039708896437 0.1870066088319966
22.478569999318182 0.07309086837053513 0.15822586130671557
22.5573499993152 0.08419887790240543 0.18659383727835932
22.635119999312256 0.07324998497125568 0.1586319623905319
22.713899999309273 0.08404193105627944 0.1861927620519066
22.79166999930633 0.07340460369412694 0.15902659404499753
22.870449999303347 0.08388942794337018 0.18580305329044533
22.948219999300402 0.07355485045849708 0.15941007663999862
23.02699999929742 0.08374124357143387 0.18542439049369364
23.105779999294437 0.07370880937506019 0.15980301131925945
23.183549999291493 0.08359725645687166 0.18505646223723193
23.26232999928851 0.07385011018288257 0.16016367701396916
23.340099999285567 0.08345734851915942 0.18469896588678703
23.418879999282584 0.07398742189144303 0.16051416838297472
23.49664999927964 0.08332140498304008 0.1843516073359086
23.575429999276658 0.07412085606057928 0.16085476946874344
23.653199999273713 0.08318931428389809 0.18401410075883362
23.73197999927073 0.07425052117206188 0.1611857565163577
23.809749999267787 0.08306096797470874 0.1836861683608526
23.888529999264804 0.07437652271175177 0.16150739817607507
23.96629999926186 0.08293626063924597 0.1833675401492707
24.045079999258878 0.07449896325120664 0.1618199557079869
24.122849999255934 0.08281508980435981 0.1830579537053345
24.20162999925295 0.07461794252888088 0.16212368318478942
24.279399999250007 0.08269735585989857 0.18275715397098047
24.358179999247024 0.07473355752641486 0.1624188276773353
24.43594999924408 0.08258296197830983 0.1824648930394801
24.514729999241098 0.07484590254293422 0.16270562944865619
24.592499999238154 0.08247181403475934 0.18218092995209156
24.67127999923517 0.07495506926847084 0.16298432213229797
24.749049999232227 0.08236382053548164 0.18190503050186102
24.827829999229245 0.07506114685440779 0.16325513290905702
24.906609999226262 0.0822531260913828 0.18162230237533938
24.984379999223318 0.07516422198421513 0.16351828268740265
25.063159999220336 0.08215158579639548 0.18136289532137972
25.14092999921739 0.07526437893862958 0.16377398626731265
25.21970999921441 0.08205292195420588 0.18111084059092564
25.297479999211465 0.07536169966294892 0.1640224525073286
25.376259999208482 0.08195705359533789 0.1808659309738947
25.454029999205538 0.07545626383037851 0.16426388448834706
25.532809999202556 0.08186390200787186 0.1806279650557574
25.61057999919961 0.07554814890250594 0.16449847966500952
25.68935999919663 0.08177339067513045 0.1803967470543899
25.767129999193685 0.07563743019300762 0.1647264300298823
25.845909999190702 0.08168544521659882 0.18017208666640805
25.92367999918776 0.07572418092248134 0.16494792224734933
26.002459999184776 0.0815999933261351 0.17995379890395347
26.08022999918183 0.07580847228000931 0.16516313781401726
26.15900999917885 0.08151696471608372 0.17974170395709255
26.236779999175905 0.07589037347621308 0.1653722531896329
26.315559999172923 0.08143629105910322 0.17953562704161596
26.39332999916998 0.07596995179942623 0.16557543994263346
26.472109999166996 0.08135790593707815 0.17933539826470168
26.54987999916405 0.07604727266979006 0.16577286488170806
26.62865999916107 0.08128174478533168 0.17914085248584843
26.707439999158087 0.07612655798384171 0.16597527875987783
26.785209999155143 0.08120774483776905 0.1789518291689718
26.86398999915216 0.07619925931952565 0.1661609127052932
26.941759999149216 0.08113584507799687 0.17876817226093467
27.020539999146234 0.07626990212271967 0.1663412921396823
27.09830999914329 0.08106598619132743 0.17858973006550372
27.177089999140307 0.07633854431711784 0.16651656477690846
27.254859999137363 0.08099811052372796 0.17841635513784482
27.33363999913438 0.07640524221424494 0.1666868742201899
27.411409999131436 0.08093216203425191 0.17824790416222092
27.490189999128454 0.07647005056102518 0.1668523600816041
27.56795999912551 0.0808680862504263 0.17808423783953753
27.646739999122527 0.07653302258059547 0.16701315808924644
27.724509999119583 0.080805830221789 0.17792522076743866
27.8032899991166 0.07659421001715017 0.16716940020549131
27.881059999113656 0.08074534247743337 0.1777707213282631
27.959839999110674 0.07665366317870526 0.16732121472186057
28.03760999910773 0.08068657297611947 0.17762061156636477
28.116389999104747 0.07671143097348276 0.16746872635868826
28.194159999101803 0.08062947305452539 0.177474767055541
28.27293999909882 0.0767675609624563 0.16761205642998878
28.350709999095876 0.0805739954223823 0.17733306688433315
28.429489999092894 0.07682209938286877 0.1677513229009553
28.50826999908991 0.08051709002181628 0.17718775061881242
28.586039999086967 0.07687509117504654 0.16788664045320756
28.664819999083985 0.08046493163619961 0.17705452858430837
28.74258999908104 0.07692658001729002 0.16801812056415066
28.82136999907806 0.08041425195382268 0.1769250839458114
28.899139999075114 0.07697660836108522 0.16814587159224015
28.97791999907213 0.08036500919008494 0.17679930992648973
29.055689999069187 0.07702521746624003 0.16826999885590777
29.134469999066205 0.08031716273967182 0.1766771027676417
29.21223999906326 0.077072447432042 0.16839060471688372
29.29101999906028 0.08027067314042724 0.1765583616371802
29.368789999057334 0.07711833723048611 0.16850778866311922
29.447569999054352 0.0802255020428525 0.1764429885455665
29.525339999051408 0.07716292473807929 0.16862164738535856
29.604119999048425 0.08018161217824415 0.17633088826960464
29.68188999904548 0.07720624676468946 0.1687322748545439
29.7606699990425 0.08013896732665671 0.17622196826698744
29.838439999039554 0.07724833908635198 0.16883976240514853
29.917219999036572 0.08009753228926508 0.176116138606075
29.994989999033628 0.07728923647077446 0.16894419879692757
30.073769999030645 0.0800572728601554 0.17601331189264213
30.1515399990277 0.0773289727071178 0.169045670293555
30.23031999902472 0.08001815579608917 0.17591340319401683
30.309099999021736 0.07736974811134345 0.1691497786150742
30.386869999018792 0.0799801487913605 0.17581632997321073
30.46564999901581 0.0774071079091696 0.16924518243589537
30.543419999012865 0.07994322045038849 0.17572201201929705
30.622199999009883 0.07744340921541382 0.16933788343937994
30.69996999900694 0.07990734026345236 0.17563037138673687
