0.001020000000000002 0.1178616748147986 0.29504744859908394
0.0404100000000017 0.07633176798241255 0.19216368074286283
0.08182000000000098 0.11415769235056175 0.2914262883741303
0.1201999999999861 0.07542446894806495 0.18672654998316274
0.16060000000001984 0.11321738008273445 0.2886993500298418
0.19999000000005923 0.07410975293545047 0.18327366242858467
0.24039000000009964 0.11154444534444395 0.28333647031042464
0.28079000000014004 0.07202139397991332 0.17957212563216585
0.32018000000017943 0.10993537666903082 0.2780760193299314
0.36058000000021984 0.07063593853992979 0.17685376264409136
0.39997000000025923 0.10828187256583259 0.2733746607810561
0.44037000000029963 0.06935173580253069 0.17382915733706872
0.479760000000339 0.10662394047415463 0.2690355790599286
0.5201600000002675 0.0680990634522397 0.17080047604988158
0.5595500000000883 0.1050133679872555 0.2648115210530766
0.5999499999999044 0.06684837987702119 0.16789443808590265
0.6393399999997251 0.10346217181737931 0.2606328112943146
0.6797399999995413 0.06560588791390681 0.16508149200408218
0.719129999999362 0.10195875231778576 0.2565354874646264
0.7595299999991781 0.06438347403267002 0.1623072557767613
0.7989199999989989 0.10049198793501166 0.2525548501744801
0.839319999998815 0.06318488457961835 0.15955305435298994
0.8787099999986357 0.0990584425039985 0.2486935467696072
0.9191099999984519 0.062008005313513026 0.15682597302671963
0.9584999999982726 0.0976585250809063 0.2449381235628656
0.9988999999980888 0.060850268223054595 0.15413514747794066
1.0382899999983346 0.09629238136737454 0.24127750556868222
1.0786899999985993 0.05971070039152673 0.15148280268001413
1.1180799999988573 0.09495885307755582 0.23770687513727795
1.158479999999122 0.05858928935789877 0.14886701054350748
1.19786999999938 0.09365626498630202 0.2342240510338267
1.2382699999996447 0.05748602436567271 0.1462858672046985
1.2776599999999028 0.0923831455011917 0.23082645291927495
1.3180600000001674 0.0564006055874449 0.14373875149167326
1.3574500000004255 0.09113830245869924 0.22751054131057158
1.3978500000006902 0.05533258890874483 0.14122569605861113
1.4372400000009482 0.08992067578395053 0.2242725548639135
1.4776400000012129 0.05428155003657933 0.1387466659631409
1.517030000001471 0.08872922465119246 0.2211090275633376
1.5574300000017356 0.05324712389754749 0.13630137434995637
1.5968200000019936 0.0875629244743941 0.21801683915320114
1.6372200000022583 0.05222897853897168 0.13388942835540485
1.6766100000025164 0.08642080303541912 0.2149931117175763
1.717010000002781 0.05122678974595194 0.13151044228831843
1.756400000003039 0.08530198875422114 0.21203512063133756
1.7968000000033038 0.05024023614999362 0.12916405626182126
1.8361900000035618 0.08420566171695022 0.2091402928034003
1.8765900000038265 0.04926900646150356 0.12684991611899843
1.9159800000040845 0.08313099864694772 0.20630626961174459
1.9563800000043492 0.04831280505832229 0.12456765049378982
1.9957700000046072 0.08207729313419632 0.20353090240595728
2.036170000004872 0.04737135245635051 0.12231686928957375
2.07556000000513 0.08104388325711954 0.20081220671810396
2.1159600000053946 0.04644438119944087 0.12009717020967647
2.1553500000056527 0.08003017313442308 0.19814840038160364
2.1957500000059174 0.0455316352206448 0.11790814692556051
2.2351400000061754 0.07903561917597822 0.19553787237714948
2.27554000000644 0.044632870396136344 0.11574939279090923
2.314930000006698 0.07805969625613947 0.19297908988722412
2.355330000006963 0.04374784890711404 0.11362050353339592
2.394720000007221 0.07710191681713358 0.1904706239290732
2.4351200000074855 0.042876338047723485 0.11152108341941913
2.4745100000077436 0.07616182348611569 0.1880111347247082
2.5149100000080082 0.04201811158972611 0.10945074667572108
2.5543000000082663 0.07523895555209532 0.18559928485789579
2.594700000008531 0.04117294531846259 0.10740912100102307
2.634090000008789 0.0743328591648363 0.18323374632013278
2.6744900000090537 0.04034061536363094 0.10539584892235165
2.7138800000093117 0.07344308996134259 0.18091320790278864
2.7542800000095764 0.03952089868898116 0.10341057782513596
2.7936700000098345 0.07256920980428308 0.17863636849531073
2.834070000010099 0.03871357456083604 0.10145296233706746
2.873460000010357 0.07171080833878872 0.17640195162356154
2.913860000010622 0.03791842552510672 0.09952266319178671
2.95325000001088 0.07086752309839647 0.17420870599748062
2.9936500000111446 0.03713523646579665 0.09761933740886075
3.0330400000114026 0.07003887084788668 0.17205542018682296
3.0734400000116673 0.03636379642695315 0.09574264416613021
3.1128300000119253 0.06922446575805903 0.16994093712288105
3.15323000001219 0.03560390042456672 0.09389224494715798
3.192620000012448 0.06842393818157773 0.16786415405095623
3.2330200000127127 0.034855349133978045 0.0920677994775354
3.2724100000129708 0.06763693532407067 0.1658240216508733
3.3128100000132354 0.03411794866248262 0.09026896697376108
3.3522000000134935 0.06686312470264986 0.16381955221544953
3.392600000013758 0.03339151131101357 0.08849540689883639
3.431990000014016 0.06610219527332134 0.16184982749656296
3.472390000014281 0.03267585577308024 0.08674677692107613
3.511780000014539 0.06535385617186967 0.15991399807211426
3.5521800000148036 0.03197080713769402 0.08502273432496876
3.5915700000150617 0.06461783018375654 0.15801126495504914
3.6319700000153263 0.03127619573679196 0.08332293696130533
3.6713600000155844 0.06389385677707635 0.15614088207004384
3.711760000015849 0.030591856437894475 0.08164704151102375
3.751150000016107 0.06318169735446943 0.1543021714689452
3.7915500000163718 0.029917629692977683 0.07999470705183365
3.83094000001663 0.0624811227678278 0.1524944940060724
3.8713400000168945 0.0292533605565411 0.07836559708642721
3.9107300000171525 0.06179190846786907 0.15071722819715028
3.951130000017417 0.028598896513016572 0.07675938100820678
3.9905200000176753 0.06111383974678976 0.14896977670038059
4.030920000016566 0.027954087257435478 0.075175733725108
4.070310000015075 0.06044679293401123 0.14725157117290166
4.110710000013546 0.02731878579149817 0.07361433810190166
4.1501000000120545 0.059790497838424723 0.1455620398661206
4.190500000010525 0.02669284670114646 0.07207488582813282
4.229890000009034 0.05914472836544506 0.14390060427678097
4.270290000007504 0.026076125213156078 0.07055707938189437
4.309680000006013 0.05850927853421062 0.14226668275723053
4.350080000004484 0.02546847726714735 0.06906062862175322
4.3894700000029925 0.057883943646018204 0.14065969252046173
4.429870000001463 0.024869759832838748 0.06758524718611936
4.469259999999972 0.05726852125349775 0.13907905357332107
4.509659999998442 0.024279831634036988 0.06613065387530703
4.549049999996951 0.05666281174779567 0.13752419339236877
4.589449999995422 0.0236985534740901 0.06469657320365974
4.6288399999939305 0.05606661716925812 0.13599454451759252
4.669239999992401 0.02312578771280486 0.0632827318885365
4.70862999999091 0.05547974394658245 0.1344895495101528
4.74902999998938 0.022561398557001865 0.06188885814177869
4.788419999987889 0.054902005612846104 0.13300866989054416
4.82881999998636 0.022005253146061693 0.06051468286205619
4.8682099999848685 0.05433322182449242 0.13155138786142828
4.908609999983339 0.02145722176529667 0.059159939657538185
4.947999999981848 0.05377321700203441 0.13011720262117166
4.988399999980318 0.020917177288989203 0.05782436376646771
5.027789999978827 0.053221821719076245 0.12870563187835637
5.068189999977298 0.0203849952074746 0.05650769232720121
5.1075799999758065 0.052678873814240315 0.12731621556660855
5.147979999974277 0.01986055402052253 0.055209664247746204
5.187369999972786 0.052144276752190105 0.12594851690216347
5.227769999971256 0.019343735219485896 0.053930019129933005
5.267159999969765 0.05161786535744999 0.12460212333562648
5.307559999968236 0.018834423223582936 0.05266849815748209
5.3469499999667445 0.05109945363636325 0.12327664208080513
5.387349999965215 0.018332505139355106 0.05142484496523103
5.426739999963724 0.05058890378728038 0.12197169679083464
5.467139999962194 0.017837870439179785 0.05019880559797851
5.506529999960703 0.05008608350461969 0.1206869282412315
5.546929999959174 0.017350410835301585 0.04899012708621253
5.5863199999576825 0.049590867143868796 0.11942199856336266
5.626719999956153 0.01687002053837625 0.04779855813938916
5.666109999954662 0.049103133610444036 0.11817658658412888
5.706509999953132 0.016396596232942033 0.04662385167198968
5.745899999951641 0.048622763111876334 0.11695037677859066
5.786299999950112 0.015930036185002404 0.045465765259322666
5.8256899999486205 0.048149638225940025 0.11574305845888366
5.866089999947091 0.015470239976567466 0.04432406080372431
5.9054799999456 0.047683644782365135 0.11455432853214598
5.94587999994407 0.01501710864993546 0.04319850309444373
5.985269999942579 0.04722467188539396 0.11338389357438139
6.02566999994105 0.014570545079672695 0.04208886173058257
6.0650599999395585 0.046772608226503434 0.11223145950917113
6.105459999938029 0.014130453291368259 0.040994911617975305
6.144849999936538 0.046327342564014516 0.11109672975744278
6.185249999935008 0.013696738098602687 0.0399164334877411
6.224639999933517 0.04588876429973309 0.10997940616555013
6.265039999931988 0.013269305185852835 0.03885321351302373
6.3044299999304965 0.04545682320595669 0.108879190068778
6.344829999928967 0.012848061137893076 0.037805041482708024
6.384219999927476 0.045031391961807235 0.10779578328964368
6.424619999925946 0.012432913539235722 0.03677170987073097
6.464009999924455 0.044612319509480726 0.10672889004695874
6.504409999922926 0.012023771208768191 0.03575301429471489
6.5437999999214345 0.04419949938196211 0.10567821823402879
6.584199999919905 0.011620544240559558 0.034748753603508487
6.623589999918414 0.04379282643160547 0.10464347928050843
6.663989999916884 0.01122314399950393 0.033758730734745335
6.703379999915393 0.043392196360654244 0.10362438635225235
6.743779999913864 0.010831482826060727 0.03278275052558399
6.7831699999123725 0.04299750718446343 0.10262065786346142
6.823569999910843 0.010445474379146896 0.03182061972403227
6.862959999909352 0.042608659570247336 0.10163202004042082
6.903359999907822 0.010065033933887564 0.03087214695745022
6.942749999906331 0.04222555653402609 0.1006582071929607
6.983149999904802 0.009690078355084465 0.029937142925662297
7.0225399999033105 0.04184810320357797 0.09969896071314599
7.062939999901781 0.00932052598619581 0.029015421208344883
7.10232999990029 0.04147620648599244 0.09875402731372995
7.14272999989876 0.008956296426616443 0.02810679736869881
7.182119999897269 0.0411097758007295 0.09782316075961361
7.221509999895778 0.008755464320847926 0.02760839299688067
7.2619099998942485 0.040748723130131566 0.09690612288625333
7.301299999892757 0.008400424331626083 0.026722369222742515
7.341699999891228 0.04039296283299772 0.0960026836026473
7.381089999889737 0.00805048384311175 0.025848919905135936
7.421489999888207 0.040042492320754776 0.09511262055901248
7.460879999886716 0.007705567914857174 0.024987867203540848
7.5012799998851865 0.03969716975640626 0.09423571895968985
7.540669999883695 0.007365603011582329 0.024139035395365216
7.581069999882166 0.039356894654618634 0.09337177039591138
7.620459999880675 0.007030516926946772 0.023302250872370145
7.660859999879145 0.03902158977632535 0.09252057210147324
7.700249999877654 0.006700238706859364 0.02247734217851738
7.7406499998761245 0.038691179729948164 0.09168192686328513
7.780039999874633 0.006374698601300537 0.021664139926069748
7.820439999873104 0.03836559097988047 0.09085564317915518
7.859829999871613 0.006053828041473968 0.020862476596450463
7.900229999870083 0.0380447520300002 0.0900415360821416
7.939619999868592 0.005737559714738704 0.02007218672039901
7.9800199998670625 0.03772859317892518 0.08923942662228956
8.019409999865571 0.005425827564055198 0.019293107156082012
8.059809999864042 0.037417045568346866 0.08844913851198122
8.09919999986255 0.005118566559672963 0.018525077259634593
8.139599999861021 0.037110041335309166 0.08767049747747668
8.17898999985953 0.004815712565109145 0.017767939151946965
8.219389999858 0.03680751368798533 0.08690333141814222
8.25877999985651 0.004517202322844228 0.01702153751432789
8.29917999985498 0.03650939693634035 0.0861474709296206
8.338569999853489 0.004222973475436086 0.016285719228026352
8.37896999985196 0.03621562668761184 0.08540275034091271
8.418359999850468 0.003932964657332341 0.015560333496300593
8.458759999848938 0.03592613939139913 0.08466900641550534
8.498149999847447 0.003647115430309279 0.014845231972604456
8.538549999845918 0.03564094347852229 0.08394607636814655
8.577939999844427 0.0033653661130803652 0.01414026895342202
8.618339999842897 0.03535993158139915 0.08323379780220685
8.657729999841406 0.003087657719883107 0.013445301481573857
8.698129999839876 0.03508301350392231 0.08253200905123936
8.737519999838385 0.002851299457693453 0.012760189136773459
8.777919999836856 0.0348101279318315 0.08184054952427022
8.817309999835365 0.0026532588542305573 0.012084793824274076
8.857709999833835 0.03454121413323889 0.08115925976071026
8.897099999832344 0.0024814866243779957 0.011418979442756605
8.937499999830814 0.03427621201538177 0.08048798153240666
8.976889999829323 0.0023318606149712777 0.01076261171255588
9.017289999827794 0.03401506229919756 0.07982655837266428
9.056679999826303 0.00220232596181463 0.010115558362444599
9.097079999824773 0.03375770652770609 0.07917483592607688
9.136469999823282 0.002090887895609776 0.00947768899535184
9.176869999821752 0.033504087072846564 0.078532662070252
9.216259999820261 0.0019968501982386825 0.008848875074685125
9.256659999818732 0.03325414712988027 0.07789988686096594
9.29604999981724 0.0019190879333056935 0.008228989975112011
9.336449999815711 0.03300783066698846 0.07727636230022705
9.37583999981422 0.0018569146468592572 0.007617909031254477
9.41623999981269 0.032765082299135204 0.07666194182384123
9.4556299998112 0.0018106590479398388 0.0070155090980073
9.49602999980967 0.03252584762369514 0.07605648130434295
9.535419999808179 0.001779392783233 0.006421668660505642
9.575819999806649 0.03229007327968134 0.07545983967204295
9.615209999805158 0.0017630243914276084 0.005836267741232692
9.655609999803628 0.03205770687788238 0.07487187893677749
9.694999999802137 0.0017622671864764756 0.0052591878454855134
9.735399999800608 0.031828788087947014 0.07429246401560174
9.774789999799117 0.0017765545928899143 0.004690312024946408
9.815189999797587 0.03160317757325729 0.07372146251246603
9.854579999796096 0.0018064361111833072 0.0041295249458950245
9.894979999794566 0.03138082203069782 0.07315874446259807
9.934369999793075 0.0018520395744280975 0.0035767129340391612
9.974769999791546 0.031161672588145745 0.07260418196000096
10.014159999790055 0.0019143039065140028 0.0030317637868981784
10.054559999788525 0.03094568127738247 0.07205764959912209
10.093949999787034 0.001993417360210646 0.002494566766342299
10.134349999785504 0.030732801056398588 0.07151902474776817
10.173739999784013 0.0020900620736065563 0.0019650125288372955
10.214139999782484 0.030522985760176913 0.0709881874931706
10.253529999780993 0.0022051086381986995 0.0014429930847548178
10.293929999779463 0.030316190077624768 0.07046502052313608
10.333319999777972 0.002339562591615391 0.0009284018052446719
10.373719999776442 0.030112369527767066 0.06994940898543689
10.413109999774951 0.0024944384892269028 0.0004211334424852886
10.453509999773422 0.02991148043940421 0.06944124039235389
10.49289999977193 0.002671385419649514 7.891590012576444e-05
10.533299999770401 0.029713479929111074 0.06894040455530659
10.57268999976891 0.002857896859823689 0.0005718487734784894
10.61308999976738 0.02951832587795331 0.06844679352322469
10.65247999976589 0.0030421289842835304 0.001057766367607016
10.69287999976436 0.029325976874899753 0.06796030137702358
10.732269999762869 0.0032240616498849396 0.0015367685042844137
10.772669999761339 0.029136392205383117 0.06748082412414425
10.812059999759848 0.003403831403148227 0.002008953621868148
10.852459999758318 0.028949531838471668 0.0670082596473498
10.891849999756827 0.0035812618522164078 0.002474418800368916
10.932249999755298 0.02876537658014365 0.06654250767907932
10.971639999753807 0.0037565256584179262 0.002933259791826348
11.012039999752277 0.028583935033145588 0.06608346976390012
11.051429999750786 0.003929531203825726 0.003385571055969372
11.091829999749256 0.028405100394438616 0.06563104922641116
11.131219999747765 0.004100265540617055 0.003831445788937682
11.171619999746236 0.028228835263825285 0.06518515118713042
11.211009999744745 0.0042689240569802585 0.004270975959885792
11.251409999743215 0.028055102919700363 0.064745682728784
11.290799999741724 0.004435174143794302 0.004704252228293626
11.331199999740194 0.027883867173396745 0.06431255240101352
11.370589999738703 0.004599514594920263 0.00513136391591118
11.410989999737174 0.027715092327759552 0.0638856699139434
11.450379999735683 0.00476155657495291 0.005552398969732586
11.490779999734153 0.027548743186661055 0.06346494609085207
11.530169999732662 0.004921384061386027 0.00596744395552351
11.570569999731132 0.02738478504593024 0.06305029286240993
11.609959999729641 0.005079295518563287 0.006376584075029612
11.650359999728112 0.027223183686635177 0.06264162329617795
11.68974999972662 0.005234951307123996 0.006779903231746154
11.730149999725091 0.027063905370528867 0.06223885164925447
11.7695399997236 0.005388464193465454 0.007177484116205335
11.80993999972207 0.026906916835319775 0.061841893375913504
11.84932999972058 0.005540125024411523 0.007569408249896714
11.88972999971905 0.026752185301343816 0.06145066515942377
11.929119999717559 0.005689619047346875 0.007955756028310557
11.969519999716029 0.02659967849366903 0.06106508502260466
12.008909999714538 0.005836977073859973 0.008336606682557424
12.049309999713008 0.026449364581294085 0.060685072107447
12.088699999711517 0.005982528259574565 0.0087120382098127
12.129099999709988 0.026301212120220102 0.06031054638563349
12.168489999708497 0.006126079000141661 0.009082127369175463
12.208889999706967 0.0261551900676721 0.05994142867542518
12.248279999705476 0.006267578263144545 0.009446949741354072
12.288679999703946 0.026011275110631046 0.05957764069161042
12.328069999702455 0.006407055278186444 0.009806579782090097
12.368469999700926 0.025869501379667228 0.05921910507845629
12.407859999699435 0.006544859209447951 0.010161090867588651
12.448259999697905 0.025729766186028156 0.05886574544082812
12.487649999696414 0.006680709733389455 0.01051055532266254
12.527039999694923 0.025652682626282973 0.05867041980793797
12.567439999693393 0.006814618574491677 0.010855044441349104
12.606829999691902 0.025516541257012863 0.05832619126047156
12.647229999690373 0.006946613466910562 0.011194628489064051
12.686619999688881 0.02538235056555023 0.057986913365515314
12.727019999687352 0.007076903049611166 0.011529376700980531
12.76640999968586 0.025250082355884575 0.057652513737993516
12.806809999684331 0.0072054456215350626 0.011859357327770326
12.84619999968284 0.025119708799662934 0.057322920900770846
12.88659999968131 0.007332151000592757 0.012184637724477199
12.92598999967982 0.02499120246727649 0.05699806436926247
12.96638999967829 0.007457045499517645 0.012505284314145992
13.005779999676799 0.02486453632428535 0.05667787468247587
13.04617999967527 0.007580155057510206 0.01282136260396527
13.085569999673778 0.02473968372662548 0.05636228341021621
13.125969999672249 0.00770168036232366 0.013132937196091987
13.165359999670757 0.024616618416330865 0.056051223146869056
13.205759999669228 0.007821552261802324 0.013440071796433362
13.245149999667737 0.024495314518403293 0.055744627492493315
13.285549999666207 0.007939711171965546 0.01374282922486092
13.324939999664716 0.0243757465369915 0.05544243104711466
13.365339999663187 0.008056181635465115 0.014041271437137404
13.404729999661695 0.024257889348706773 0.05514456939057499
13.445129999660166 0.008170987844844903 0.01433545953342108
13.484519999658675 0.02414171819694595 0.054850979068887806
13.524919999657145 0.008284153647437358 0.014625453761962781
13.564309999655654 0.02402720868439723 0.05456159756875856
13.604709999654125 0.008395918150549502 0.014911313524179626
13.644099999652633 0.023914336763733984 0.054276363289762486
13.684499999651104 0.00850609239040723 0.01519309736764951
13.723889999649613 0.02380307872251209 0.05399521549227515
13.764289999648083 0.008614692623254967 0.015470863004363178
13.803679999646592 0.023693411176310995 0.053718094270371886
13.844079999645063 0.008721741427515561 0.015744667395667378
13.883469999643571 0.0235853368262828 0.05344494067851535
13.923869999642042 0.00882726105329309 0.01601456672548629
13.96325999964055 0.023478849431207167 0.053175696738838596
14.003659999639021 0.008931273422485796 0.01628061641902878
14.04304999963753 0.023373883566591407 0.052910305427056326
14.083449999636 0.009033825018701308 0.016542871148106375
14.12283999963451 0.023270417271892503 0.052648710653158126
14.16323999963298 0.009135074408686935 0.016801384838849298
14.202629999631489 0.0231684289206158 0.052390857225625975
14.24302999962996 0.00923487772404277 0.017056210664290195
14.282419999628468 0.02306789721476945 0.052136690827597754
14.322819999626939 0.009333255669554227 0.01730740105544415
14.362209999625447 0.022968801179500044 0.051886157998304316
14.402609999623918 0.00943022864836946 0.01755500770638241
14.441999999622427 0.022871120155287576 0.05163920611009898
14.482399999620897 0.009525816766157375 0.017799081590286203
14.521789999619406 0.022774833791572687 0.05139578335289219
14.562189999617877 0.009620039837537436 0.01803967296610809
14.601579999616385 0.02267992204186823 0.05115583871486695
14.641979999614856 0.00971291738861468 0.018276831385244385
14.681369999613365 0.02258636515756073 0.05091932196570337
14.721769999611835 0.009804468666023105 0.018510605708710326
14.761159999610344 0.02249414368062872 0.050686183633597004
14.801559999608815 0.009894835354581525 0.018741044096082238
14.840949999607323 0.022403238433384463 0.05045637496982058
14.881349999605794 0.009983943256195588 0.018968194021362628
14.920739999604303 0.022313630516721743 0.05022984794090801
14.961139999602773 0.010071778795840624 0.019192102303655645
15.000529999601282 0.022225301316739866 0.050006555260140306
15.040929999599753 0.010158360165670672 0.019412815112307413
15.080319999598261 0.02213823249943824 0.04978645038422602
15.120719999596732 0.010243705293673367 0.01963037797958478
15.16010999959524 0.02205240600577841 0.049569487498002385
15.200509999593711 0.01032783184595965 0.019844835799620597
15.23989999959222 0.02196780404694204 0.0493556214970825
15.28029999959069 0.010410757231542488 0.02005623283600766
15.3196899995892 0.02188440909853493 0.049144807969780935
15.36008999958767 0.010492498607761854 0.020264612732867615
15.399479999586179 0.021802203896786117 0.04893700318350236
15.43987999958465 0.010573072883721191 0.02047001851951391
15.479269999583158 0.021721171433192032 0.04873216406935388
15.519669999581629 0.010652496722248479 0.02067249261429316
15.559059999580137 0.021641294951886932 0.04853024821138696
15.599459999578608 0.010730834704182008 0.020872076837008535
15.638849999577117 0.021562557942625096 0.048331213830676845
15.679249999575587 0.010808128946661024 0.021068812414970495
15.718639999574096 0.021484990559991448 0.04813501977651846
15.759039999572567 0.010884319562547767 0.021262739985505874
15.798429999571075 0.021408539153510032 0.047941625507808006
15.838829999569546 0.01095942229718654 0.021453899611445504
15.878219999568055 0.021333178343546567 0.04775099108756953
15.918619999566525 0.011033452667822007 0.021642330779358954
15.958009999565034 0.02125889257961138 0.04756307716864416
15.998409999563505 0.011106425965916477 0.02182807240840301
16.037799999562015 0.021185666536715896 0.04737784497880204
16.078199999560486 0.01117835726178547 0.022011162853452504
16.117589999558994 0.021113485114398804 0.04719525630995092
16.157989999557465 0.011249261406936047 0.022191639908697436
16.197379999555974 0.021042333432153622 0.04701527350410295
16.237779999554444 0.011319153035815955 0.022369540810751598
16.277169999552953 0.020972196826121416 0.0468378594548291
16.317569999551424 0.011388046573196442 0.02254490226535344
16.356959999549932 0.02090306084482683 0.04666297759970961
16.397359999548403 0.011455956238309476 0.022717760464285863
16.43674999954691 0.02083491124330155 0.04649059190604543
16.477149999545382 0.01152289604719331 0.022888151087385733
16.51653999954389 0.020767733982259316 0.04632066686728331
16.55693999954236 0.011588879815517924 0.023056109306995864
16.59632999954087 0.020701515224243183 0.04615316748718401
16.63672999953934 0.011653921161159205 0.023221669793616062
16.67611999953785 0.020636241329873555 0.04598805927340521
16.71651999953632 0.011718122934614331 0.023384866724396325
16.75590999953483 0.02057189885556638 0.04582530822868636
16.7963099995333 0.011781411691137954 0.023545733786212164
16.83569999953181 0.020508474549956683 0.04566488084208897
16.87609999953028 0.01184379640536785 0.02370430418768832
16.915489999528788 0.0204459553516654 0.04550674408350108
16.95588999952726 0.011905289951506803 0.02386061066020906
16.995279999525767 0.02038432838638358 0.04535086539414479
17.035679999524238 0.011965905019371758 0.02401468546352481
17.075069999522746 0.020323580962824245 0.04519721267677301
17.115469999521217 0.0120256541191391 0.02416656040066245
17.154859999519726 0.02026370057234118 0.04504575429480351
17.195259999518196 0.012084549580997162 0.024316266816748477
17.234649999516705 0.020204674883760043 0.044896459059484695
17.275049999515176 0.012142603559294073 0.024463835605803563
17.314439999513684 0.02014649174249685 0.044749296225776725
17.354839999512155 0.012199828033490701 0.02460929721654903
17.394229999510664 0.020089139166743625 0.04460423548253711
17.434629999509134 0.012256234814184296 0.024752681663398057
17.474019999507643 0.020032605345996705 0.04446124694870157
17.513409999506152 0.012287282803595225 0.02483162711657272
17.553809999504622 0.01997687863769202 0.04432030116287011
17.59319999950313 0.012342246475316378 0.024971345360047525
17.6335999995016 0.019921947565826482 0.0441813690750692
17.67298999950011 0.012396427379858058 0.02510907518443739
17.71338999949858 0.019867800817789123 0.044044422046918275
17.75277999949709 0.012449836617429448 0.02524484478005906
17.79317999949556 0.019814427242187328 0.04390943184841012
17.83256999949407 0.012502485132289857 0.02537868194264492
17.87296999949254 0.019761815846847185 0.0437763706556904
17.91235999949105 0.012554383713458036 0.025510614077628446
17.95275999948952 0.019709955796566748 0.04364521104675001
17.992149999488028 0.012605542996429556 0.025640668204751638
18.0325499994865 0.01965886268119348 0.04351592599831644
18.071939999485007 0.012655973465730398 0.025768870960762857
18.112339999483478 0.01960851433464645 0.043388488867546204
18.151729999481987 0.012705697147520005 0.02589524860379111
18.192129999480457 0.019558885157380492 0.04326287337521606
18.231519999478966 0.012754766429820617 0.02601982701935235
18.271919999477436 0.019509964923145127 0.04313905361433834
18.311309999475945 0.012803136539476758 0.026142631723047316
18.351709999474416 0.01946174354685936 0.04301700402955522
18.391099999472925 0.012850817395744044 0.0262636878648137
18.431499999471395 0.0194142110853243 0.0428966994226232
18.470889999469904 0.012897818779333286 0.026383020243569977
18.511289999468374 0.0193673577360643 0.04277811495104755
18.550679999466883 0.012944150332259909 0.026500653302918842
18.591079999465354 0.019321173833842305 0.042661226116014195
18.630469999463863 0.012989821561570528 0.026616611142549207
18.670869999462333 0.019275649850140523 0.04254600876366643
18.710259999460842 0.013034841840133213 0.026730917520167985
18.750659999459312 0.019230776389563768 0.04243243907734451
18.79004999945782 0.01307922040896641 0.026843595858427882
18.83044999945629 0.01918654418936908 0.042320493573411166
18.8698399994548 0.01312296637900527 0.02695466924832468
18.91023999945327 0.01914294411746037 0.04221014910007481
18.94962999945178 0.013166088732533538 0.027064160453960096
18.99002999945025 0.019099967170568367 0.04210138282922937
19.02941999944876 0.013208596325389423 0.027172091918559182
19.06981999944723 0.019057604472975942 0.04199417225680957
19.10920999944574 0.013250497888676573 0.02727848576756786
19.14960999944421 0.0190158472731629 0.04188849519248805
19.188999999442718 0.013291802030164578 0.02738336381409301
19.22939999944119 0.018974686944200438 0.04178432976019719
19.268789999439697 0.013332517236911638 0.027486747564475777
19.309189999438168 0.018934114980607677 0.04168165439335514
19.348579999436677 0.013372651875465566 0.02758865822015677
19.388979999435147 0.01889412299742036 0.04158044782995862
19.428369999433656 0.013412214194829457 0.027689116683760062
19.468769999432126 0.018854702728409427 0.04148068910735381
19.508159999430635 0.013451212327043112 0.027788143561091605
19.548559999429106 0.018815846024570267 0.041382357560593164
19.587949999427615 0.013489654289165456 0.027885759165424684
19.628349999426085 0.018777544851331172 0.04128543281324282
19.667739999424594 0.013527547984910133 0.027981983523162057
19.708139999423064 0.018739791288763706 0.04118989477955859
19.747529999421573 0.013564901205985469 0.02807683637588987
19.787929999420044 0.018702577529389815 0.041095723659956285
19.827319999418552 0.013601721635129321 0.028170337191080197
19.867719999417023 0.01866589587607645 0.0410028999355716
19.907109999415532 0.013638016846868035 0.028262505161624762
19.947509999414002 0.01862973874072155 0.04091140436432994
19.98689999941251 0.01367379430724421 0.028353359207067275
20.02729999941098 0.01859409864326811 0.04082121797870375
20.06668999940949 0.013709061377448746 0.028442917982285376
20.10708999940796 0.018558968209269548 0.04073232208171573
20.14647999940647 0.013743825315422342 0.028531199880355018
20.18687999940494 0.01852434016992858 0.04064469824237582
20.22626999940345 0.013778093275269005 0.028618223032972345
20.26666999940192 0.018490207358371 0.04055832829095163
20.30605999940043 0.01381187231062234 0.02870400531729267
20.3464599993989 0.01845656271010493 0.040473194316881234
20.385849999397408 0.013845184464323583 0.028788564357373758
20.42624999939588 0.018423399262053487 0.04038927866696351
20.465639999394387 0.013878046548263431 0.028871917533468405
20.506039999392858 0.01839071014969036 0.04030656394251597
20.545429999391366 0.01391043970106044 0.028954081972254464
20.585829999389837 0.018358488606108385 0.04022503299060398
20.625219999388346 0.013942370594147312 0.02903507456784027
20.665619999386816 0.01832672796103419 0.04014466890556179
20.705009999385325 0.013973845803673082 0.02911491196799787
20.745409999383796 0.018295421637344215 0.04006545501386016
20.784799999382304 0.014004871811581283 0.0291936105849544
20.825199999380775 0.018264563152107983 0.039987374882499704
20.864589999379284 0.014035455010322988 0.029271186603263555
20.904989999377754 0.018234146114098054 0.039910412310795174
20.944379999376263 0.01406560170133296 0.029347655975453524
20.984779999374734 0.018204164222186524 0.03983455132444691
21.024169999373242 0.014095318095975874 0.029423034428222028
21.064569999371713 0.018174611265517414 0.03975977618067006
21.103959999370222 0.014124610319175217 0.029497337468775697
21.144359999368692 0.01814548112017137 0.039686071356792585
21.1837499993672 0.014153484407950176 0.029570580381954592
21.22414999936567 0.018116767750534255 0.03961342155234249
21.26353999936418 0.014181946314492037 0.02964277823873651
21.30393999936265 0.018088465205417376 0.03954181168497328
21.34332999936116 0.014210001906635029 0.02971394589746934
21.38372999935963 0.01806056761902384 0.03947122688648941
21.42311999935814 0.014237656969651489 0.02978409800749038
21.46351999935661 0.01803306920827601 0.0394016525002705
21.50290999935512 0.014264917206075 0.029853249008826577
21.54330999935359 0.01800596427338678 0.039333074079994645
21.582699999352098 0.01429178823851959 0.029921413139821773
21.62309999935057 0.017979269983455178 0.03926547738352104
21.662489999349077 0.014318275608788615 0.02998860443503837
21.702889999347548 0.017952959097576375 0.03919884837345622
21.742279999346056 0.01434438478138986 0.030054836733761636
21.782679999344527 0.017927024726399236 0.039133173212413386
21.822069999343036 0.01437012114281234 0.030120123678822885
21.862469999341506 0.01790146149168101 0.03906843825943751
21.901859999340015 0.014395490003324022 0.030184478718764396
21.942259999338486 0.017876264091773144 0.03900463006862864
21.981649999336994 0.014420496597312212 0.030247915112935342
22.022049999335465 0.01785142730074284 0.03894173538631085
22.061439999333974 0.01444514608560762 0.030310445933401375
22.101839999332444 0.017826945967725556 0.0388797411504771
22.141229999330953 0.014469443556325599 0.030372084068508443
22.181629999329424 0.017802815014000058 0.038818634481796455
22.221019999327932 0.01449339402364981 0.03043284222152831
22.261419999326403 0.017779029434147962 0.03875840268855457
22.300809999324912 0.014517002432605432 0.030492732919484844
22.341209999323382 0.01775558429375143 0.038699033258493554
22.38059999932189 0.014540273656771859 0.030551768509401445
22.4199899993204 0.01774262549484318 0.038666189402458695
22.46038999931887 0.014563212501362801 0.03060996116504011
22.49977999931738 0.01771978208284508 0.03860834458454532
22.54017999931585 0.014585823702041513 0.030667322885702397
22.57956999931436 0.01769726450105093 0.038551325085867116
22.61996999931283 0.014608111928839172 0.03072386550451167
22.659359999311338 0.01767506810983446 0.038495119144710266
22.69975999930981 0.014630081784777683 0.030779600685582054
22.739149999308317 0.01765318833530703 0.038439715165550226
22.779549999306788 0.014651737807306007 0.030834539926438698
22.818939999305297 0.01763162066931661 0.03838510172025078
22.859339999303767 0.01467308446950192 0.030888694562447583
22.898729999302276 0.017610360667414997 0.038331267542912606
22.939129999300746 0.014694126182097537 0.030942075772455446
22.978519999299255 0.017589403947263323 0.03827820152626504
23.018919999297726 0.01471486729159873 0.03099469457219506
23.058309999296235 0.0175687461907466 0.03822589272546306
23.098709999294705 0.01473531208357717 0.031046561824188412
23.138099999293214 0.017548383139358997 0.03817433034739581
23.178499999291684 0.014755464782858049 0.03109768823638115
23.217889999290193 0.01752831059603576 0.03812350375475004
23.258289999288664 0.01477532955368046 0.03114808436324168
23.297679999287173 0.017508524423450376 0.03807340246217983
23.338079999285643 0.014794910500960039 0.031197760609857905
23.377469999284152 0.017489020542277765 0.03802401613007822
23.417869999282622 0.01481421167189347 0.03124672723356925
23.45725999928113 0.01746979493199096 0.03797533456958435
23.497659999279602 0.014833237055472757 0.031294994347164096
23.53704999927811 0.017450843628735415 0.03792734773627737
23.57744999927658 0.014851990584625422 0.031342571918990814
23.61683999927509 0.01743216272584208 0.03788004572790049
23.65723999927356 0.014870476135299944 0.031389469774201206
23.69662999927207 0.017413748371111683 0.03783341878360602
23.73702999927054 0.014888697529382417 0.03143569760090115
23.77641999926905 0.01739559676775441 0.037787457280979986
23.81681999926752 0.014906658534021087 0.03148126494805226
23.856209999266028 0.01737770417291625 0.03774215173509843
23.8966099992645 0.014924362862237667 0.031526181227958805
23.935999999263007 0.017360066896807365 0.037697492795807364
23.976399999261478 0.014941814175352397 0.03157045572312889
24.015789999259987 0.017342681302040145 0.03765347124542462
24.056189999258457 0.014959016081209241 0.03161409757792555
24.095579999256966 0.01732554380302913 0.037610077997851654
24.135979999255436 0.014975972137386967 0.03165711581194497
24.175369999253945 0.017308650865216647 0.03756730409703035
24.215769999252416 0.014992685850511814 0.031699519314587477
24.255159999250925 0.017291999004220772 0.03752514071323487
24.295559999249395 0.015009160677355304 0.03174131684937631
24.334949999247904 0.017275584785128507 0.03748357914364897
24.375349999246374 0.015025400025266221 0.03178251705452384
24.414739999244883 0.017259404822599387 0.03744261080910194
24.455139999243354 0.015041407253469656 0.03182312844653978
24.494529999241863 0.017243455778349518 0.03740222725158171
24.534929999240333 0.015057185672932849 0.031863159419198706
24.574319999238842 0.01722773436221516 0.03736242013463453
24.614719999237312 0.015072738547578575 0.031902618248014214
24.65410999923582 0.017212237331086046 0.03732318124022305
24.694509999234292 0.015088069095793346 0.031941513091315876
24.7338999992328 0.01719696148647103 0.03728450246421877
24.77429999923127 0.015103197280647249 0.031979851991326136
24.81368999922978 0.017181903677200648 0.03724637582337431
24.85408999922825 0.01511810921777009 0.03201764287479314
24.89347999922676 0.01716706079568233 0.037208793442988775
24.93387999922523 0.015132807972231358 0.032054893556465736
24.97326999922374 0.01715242977877359 0.037171747562536606
25.01366999922221 0.01514729658594793 0.03209161174042574
25.053059999220718 0.0171380076079306 0.037135230533624775
25.09345999921919 0.01516157805783643 0.032127805021497924
25.132849999217697 0.01712379130531439 0.03709923481174382
25.173249999216168 0.015175655343322499 0.03216348088341814
25.212639999214677 0.017109777936853927 0.037063752962229746
25.253039999213147 0.015189531356207743 0.03219864670653827
25.292429999211656 0.017095964609715325 0.03702877765552337
25.332829999210126 0.015203208969699468 0.03223330976719341
25.372219999208635 0.017082348472810847 0.036994301668302754
25.412619999207106 0.01521669101497656 0.03226747723651391
25.452009999205615 0.017068926715382383 0.03696031788115173
25.492409999204085 0.015229980283413177 0.032301156185754465
25.531799999202594 0.017055696566867538 0.03692681927542907
25.572199999201064 0.015243079525810443 0.032334353583152176
25.611589999199573 0.01704265529549686 0.03689379893161426
25.651989999198044 0.01525599145528806 0.03236707630113189
25.691379999196553 0.017029800209893912 0.036861250031361426
25.731779999195023 0.015268718744907104 0.03239933111142124
25.771169999193532 0.017017128655600098 0.03682916585197038
25.811569999192002 0.01528126403055646 0.03243112469217824
25.85095999919051 0.017004638016275324 0.03679753976629785
25.891359999188982 0.015293629909090957 0.03246246362161864
25.93074999918749 0.016992325713654204 0.03676636524455601
25.97114999918596 0.015305818942797166 0.03249335439187151
26.01053999918447 0.016980189204947933 0.03673563584520867
26.05093999918294 0.015317833655047186 0.03252380339506811
26.09032999918145 0.016968225984586752 0.03670534522342006
26.13072999917992 0.01532967653487222 0.032553816937719304
26.17011999917843 0.01695643358234109 0.036675487121773376
26.2105199991769 0.015341350034978515 0.032583401234320686
26.249909999175408 0.016944809563157935 0.03664605537468946
26.29030999917388 0.015352856573898498 0.032612562412648316
26.329699999172387 0.016933351526072442 0.03661704390027776
26.370099999170858 0.015364198534601145 0.032641306509306744
26.409489999169367 0.01692205710642854 0.03658844671013961
26.449889999167837 0.015375378266738106 0.0326696394786441
26.489279999166346 0.016910923970490547 0.036560257893503145
26.529679999164816 0.015386398086319721 0.03269756718804473
26.569069999163325 0.01689994981865336 0.03653247162717088
26.609469999161796 0.015397260276709231 0.032725095423935535
26.648859999160305 0.016889132385651384 0.0365050821743762
26.689259999158775 0.015407967087966882 0.03275222988649018
26.728649999157284 0.016878469436578915 0.03647808387541307
26.769049999155754 0.015418520738494599 0.032778976197944676
26.808439999154263 0.016867958769074126 0.036451471153942094
26.848839999152734 0.015428923415694188 0.032805339902353126
26.888229999151243 0.01685759821209427 0.036425238511528235
26.928629999149713 0.015439177274898349 0.03283132645769404
26.968019999148222 0.01684738562581107 0.036399380527962766
27.008419999146692 0.015449284440801563 0.03285694124899319
27.0478099991452 0.01683731890019285 0.036373891860663754
27.088209999143672 0.015459247008499608 0.03288218958578115
27.12759999914218 0.016827395955464373 0.03634876724371017
27.16799999914065 0.015469067042281811 0.03290707669858506
27.20738999913916 0.01681761474201546 0.0363240014859878
27.24778999913763 0.015478746577640316 0.03293160774475723
27.28717999913614 0.016807973238912775 0.03629958947051204
27.32757999913461 0.01548828762091204 0.03295578780876385
27.36696999913312 0.016798469454184676 0.036275526152695914
27.406359999131627 0.01549354297777762 0.032969116825998235
27.446759999130098 0.016789101424124347 0.036251806560294586
27.486149999128607 0.01550283946690844 0.032992676959198164
27.526549999127077 0.016779867213007983 0.036228425791384744
27.565939999125586 0.015512003401600154 0.03301590115877273
27.606339999124057 0.01677076491274678 0.03620537901408705
27.645729999122565 0.01552103666825105 0.03303879420485378
27.686129999121036 0.016761792642077993 0.03618266146540039
27.725519999119545 0.015529941126619928 0.03306136081049349
27.765919999118015 0.016752948546993853 0.036160268450113886
27.805309999116524 0.015538718609734806 0.033083605620709555
27.845709999114995 0.016744230799943298 0.036138195340595924
27.885099999113503 0.015547370925218719 0.03310553321599352
27.925499999111974 0.01673563759927258 0.03611643757511773
27.964889999110483 0.015555899854220349 0.03312714810972395
28.005289999108953 0.016727167169086465 0.036094990656398984
28.044679999107462 0.015564307152818853 0.03314845475228534
28.085079999105933 0.01671881775795647 0.036073850149842546
28.12446999910444 0.015572594552221153 0.033169457530657365
28.164869999102912 0.01671058764006056 0.0360530116856661
28.20425999910142 0.015580763758391323 0.033190160769014376
28.24465999909989 0.016702475114105157 0.0360324709560933
28.2840499990984 0.015588816454739331 0.033210568732233714
28.32444999909687 0.016694478503496285 0.03601222371625301
28.36383999909538 0.01559675429880549 0.03323068562192111
28.40423999909385 0.016686596154369175 0.03599226577811754
28.44362999909236 0.01560457892567376 0.03325051558031866
28.48402999909083 0.016678826437463743 0.03597259301576505
28.523419999089338 0.015612291947452743 0.033270062693369074
28.56381999908781 0.016671167746120513 0.0359532013608832
28.603209999086317 0.015619894952521245 0.033289330986074894
28.643609999084788 0.016663618497566295 0.03593408680633292
28.682999999083297 0.015627389506785085 0.03330832442758336
28.723399999081767 0.01665617712990064 0.03591524539783286
28.762789999080276 0.015634777154882058 0.033327046931774795
28.803189999078747 0.016648842105141146 0.03589667323973256
28.842579999077255 0.015642059418622768 0.033345502354431567
28.882979999075726 0.016641611905735296 0.03587836649077136
28.922369999074235 0.015649237797968184 0.03336369449822296
28.962769999072705 0.016634485036896466 0.03586032136569939
29.002159999071214 0.015656313772180155 0.033381627111017664
29.042559999069685 0.01662746002425511 0.035842534132002335
29.081949999068193 0.01566328879896925 0.03339930388783774
29.122349999066664 0.01662053541527406 0.035825001111067234
29.161739999065173 0.01567016431610497 0.03341672847213539
29.202139999063643 0.016613709777533785 0.03580771867643939
29.241529999062152 0.01567694173955027 0.033433904451218854
29.281929999060623 0.016606981698834133 0.03579068325174628
29.32131999905913 0.015683622467089424 0.03345083536887561
29.361719999057602 0.01660034978761988 0.035773891314827555
29.40110999905611 0.01569020787513292 0.033467524712604835
29.44150999905458 0.016593812671565466 0.035757339390007914
29.48089999905309 0.015696699320411376 0.03348397592031205
29.52129999905156 0.016587368998725486 0.035741024053692616
29.56068999905007 0.01570309814154344 0.03350019238558266
29.60108999904854 0.01658101743576009 0.03572494193180287
29.64047999904705 0.015709405658017612 0.033516177451420326
29.68087999904552 0.016574756668685953 0.0357090896956791
29.720269999044028 0.015715623169257342 0.033531934411357156
29.7606699990425 0.016568585402032772 0.03569346406596674
29.800059999041007 0.015721751957190132 0.033547466513728086
29.840459999039478 0.016562502358320585 0.03567806180839739
29.879849999037987 0.0157277932859042 0.033562776963091956
29.920249999036457 0.016556506279577422 0.035662879736508835
29.959639999034966 0.015733748400113667 0.03357786891230452
30.000039999033437 0.01655059592420787 0.035647914707737094
30.039429999031945 0.015739618528170688 0.03359274547556357
30.079829999030416 0.01654477006910236 0.03563316362507063
30.119219999028925 0.01574540488018127 0.03360740971998233
30.159619999027395 0.016539027508884814 0.035618623437638774
30.199009999025904 0.015751108650246783 0.033621864671173896
30.239409999024375 0.01653336705442634 0.0356042911330956
30.278799999022883 0.015756731014028736 0.033636113309110094
30.319199999021354 0.016527787534707485 0.03559016374777846
30.358589999019863 0.015762273131241573 0.033650158573272915
30.398989999018333 0.016522287793987008 0.03557623835457324
30.438379999016842 0.015767736144378115 0.03366400335764741
30.478779999015313 0.01651686669452701 0.0355625120729286
30.51816999901382 0.015773121180560283 0.03367765051968119
30.558569999012292 0.01651152311377737 0.035548982060784606
30.5979599990108 0.015778429351116476 0.033691102875688106
30.63835999900927 0.01650625594495397 0.03553564551532773
30.67774999900778 0.01578366175073816 0.03370436319969361
30.71814999900625 0.01650106409776577 0.0355224996768877
30.75753999900476 0.015788819458585852 0.03371743422727613
30.79793999900323 0.01649594649713886 0.03550954182346411
30.83732999900174 0.015793903538269954 0.033730318654090485
30.87772999900021 0.016490902083380315 0.03549676927143697
30.917119998998718 0.01579891503987208 0.03374301914065292
30.95751999899719 0.01648592981213997 0.03548417937685455
30.996909998995697 0.015803854996684984 0.03375553830664568
31.037309998994168 0.016481028653411337 0.03547176953163644
31.076699998992677 0.015808724428178194 0.033767878734314305
31.117099998991147 0.01647619759204711 0.035459537166038224
31.156489998989656 0.015813524339783027 0.03378004297338588
31.196889998988127 0.01647143871122329 0.03544747974670859
31.236279998986635 0.015818255721161845 0.033792033530999355
31.276679998985106 0.01646674958111594 0.03543559477481306
31.316069998983615 0.0158229195488625 0.03380385288183074
31.356469998982085 0.01646212752187157 0.03542387979106332
31.395859998980594 0.015827516785692143 0.03381550346786
31.436259998979065 0.016457571575844956 0.03541233236764585
31.475649998977573 0.01583204838057651 0.03382698769198722
31.516049998976044 0.016453080799130725 0.03540095011271838
31.555439998974553 0.015836515268791537 0.0338383079256821
31.595839998973023 0.01644865426143909 0.03538973066846696
31.635229998971532 0.015840918372627705 0.033849466505742054
31.675629998970003 0.016444291045592745 0.035378671709940246
31.71501999896851 0.015845258600712814 0.03386046573480295
31.755419998966982 0.01643999024735136 0.03536777094573784
31.79480999896549 0.015849536850004144 0.03387130788677917
31.83520999896396 0.01643575097603219 0.03535702611798808
31.87459999896247 0.015853754002763707 0.033881995197104775
31.91499999896094 0.01643157235261022 0.035346434999539156
31.95438999895945 0.015857910930252662 0.033892529874191
31.99478999895792 0.016427453511739153 0.03533599539710108
32.03417999896857 0.015862008490996844 0.03390291409378632
32.07457999898139 0.01642339359907515 0.03532570514525046
32.113969998993895 0.015866047530674797 0.03391314999899864
32.15436999900672 0.016419391773439155 0.03531556211225917
32.19375999901922 0.01587002888336006 0.033923239704769514
32.234159999032045 0.01641544720558663 0.03530556419650832
32.27354999904455 0.015873953372267748 0.03393318529580913
32.31293999905705 0.01641326798467627 0.03530003610838772
32.353339999069874 0.015877821806400575 0.033942988824042786
32.39272999908238 0.01640942461803119 0.03529029474430567
32.4331299990952 0.015881634985493116 0.03395265231620481
32.4725199991077 0.01640563605299327 0.03528069227164421
32.51291999912053 0.01588539369776402 0.03396217776866495
32.55230999913303 0.01640190150903794 0.035271226712396686
32.59270999914585 0.015889098719190024 0.03397156714858296
32.632099999158356 0.016398220217905594 0.03526189611878783
32.67249999917118 0.015892750815489402 0.03398082239685074
32.71188999918368 0.016394591421563087 0.03525269857087565
32.752289999196506 0.015896350740152474 0.03398994542322953
32.79167999920901 0.016391014372939966 0.03524363217468629
32.83207999922183 0.01589989923813643 0.03399893811611987
32.871469999234336 0.016387488335270484 0.03523469506369059
32.91186999924716 0.01590339704231074 0.034007802332725046
32.95125999925966 0.01638401258254673 0.03522588539783822
32.991659999272485 0.015906844875802056 0.03401653990594555
33.03104999928499 0.01638058639942996 0.03521720136282491
33.07144999929781 0.01591024345080735 0.03402515264009365
33.110839999310315 0.016377209080210304 0.0352086411716801
33.15123999932314 0.01591359346967506 0.03403364231586714
33.19062999933564 0.016373879929575504 0.03520020306169158
33.231029999348465 0.01591689562522252 0.034042010688972724
33.27041999936097 0.016370598261394788 0.035191885293461844
33.31081999937379 0.015920150599083027 0.03405025948636231
33.350209999386294 0.016367363399884725 0.035183686155093596
33.39060999939912 0.015923359064099456 0.034058390414271056
33.42999999941162 0.016364174678581127 0.03517560395744912
33.470399999424444 0.015926521684494273 0.03406640515624115
33.50978999943695 0.016361031441076056 0.035167637036670474
33.55018999944977 0.01592963911319433 0.03407430536622735
33.58957999946227 0.016357933039498233 0.035159783750793316
33.6299799994751 0.01593271199454016 0.034082092677367726
33.6693699994876 0.01635487883565408 0.035152042482089474
33.70976999950042 0.015935740964729796 0.034089768702372236
