0.001020000000000002 0.07843076458994747 0.19652654377637635
0.03333999999999954 0.05078991153563533 0.12731224393052187
0.06667000000000685 0.07665153848740694 0.19579933435012187
0.09797999999999471 0.05046974127232498 0.12465447611328395
0.13130999999999055 0.07617255713624305 0.19489937971931548
0.16363000000002287 0.04964589239544744 0.12193177710768666
0.1959500000000552 0.0756989671695394 0.19311191703504926
0.22928000000008852 0.048416429129133666 0.11992489542246298
0.26160000000012085 0.07478161328192316 0.18979509949442752
0.29392000000015317 0.04795799063849425 0.11920882503253516
0.3262400000001855 0.07429616998006938 0.18833240906682702
0.3595700000002188 0.0468804443490331 0.11656370460161325
0.39189000000025115 0.07323256708865265 0.18573448300825968
0.42421000000028347 0.04653049494516528 0.11556391567616453
0.4565300000003158 0.07273789426287605 0.18456807791941143
0.4888500000003481 0.04604822822443996 0.11431189877948444
0.5221800000002583 0.07169360625237091 0.18195063485679785
0.5545000000001112 0.045125491265519645 0.11203836592158511
0.5868199999999641 0.07126010719302335 0.18075595255148125
0.6191399999998171 0.044653178695808975 0.11094879803805746
0.6524699999996654 0.0702425752464187 0.17808252537490077
0.6847899999995183 0.04372424150438879 0.1087104870575284
0.7171099999993712 0.06983604810660508 0.1769989519425197
0.7494299999992241 0.04328826411958759 0.10766003471039953
0.7827599999990724 0.06881624403258535 0.17439492512654198
0.8150799999989253 0.042369613637466656 0.10538629960947787
0.8473999999987782 0.06843859607622556 0.17340279654215474
0.8797199999986312 0.04196244109649029 0.10440120530351704
0.9120399999984841 0.06795232998551073 0.17213417069390502
0.9453699999983324 0.041044135130552384 0.10213796551664656
0.9776899999981853 0.06708092683695316 0.1698959269145761
1.0100099999981493 0.04066336225205979 0.1012221919507561
1.042329999998361 0.06662670297778867 0.16870869131667687
1.0756599999985794 0.039747599222172275 0.09896191406932875
1.1079799999987912 0.06575873387792042 0.1664851160264713
1.140299999999003 0.039393780153496115 0.09810652988913038
1.1726199999992146 0.06533414058533435 0.16537966298194595
1.205949999999433 0.03848145892144607 0.09584735936725153
1.2382699999996447 0.06446947040694614 0.16317038036349762
1.2705899999998564 0.03815312099203972 0.09505252502440831
1.3029100000000682 0.06407366487552345 0.16214074725797722
1.3362400000002865 0.03724386395617728 0.09279820930183647
1.3685600000004983 0.06321269354506351 0.15994341054803574
1.40088000000071 0.03694002273599793 0.09206209068820526
1.4332000000009217 0.06284437717182118 0.15898625418185874
1.4655200000011335 0.036536047146957615 0.09107225542734909
1.4988500000013518 0.06198696973923003 0.15680127448659542
1.5311700000015636 0.03575403563307415 0.08913322440229354
1.5634900000017753 0.061644921316757584 0.15591348720025433
1.595810000001987 0.03537578437804507 0.08820521181760466
1.6291400000022054 0.060791161352319094 0.1537406519086182
1.6614600000024171 0.034594489858824705 0.08626499322725856
1.6937800000026288 0.06047430644039962 0.1529190042841022
1.7261000000028406 0.03424100348232621 0.08539683233387274
1.759430000003059 0.05962431635578179 0.15075818849683564
1.7917500000032707 0.033460725248479144 0.0834565314977942
1.8240700000034824 0.05933160110885834 0.1499997895708538
1.8563900000036941 0.03313110425072162 0.08264616250107659
1.8887100000039059 0.058946664741600575 0.14901062361053485
1.9220400000041242 0.03235215640743191 0.08070676546882982
1.954360000004336 0.05821594417114895 0.14715316800489875
1.9866800000045477 0.032045521871203186 0.07995221579152334
2.0190000000047594 0.05785601475142612 0.14622897437664983
2.052330000004978 0.03126819944732805 0.07801473456188202
2.0846500000051895 0.05712652290609352 0.1443765376604289
2.1169700000054013 0.030983696807215414 0.07731409325723027
2.149290000005613 0.05679057090482851 0.1435145677997518
2.1826200000058313 0.030208288873652324 0.07537950294483897
2.214940000006043 0.05606248912664668 0.14166745021115812
2.247260000006255 0.029945091125095788 0.07473089393092991
2.2795800000064665 0.05574955687178294 0.14086508375306117
2.3119000000066783 0.029596197767525756 0.07386582785613438
2.3452300000068966 0.055023099546166174 0.139023623425083
2.3775500000071084 0.02892918558352269 0.0722017132556374
2.40987000000732 0.05473226990007236 0.13827836524772374
2.442190000007532 0.0286025386053268 0.07139130992568354
2.47552000000775 0.054007658596509016 0.13644294052310713
2.507840000007962 0.027935478815452715 0.06972563727962733
2.5401600000081737 0.053738053799218255 0.13575242342787064
2.5724800000083854 0.0276302680220558 0.0689679967150636
2.6058100000086037 0.053015514578844354 0.13392345462984734
2.6381300000088155 0.026963487855143152 0.06730173670096429
2.670450000009027 0.052766294034470154 0.1332854310191589
2.702770000009239 0.02667892819855471 0.06659499885155462
2.7350900000094507 0.05243786044845254 0.13244871794342306
2.768420000009669 0.026012746553015113 0.0649290751022158
2.8007400000098808 0.051816411836507 0.13087569611200944
2.8330600000100925 0.025748076877512432 0.06427142566716171
2.8653800000103042 0.05150913762636228 0.13009325556444518
2.8987100000105226 0.02508280305954945 0.06260672242914822
2.9310300000107343 0.05088785751300096 0.12852162847014625
2.963350000010946 0.02483728520387511 0.06199639979153071
2.995670000011158 0.05060093768345221 0.1277913335955172
3.029000000011376 0.024173217844807256 0.06033377118060956
3.061320000011588 0.04998010371875088 0.12622170446240366
3.0936400000117996 0.023946135473258304 0.05976906569740148
3.1259600000120114 0.049712764584463165 0.12554150100339
3.158280000012223 0.023645558638269358 0.05901900257003767
3.1916100000124414 0.04909272002290754 0.1239744589958347
3.223930000012653 0.02307422034915182 0.05758858726623295
3.256250000012865 0.04884423043191511 0.12334236512993035
3.2885700000130766 0.022792861466010512 0.05688623974595686
3.321900000013295 0.04822516748069849 0.12177848924143087
3.3542200000135067 0.022221142785831198 0.055454139692945326
3.3865400000137185 0.04799477513951374 0.12119259746418143
3.41886000001393 0.021958301059780354 0.05479781725536981
3.4521900000141486 0.0473769522177513 0.1196324596764109
3.4845100000143603 0.021386516015010595 0.05336490413896389
3.516830000014572 0.04716395696308832 0.11909093660760206
3.5491500000147838 0.021141511735115453 0.05275295859362705
3.5814700000149955 0.046882902101326604 0.11837846249457273
3.614800000015214 0.020569963372430583 0.05132006454300342
3.6471200000154256 0.04635135261685118 0.11703618864029597
3.6794400000156373 0.020342137377606945 0.050750889533413
3.711760000015849 0.046088373963335365 0.11636970207983266
3.7450900000160674 0.019771117871731112 0.04931880736233074
3.777410000016279 0.045556555786251576 0.11502722241509833
3.809730000016491 0.019559830967122053 0.04879083874923529
3.8420500000167026 0.04531097864307155 0.11440497765405899
3.875380000016921 0.018989621680010445 0.047360325171164064
3.9077000000171327 0.044779174998622426 0.11306296002093763
3.9400200000173444 0.01879425390061595 0.046872041776313544
3.972340000017556 0.044550347099193977 0.11248327333954755
4.0046600000175605 0.018535768682362286 0.04622471568088704
4.037990000016299 0.044018831849405936 0.11114236695645152
4.070310000015075 0.018045075321000463 0.04499374600757111
4.102630000013852 0.04380612174855963 0.11060360970063243
4.134950000012628 0.01780316756491352 0.04438781852925677
4.168280000011366 0.04327515909908964 0.1092644414908861
4.200600000010143 0.017311971386398967 0.043155212883205785
4.232920000008919 0.04307795545100004 0.10876503769814416
4.2652400000076955 0.01708603573964723 0.04258919480211176
4.298570000006434 0.042547816711948946 0.10742821188909346
4.33089000000521 0.016594624983504478 0.04135571727199583
4.363210000003987 0.04236555511810218 0.10696663702786102
4.395530000002763 0.016384074086612153 0.04082816195509764
4.4278500000015395 0.042124794755327925 0.10635799900758913
4.461180000000278 0.015892725553016653 0.03959454505888527
4.493499999999054 0.041668609989736524 0.10520751675074935
4.525819999997831 0.015696989592520423 0.039104046779236956
4.558139999996607 0.04144335022512671 0.10463814003517369
4.591469999995345 0.015205968949517923 0.037870991518207386
4.623789999994122 0.040986737423173096 0.10348681544192218
4.656109999992898 0.015024495208120861 0.03741618400758817
4.6884299999916745 0.04077640419992701 0.1029552287346358
4.721759999990413 0.014534057272503172 0.03618436008037129
4.754079999989189 0.040319627374419006 0.10180370080756784
4.786399999987966 0.014366309695065034 0.035763915620645736
4.818719999986742 0.04012366475217893 0.1013084818306198
4.8510399999855185 0.014144309887640896 0.03520684369671123
4.884369999984257 0.039666978033905106 0.10015736809265707
4.916689999983033 0.013722157418860625 0.034146590678030275
4.94900999998181 0.03948484764345177 0.09969714199662416
4.981329999980586 0.013514441677288689 0.033625313436436155
5.014659999979324 0.0390284953412164 0.09854703828282574
5.046979999978101 0.013091768161088162 0.03256356613002831
5.079299999976877 0.03885967570264272 0.09812047511359445
5.1116199999756535 0.012897813904076991 0.032076783363998995
5.144949999974392 0.03840389242799374 0.09697195525670832
5.177269999973168 0.012474876865258694 0.03101420742575023
5.209589999971945 0.038247878375981106 0.09657776798526196
5.241909999970721 0.012294177098360552 0.030560656888634075
5.2742299999694975 0.03804155633320736 0.09605705372043305
5.307559999968236 0.01187122343032635 0.02949788976237544
5.339879999967012 0.03764919119231747 0.09506832548231703
5.372199999965789 0.011703286303378635 0.029076346240142215
5.404519999964565 0.037456182105830786 0.09458124167079918
5.437849999963303 0.011280552528742906 0.028013998138598506
5.47016999996208 0.03706335546281696 0.09359146934796447
5.502489999960856 0.011124900935639604 0.027623272528021214
5.5348099999596325 0.03688320056416626 0.09313676781825819
5.568139999958371 0.010702613470681827 0.026561927052914935
5.600459999957147 0.03649022624177815 0.09214653749004542
5.632779999955924 0.010558784664200068 0.02620086531976984
5.6650999999547 0.03632241756787231 0.09172300899596975
5.6974199999534765 0.010368298290738048 0.025722340509859443
5.730749999952215 0.03592944760358503 0.09073288348813158
5.763069999950991 0.010004705307526457 0.024808562307121473
5.795389999949768 0.035773521407258244 0.09033935666792337
5.827709999948544 0.009826517186117437 0.024360912406573565
5.861039999947282 0.03538077438183903 0.0893498761239453
5.893359999946059 0.009462434738050625 0.02344580906212812
5.925679999944835 0.03523628358921637 0.08898521639189028
5.9579999999436115 0.009296094108776399 0.023027907492167987
5.99132999994235 0.03484396885861763 0.08799689885262696
6.023649999941126 0.008931748786856193 0.022112058867085338
6.055969999939903 0.03471048015756686 0.08766000731829093
6.088289999938679 0.008776818342759451 0.021722811955127153
6.1206099999374555 0.03453372334508948 0.08721424428532742
6.153939999936194 0.008412427153815794 0.020806772660253436
6.18625999993497 0.03419589151825612 0.08636316157122348
6.2185799999337465 0.008268482683899958 0.020445118827583375
6.250899999932523 0.034030572885008506 0.08594625319586768
6.284229999931261 0.007904253318488885 0.01952941904985739
6.316549999930038 0.033692302276271506 0.08509412362173174
6.348869999928814 0.007770883359424496 0.019194328080984757
6.3811899999275905 0.033538000568528875 0.08470500358692679
6.414519999926329 0.007407014451500197 0.018279474326554634
6.446839999925105 0.0331995010856211 0.08385234967895894
6.479159999923882 0.007283819949718597 0.0179699466380856
6.511479999922658 0.033055807816217433 0.08348998445991684
6.5437999999214345 0.007120485121101435 0.01755938368971366
6.577129999920173 0.03271728050253024 0.08263730703849115
6.609449999918949 0.006807095317932283 0.016771488505096244
6.6417699999177255 0.03258380291890582 0.08230069488689429
6.674089999916502 0.006654342711130227 0.01638751909610603
6.70741999991524 0.03224552159972132 0.08144847362263619
6.739739999914017 0.006340515540548418 0.015598474729494605
6.772059999912793 0.03212189860972197 0.08113664361459882
6.8043799999115695 0.0061979566705195705 0.015240124723603365
6.837709999910308 0.031783965836558147 0.08028533753923206
6.870029999909084 0.005883889847492959 0.014450433371526739
6.902349999907861 0.031669796598488245 0.07999734869352793
6.934669999906637 0.005751147835595907 0.014116757457471873
6.9669899999054135 0.03151840763188825 0.07961567012847448
7.000319999904152 0.005437030565897147 0.013326899435694983
7.032639999902928 0.031227311906288635 0.07888233717975313
7.0649599999017045 0.0053137398323078395 0.0130169803927771
7.097279999900481 0.031085751490121275 0.07852543791010413
7.130609999899219 0.004999753066966631 0.012227414810017656
7.162929999897996 0.030794262719657562 0.07779114485853
7.195249999896772 0.004885559033218557 0.011940362791740267
7.2275699998955485 0.03066216888549499 0.07745811066217634
7.260899999894287 0.00457187571554041 0.011151528211728046
7.293219999893063 0.030370470313588933 0.07672331597652349
7.32553999989184 0.0044664345126094185 0.010886480044325353
7.357859999890616 0.03024749200422562 0.0764132604071821
7.3901799998893924 0.004326451748995794 0.010534499687586685
7.423509999888131 0.02995575898341534 0.07567840299803619
7.455829999886907 0.004056198007923914 0.009854913645745977
7.4881499998856835 0.029841555755835306 0.07539046661380056
7.52046999988446 0.003925316940966752 0.00952581823647769
7.553799999883198 0.02954995598097726 0.0746559664009494
7.586119999881975 0.0036546838751305246 0.008845251128053455
7.618439999880751 0.029444197717782807 0.07438931600942666
7.6507599998795275 0.0035325698812688675 0.008538200173913157
7.684089999878266 0.02915289145087889 0.07365557444927173
7.716409999877042 0.003261729056171842 0.007857086046481054
7.748729999875819 0.029055258079226175 0.07340940236744142
7.781049999874595 0.0031480575216950857 0.007571264061101424
7.813369999873371 0.02892562531657369 0.0730825968428217
7.84669999987211 0.0028771730406541543 0.006890017937388748
7.879019999870886 0.028674683703314087 0.07245032633538262
7.9113399998696625 0.0027716290977691945 0.006624633803564706
7.943659999868439 0.02855350317268121 0.07214480796632339
7.976989999867177 0.0025008578315899002 0.005943652289142065
8.009309999865954 0.02830222085534516 0.07151169526095069
8.04162999986473 0.0024031361012613298 0.005697938631388233
8.073949999863506 0.028189173896133672 0.07122667898752377
8.107279999862245 0.002132627911631546 0.005017600504597652
8.139599999861021 0.027937709840168613 0.07059312304118492
8.171919999859798 0.002042432252939476 0.004790813077815148
8.204239999858574 0.027832494635255375 0.07032784751546117
8.23655999985735 0.0019225081463481823 0.0044892126238260666
8.269889999856089 0.027581000877485717 0.06969422997796793
8.302209999854865 0.0016893734748919193 0.0039028969457954865
8.334529999853642 0.027483324719447685 0.06944795691219419
8.366849999852418 0.00157727517548778 0.00362097852145693
8.400179999851156 0.027231946581176805 0.06881464264715254
8.432499999849933 0.0013438178676325155 0.0030338352855485695
8.464819999848709 0.02714152562632731 0.06858665618293402
8.497139999847485 0.001239257273340464 0.002770874633295506
8.530469999846224 0.026890401920981775 0.06795399377679257
8.562789999845 0.0010056256827952223 0.0021832783503539233
8.595109999843777 0.026806960952729556 0.06774359987549161
8.627429999842553 0.0009083233223762069 0.00193857286022725
8.65974999984133 0.026695961088807958 0.06746380327113943
8.693079999840068 0.0006766532866788373 0.001350881574235796
8.725399999838844 0.02647949638487758 0.0669184479763052
8.75771999983762 0.0006195517219114494 0.0011237497145377695
8.790039999836397 0.026375753805667587 0.06665694088328067
8.823369999835135 0.000571145425965619 0.000536305522913505
8.855689999833912 0.02615899967309088 0.06611086583343528
8.888009999832688 0.0005845091165630294 0.00032608628617314395
8.920329999831464 0.026062246739290494 0.0658669734972861
8.953659999830203 0.0007074889730514233 0.0002607841449009385
8.985979999828979 0.02584541659945751 0.06532052406559297
9.018299999827756 0.0007594317245838051 0.00045473177171517776
9.050619999826532 0.025755425283893664 0.06509359205517651
9.082939999825308 0.0008308860979090572 0.0007130714352987511
9.116269999824047 0.025538574856463308 0.06454709847762974
9.148589999822823 0.0009775699608204377 0.0012190142775425628
9.1809099998216 0.025455059557636755 0.06433649213875015
9.213229999820376 0.0010501571439568455 0.0014604326881273444
9.246559999819114 0.025238314022865308 0.06379026999753235
9.27887999981789 0.0012072292400073605 0.001967066552199803
9.311199999816667 0.02516103068853452 0.06359537392160997
9.343519999815443 0.0012788411626232018 0.0021921872986774282
9.37583999981422 0.025059558634854463 0.06333953871792142
9.409169999812958 0.0014433521317006191 0.0026991894474193145
9.441489999811735 0.02487322188265664 0.06286994209953045
9.473809999810511 0.0015125647064442242 0.0029086174412773502
9.506129999809287 0.024778221060803914 0.0626304190855631
9.539459999808026 0.0016827385973288175 0.0034156793806250363
9.571779999806802 0.024591518088047118 0.06215990584375053
9.604099999805578 0.0017488099366555795 0.0036100013451112467
9.636419999804355 0.02450275128060348 0.06193609693738722
9.669749999803093 0.0019231957539568424 0.004116828367284331
9.70206999980187 0.02431580597416571 0.06146497874015555
9.734389999800646 0.0019857473897569003 0.004296613314624942
9.766709999799422 0.024233043071440134 0.06125630379979485
9.799029999798199 0.0020683581549408676 0.004532938172863155
9.832359999796937 0.02404597391649437 0.06078487874465743
9.864679999795714 0.002221970558113983 0.004968723752674098
9.89699999979449 0.023968991727133498 0.06059077508425714
9.929319999793266 0.002300596271190049 0.005189951074979771
9.962649999792005 0.023781911978648113 0.060119328126895244
9.994969999790781 0.002456706158557849 0.005626599186225878
10.027289999789557 0.023710494045359652 0.059939250054452664
10.059609999788334 0.002531109556435744 0.005833282179013022
10.092939999787072 0.02352351844851412 0.0594680534254044
10.125259999785849 0.002689285472513153 0.006270502291083613
10.157579999784625 0.023457482227088617 0.05930147178805356
10.189899999783401 0.0027593053397734673 0.006463177630089412
10.222219999782178 0.02337063297229906 0.05908243192558338
10.255549999780916 0.0029191701700349232 0.006900691917832713
10.287869999779693 0.02320989103940079 0.05867718714327452
10.320189999778469 0.0029849187522831373 0.007079880175686615
10.352509999777245 0.023128599956015385 0.05847216249289522
10.385839999775984 0.003146065264102777 0.007517423115710464
10.41815999977476 0.02296755063114158 0.05806614671832744
10.450479999773536 0.003207455077562186 0.0076836291899806675
10.482799999772313 0.022891613787017623 0.05787462300895774
10.516129999771051 0.003369608831810487 0.008120947162248981
10.548449999769828 0.02273036373492194 0.05746810481843667
10.580769999768604 0.003426866482996125 0.008274660688645241
10.61308999976738 0.02265958331078543 0.05728958320256883
10.645409999766157 0.0035022475753848648 0.008477045891397417
10.678739999764895 0.022498234527021606 0.056882819426229414
10.711059999763672 0.0036428260939508042 0.00885320734930195
10.743379999762448 0.022432418651212625 0.05671681606245205
10.775699999761224 0.0037136963601859686 0.009042617276555642
10.809029999759963 0.022271068611401223 0.05631005215780416
10.841349999758739 0.0038552619325955056 0.009419498528517867
10.873669999757515 0.022210031205232898 0.05615609781857156
10.905989999756292 0.0039217427745253915 0.009596409164669417
10.93931999975503 0.02204877301117033 0.05574956823714006
10.971639999753807 0.004064107977893984 0.009973760282877553
11.003959999752583 0.021992333633658663 0.05560720791721874
11.03627999975136 0.004126320817784737 0.010138633370393446
11.068599999750136 0.02191797744390899 0.05541968798622454
11.101929999748874 0.004269293151118381 0.010516215389599903
11.13424999974765 0.021779239852093447 0.055069928994688766
11.166569999746427 0.004327359220682478 0.010669498802251542
11.198889999745203 0.02170965926324315 0.05489445031020557
11.232219999743942 0.004470759738319723 0.011047083368598276
11.264539999742718 0.021570665020424297 0.05454404684994696
11.296859999741494 0.004524799867223731 0.011189211480278072
11.329179999740271 0.02150568465386036 0.05438016719901961
11.362509999739009 0.004668463842700239 0.011566580506439106
11.394829999737786 0.02136653376239599 0.054029350429840584
11.427149999736562 0.004718598262853846 0.01169797454581012
11.459469999735338 0.02130601275162401 0.05387664085704236
11.491789999734115 0.004784715643169917 0.011871268926266776
11.525119999732853 0.021166843953314727 0.05352563179352732
11.55743999973163 0.004908723258626673 0.01219598827573165
11.589759999730406 0.021110585977131436 0.05338367625518092
11.622079999729182 0.004970791947778009 0.012358132614709305
11.65540999972792 0.02097142389671475 0.05303268609321288
11.687729999726697 0.00509533279776938 0.012683450101691474
11.720049999725473 0.020919269012319008 0.05290108111040137
11.75236999972425 0.005153295692346097 0.012834853861032336
11.785699999722988 0.02078019368448391 0.05255031154497436
11.818019999721765 0.005278372866793918 0.01316055462057264
11.850339999720541 0.020731986797604112 0.05242866587243933
11.882659999719317 0.00533254005819587 0.013301614997862643
11.914979999718094 0.02066836317865266 0.05226814244654321
11.948309999716832 0.00545772657007493 0.013627493615675501
11.980629999715608 0.02054866534218715 0.051966243703271964
12.012949999714385 0.00550821864433086 0.013758595871427026
12.045269999713161 0.020489142736562306 0.051816065228160735
12.0785999997119 0.005633724550527319 0.01408445607697928
12.110919999710676 0.02036923171986307 0.05151363046469459
12.143239999709452 0.00568052545242744 0.014205973844960695
12.175559999708229 0.020313659383513268 0.05137341668459694
12.208889999706967 0.0058060821513460864 0.014531628214298209
12.241209999705744 0.02019361405898914 0.051070644691719735
12.27352999970452 0.00584945160076841 0.014643923813961734
12.305849999703296 0.02014184576985637 0.05094002675840592
12.338169999702073 0.00590674954088411 0.014792291642640176
12.371499999700811 0.020021741537802774 0.05063710757990947
12.403819999699587 0.006015020069792851 0.015072618215028477
12.436139999698364 0.01997363547560237 0.05051572775154334
12.46845999969714 0.0060686180952230434 0.015211405291670754
12.501789999695879 0.019853544376036224 0.05021284296313766
12.534109999694655 0.006177283907982266 0.01549222703767228
12.566429999693431 0.01980896300442082 0.050100354304716266
12.598749999692208 0.0062274486491699825 0.0156217855513896
12.632079999690946 0.019688953826750795 0.049797677293250686
12.664399999689723 0.0063363121165514276 0.015902917840315833
12.696719999688499 0.019647763781253397 0.04969374339538479
12.729039999687275 0.006383035924694167 0.016023589424718487
12.761359999686052 0.019593301428176092 0.049556338958589574
12.79468999968479 0.0064920207893400745 0.016304855762772075
12.827009999683566 0.0194899976169847 0.0492957343167566
12.859329999682343 0.006535538225723432 0.016416971773891564
12.89164999968112 0.01943908693614242 0.049167217232237714
12.924979999679858 0.006644705308511998 0.016698203540654877
12.957299999678634 0.01933564103500443 0.048906168665840966
12.98961999967741 0.006685026728421429 0.016802085329936656
13.021939999676187 0.019288122111051846 0.048786211964180204
13.055269999674925 0.0067941171442575015 0.017083121523753242
13.087589999673702 0.019184567611842118 0.04852489033262408
13.119909999672478 0.006831363495964391 0.017179080702744987
13.152229999671254 0.019140314779620478 0.04841317685819746
13.18454999967003 0.006880725220232327 0.017306095377722652
13.217879999668769 0.01903671643478886 0.048151745480606856
13.250199999667545 0.006974884601076364 0.01754810638683324
13.282519999666322 0.01899560781301308 0.04804796762736263
13.314839999665098 0.007021093851010716 0.01766688924981219
13.348169999663837 0.018892027483778277 0.0477865825328494
13.380489999662613 0.007115411432029008 0.01790930877266783
13.41280999966139 0.01885394487567115 0.04769044199393058
13.445129999660166 0.007158536164917798 0.018020162723453303
13.478459999658904 0.01875044162483772 0.047429252154695956
13.51077999965768 0.007252950289477154 0.0182628321630518
13.543099999656457 0.018715270420730727 0.04734045967791367
13.575419999655233 0.007293157691630855 0.018366051016172058
13.60773999965401 0.018668679193617012 0.047222851312922476
13.641069999652748 0.007387811563276747 0.018608818778753644
13.673389999651524 0.018579529685093056 0.04699788238341496
13.705709999650301 0.007425186473856365 0.01870468750293508
13.738029999649077 0.018535963602222864 0.04688790896258954
13.771359999647816 0.007519821612385886 0.01894740877254053
13.803679999646592 0.018446668686345234 0.04666257379106753
13.835999999645368 0.007554438788523388 0.019036203729583256
13.868319999644145 0.01840601634857995 0.04655995417049974
13.901649999642883 0.007649001326469417 0.019278740244310644
13.93396999964166 0.01831663421879817 0.04633439954715435
13.966289999640436 0.007680965239722904 0.01936072941091105
13.998609999639212 0.018278787570702757 0.04623886102135266
14.030929999637989 0.007723370139950007 0.019469455482468145
14.064259999636727 0.018189373847078076 0.0460132272445013
14.096579999635503 0.007804996618298834 0.019678392444510973
14.12889999963428 0.018154228088870024 0.04592450532497905
14.161219999633056 0.007844704756217334 0.019780046054995726
14.194549999631795 0.01806483590295446 0.0456989264205121
14.226869999630571 0.007926461901517034 0.019989318920954346
14.259189999629347 0.01803228940492526 0.045616764619416106
14.291509999628124 0.00796350910791519 0.020084160558575537
14.324839999626862 0.017942969479465953 0.04539136853548564
14.357159999625638 0.00804534374644925 0.020293633127255184
14.389479999624415 0.017912937982431484 0.04531551815174506
14.421799999623191 0.008079828722330684 0.02038191546650525
14.454119999621968 0.017873085720260175 0.0452148588990009
14.487449999620706 0.008161690032260931 0.020591457564300697
14.519769999619482 0.017796172623749263 0.045020646873672465
14.552089999618259 0.008193708503624069 0.02067342566393071
14.584409999617035 0.017758917532617526 0.04492654652028527
14.617739999615774 0.008275682328855711 0.020882912946118548
14.65005999961455 0.01768188503439194 0.04473203343372534
14.682379999613326 0.008305381981930387 0.02095880445852627
14.714699999612103 0.0176471313877723 0.04464425024037766
14.748029999610841 0.008387304641133592 0.021168118224279553
14.780349999609617 0.017570029433175965 0.04444956216791418
14.812669999608394 0.00841471641103446 0.021238163590209247
14.84498999960717 0.017537684379910025 0.04436786165687989
14.877309999605947 0.008451136037759743 0.021331228083554254
14.910639999604685 0.01746056070235716 0.04417311909029609
14.942959999603461 0.008521737750566494 0.02151161322843098
14.975279999602238 0.017430534190228 0.0440972738513401
15.007599999601014 0.008555779498750405 0.02159860155386273
15.040929999599753 0.017353434381489 0.04390259187794232
15.073249999598529 0.008626488528175325 0.021779261986021314
15.105569999597305 0.0173256390834518 0.04383238138179202
15.137889999596082 0.00865824006141246 0.021860398148776383
15.17121999959482 0.017248606665249164 0.04363786986476548
15.203539999593596 0.008729010663310194 0.022041216925094975
15.235859999592373 0.0172229579057874 0.04357308027951312
15.26817999959115 0.008758591501816808 0.02211671820460115
15.300499999589926 0.017188849850764996 0.04348693144319293
15.333829999588664 0.008829501438807851 0.02229758356501188
15.36614999958744 0.01712245008392743 0.04331926804261865
15.398469999586217 0.008856972089449123 0.02236766069307894
15.430789999584993 0.017090573153350018 0.043238753629704085
15.464119999583732 0.00892785808569803 0.022548465894767222
15.496439999582508 0.017024075621013594 0.043070843630821365
15.528759999581284 0.008953282491284503 0.022613323227582693
15.56107999958006 0.016994347505670727 0.04299575578635695
15.594409999578799 0.009024104621316 0.022793966376988273
15.626729999577575 0.016927795092924823 0.042827707448189756
15.659049999576352 0.00904756046024464 0.0228538020657032
15.691369999575128 0.016900135957486025 0.04275784456514442
15.723689999573905 0.009078785050259464 0.022933456225227022
15.757019999572643 0.016833569645962394 0.04258976134419168
15.78933999957142 0.00913984321849401 0.023089192113889823
15.821659999570196 0.01680790206204444 0.04252492789468265
15.853979999568972 0.009169021469631626 0.02316362620000678
15.88730999956771 0.016741360993257796 0.04235690860179275
15.919629999566487 0.009230167461949056 0.023319586939418713
15.951949999565263 0.01671760987697196 0.042296914976514
15.98426999956404 0.009257374885960639 0.023388993576101136
16.01759999956278 0.016651131410483126 0.04212905392495525
16.049919999561556 0.009318569361688256 0.023545078772446715
16.082239999560333 0.01662922395940853 0.04207371627759082
16.11455999955911 0.009343911585685415 0.023609644798516793
16.146879999557886 0.016600033473278573 0.04199998921248227
16.180209999556624 0.00940521398513014 0.023765758513072388
16.2125299995554 0.016542716421506478 0.041855243526589536
16.244849999554177 0.009428734468650696 0.023825665133381246
16.277169999552953 0.016515462266091734 0.04178635665420538
16.31049999955169 0.009490011813532599 0.023981715744370025
16.342819999550468 0.01645809990558903 0.04164140971039121
16.375139999549244 0.009511771846362298 0.024037138675969683
16.40745999954802 0.01643269028509076 0.04157718431117008
16.439779999546797 0.009540365376242699 0.024109966490659662
16.473109999545535 0.01637528500964516 0.04143212905871607
16.50542999954431 0.009593056293466285 0.024244148354723993
16.537749999543088 0.016351651330922087 0.04137239179197172
16.570069999541865 0.009619822023744428 0.024312320922659225
16.603399999540603 0.016294238295727088 0.041227317047065615
16.63571999953938 0.009672619925678767 0.024446775934505727
16.668039999538156 0.016272314034046654 0.04117189979876423
16.700359999536932 0.009697624898649516 0.02451046400545609
16.73368999953567 0.01621492681191607 0.04102689038057994
16.766009999534447 0.009750494404786052 0.024645102022891052
16.798329999533223 0.016194647457821086 0.04097563012982475
16.830649999532 0.009773803654860056 0.024704471234504588
16.862969999530776 0.016167976665580775 0.040908219939339574
16.896299999529514 0.009826710939916399 0.02483920607793122
16.92861999952829 0.01611862109760066 0.04078350567523481
16.960939999527067 0.00984838754625199 0.02489441708589668
16.993259999525844 0.016093658265047918 0.04072041176580443
17.02658999952458 0.0099013002897186 0.025029166409828996
17.058909999523358 0.016044204877050678 0.04059545040927537
17.091229999522135 0.00992140542852463 0.025080375024622015
17.12354999952091 0.016020887320024095 0.04053651437353478
17.15687999951965 0.009974312104655717 0.02521506019166342
17.189199999518426 0.015971369148093228 0.0404113893891167
17.221519999517202 0.009992932212609523 0.025262417503291168
17.25383999951598 0.0159496360601122 0.040356457565560167
17.286159999514755 0.010017444396438296 0.025324759930467344
17.319489999513493 0.01590008468629858 0.04023124874636963
17.35180999951227 0.010063005173883128 0.025440615971983327
17.384129999511046 0.015879877089802687 0.040180172093873257
17.416449999509823 0.01008594481100169 0.02549895907408839
17.44977999950856 0.0158303226899305 0.04005495567852568
17.482099999507337 0.010131594151911495 0.025615040873194772
17.514419999506114 0.015811583388340173 0.040007589657597986
17.54673999950489 0.010153018974748716 0.0256695314755917
17.58006999950363 0.015762054777717655 0.03988243844902373
17.612389999502405 0.010198726463709246 0.025785761656271777
17.64470999950118 0.015744728307084954 0.0398386428977493
17.677029999499958 0.010218692474597989 0.025836542184110023
17.709349999498734 0.015721899023172673 0.03978094270098431
17.742679999497472 0.010264429034519823 0.025952846774801586
17.77499999949625 0.015679285569470697 0.03967326539584537
17.807319999495025 0.010282990551403132 0.026000055370167807
17.8396399994938 0.015657923521769108 0.03961927311411095
17.87296999949254 0.01032872840142324 0.026116363698303058
17.905289999491316 0.015615229268296242 0.039511391668989315
17.937609999490093 0.010345938102044377 0.026160134330521778
17.96992999948887 0.015595280559361121 0.039460971099758435
18.003259999487607 0.010391650713864917 0.02627637890928458
18.035579999486384 0.015552533864831667 0.03935295716575027
18.06789999948516 0.010407559680338966 0.026316841491191845
18.100219999483937 0.015533946212550732 0.03930597618896359
18.132539999482713 0.010428541602948505 0.026370205871417696
18.16586999948145 0.015491174184588242 0.039197898256038144
18.198189999480228 0.010467879498642007 0.026470238410425395
18.230509999479004 0.01547389688053106 0.039154228728888185
18.26282999947778 0.010487510471730854 0.02652016702029414
18.29615999947652 0.015431125419500797 0.03904615223648822
18.328479999475295 0.010526921429833492 0.026620385782805123
18.36079999947407 0.015415109287445942 0.03900566988720433
18.393119999472848 0.010545251095611585 0.026667004873281996
18.426449999471586 0.015372363123209042 0.038897657318226475
18.458769999470363 0.010584709007228138 0.02676734344171372
18.49108999946914 0.015357560477303791 0.0388602416418804
18.523409999467916 0.010601785519352702 0.02681077547652677
18.555729999466692 0.015338020078867275 0.038810854427595576
18.58905999946543 0.010641265427999225 0.026911170364918302
18.621379999464207 0.015301238849034735 0.03871788677582977
18.653699999462983 0.01065713913014239 0.026951534123798027
18.68601999946176 0.015282973723502088 0.038671684836166786
18.719349999460498 0.010696670071497294 0.027051924677723438
18.751669999459274 0.015246144826361406 0.03857854888491552
18.78398999945805 0.010711398658366017 0.0270893353525814
18.816309999456827 0.015229092803115823 0.03853541510955294
18.849639999455565 0.01075090495434074 0.027189663659643593
18.88195999945434 0.015192221679780842 0.03844217236262937
18.914279999453118 0.010764514810642794 0.02722423294956311
18.946599999451895 0.01517633784348629 0.03840199315622295
18.97891999945067 0.0107824982294728 0.027269910373939332
19.01224999944941 0.015139447741961224 0.0383087024013018
19.044569999448186 0.010816508476078979 0.027356279954315887
19.076889999446962 0.015124688529458141 0.03827136758813854
19.10920999944574 0.010833329777074307 0.027399005791195474
19.142539999444477 0.015087801659281598 0.03817808498719488
19.174859999443253 0.01086740025040733 0.02748552866290721
19.20717999944203 0.015074124824503694 0.03814348772233078
19.239499999440806 0.010883102174993114 0.027525411466700067
19.272829999439544 0.015037262390666986 0.038050266896783036
19.30514999943832 0.010917210435115192 0.027612030623069828
19.337469999437097 0.015024626967320015 0.038018303571951684
19.369789999435874 0.010931834443146275 0.02764917569489933
19.40210999943465 0.015007915792757584 0.03797603305353281
19.435439999433388 0.01096595904253309 0.027735836651632262
19.467759999432165 0.014976175474331934 0.037895765854023544
19.50007999943094 0.01097954534510172 0.027770346118682898
19.532399999429717 0.014960546187016885 0.03785623161759455
19.565729999428456 0.011013665794059001 0.02785699682327225
19.598049999427232 0.014928751134870593 0.03777582597489504
19.63036999942601 0.01102625338800735 0.027888969731926228
19.662689999424785 0.014914163922291921 0.037738927332919836
19.696019999423523 0.011060350124863057 0.027975560490034468
19.7283399994223 0.01488233501189933 0.0376584360361254
19.760659999421076 0.011071976823682895 0.028005092878924387
19.792979999419853 0.014868751255402388 0.0376240753167445
19.82529999941863 0.01108736907370121 0.028044189110221218
19.858629999417367 0.014836908439388468 0.03754354882213873
19.890949999416144 0.01111673364931921 0.028118761258277836
19.92326999941492 0.01482429068438506 0.03751163129892543
19.955589999413696 0.011131127564945902 0.028155321876799366
19.988919999412435 0.014792453022872964 0.037431117805608594
20.02123999941121 0.011160541609150148 0.02823001992701135
20.053559999409988 0.014780764946658217 0.037401551615856565
20.085879999408764 0.011173973941579669 0.028264138274147754
20.119209999407502 0.014748950635821758 0.03732109713832088
20.15152999940628 0.011203418194888348 0.028338913300640645
20.183849999405055 0.014738157018652267 0.037293793206882864
20.21616999940383 0.011215924592737316 0.028370679917266717
20.248489999402608 0.014723854292154738 0.03725761503030611
20.281819999401346 0.011245380648148656 0.028445485159889206
20.314139999400123 0.014696450113716977 0.03718831361133601
20.3464599993989 0.011256995685401488 0.02847498785759628
20.378779999397675 0.014683076772306085 0.03715448600519755
20.412109999396414 0.01128644595923645 0.028549778648878643
20.44442999939519 0.014655627682524854 0.03708507097068825
20.476749999393967 0.011297203165362469 0.02857710258601376
20.509069999392743 0.014643149494882894 0.037053507361151095
20.54239999939148 0.011326630872572397 0.02865183628570911
20.574719999390258 0.014615673411486218 0.03698402402071421
20.607039999389034 0.011336562759401796 0.028677064036819466
20.63935999938781 0.014604057173203754 0.03695464043086405
20.671679999386587 0.011349736710665009 0.028710526034725348
20.705009999385325 0.01457657121926342 0.03688513208678357
20.7373299993841 0.011375089973109714 0.028774911583551166
20.769649999382878 0.01456578472773706 0.03685784707364581
20.801969999381654 0.01138740629899473 0.02880619534143536
20.835299999380393 0.01453830526049178 0.036788355090533464
20.86761999937917 0.01141280177779824 0.028870684049342454
20.899939999377946 0.01452831728698927 0.03676308967249797
20.932259999376722 0.011424306128007513 0.028899869824472457
20.96558999937546 0.014500859919696414 0.03669365353456966
20.997909999374237 0.01144975504392602 0.02896441970009489
21.030229999373013 0.014491640183107184 0.036670331129251554
21.06254999937179 0.01146046304649777 0.028991585341575643
21.094869999370566 0.014479399198746086 0.03663936821188818
21.128199999369304 0.011485920179302476 0.029056156256423993
21.16051999936808 0.01445573895453154 0.03657953486382315
21.192839999366857 0.011495861598347245 0.029081377266659825
21.225159999365633 0.014444296345047451 0.03655059116567383
21.25848999936437 0.011521311841551718 0.029145930893914596
21.290809999363148 0.014420599343136251 0.036490664814525786
21.323129999361925 0.011530515540262822 0.029169280491136984
21.3554499993607 0.01440992567615967 0.03646366589815653
21.38877999935944 0.011555944472353157 0.029233780240034424
21.421099999358216 0.01438620729461283 0.03640368543252892
21.453419999356992 0.011564438437886094 0.02925532941875364
21.48573999935577 0.014376274021994805 0.036378559096073015
21.518059999354545 0.011575727170617172 0.029283968093396506
21.551389999353283 0.014352548955553737 0.0363185616782391
21.58370999935206 0.011597643668638602 0.029339557978835806
21.616029999350836 0.014343328389813408 0.036295237899264254
21.648349999349612 0.011608194757072959 0.029366325432789164
21.68167999934835 0.014319610674744089 0.03623525902523017
21.713999999347127 0.01163014442060824 0.029421999620216077
21.746319999345904 0.01431107596593604 0.0362136698970561
21.77863999934468 0.011639985068566085 0.02944696486172349
21.811969999343418 0.01428737899990347 0.03615374344814182
21.844289999342195 0.011661953694136012 0.029502687314519882
21.87660999934097 0.014279504114325658 0.0361338231287367
21.908929999339747 0.011671110288178261 0.02952591727825027
21.941249999338524 0.01426902801498471 0.036107324513257044
21.974579999337262 0.01169308430266466 0.02958165356095055
22.00689999933604 0.014248600375019568 0.0360556660811584
22.039219999334815 0.011701582433628791 0.029603213164719477
22.07153999933359 0.01423881010475556 0.036030902034001056
22.10486999933233 0.011723548873237967 0.029658930384834914
22.137189999331106 0.014218352464376074 0.03597916768386389
22.169509999329883 0.011731413358345556 0.029678882582095945
22.20182999932866 0.014209222717498745 0.03595607420459057
22.235159999327397 0.011753359849733802 0.029734549347770756
22.267479999326174 0.014188750374338291 0.035904297313471556
22.29979999932495 0.011760614750864345 0.029752955177497764
22.332119999323726 0.01418026430626528 0.03588281232409507
22.364439999322503 0.011770275887471577 0.02977746489553068
22.39776999932124 0.014159804265818612 0.035831024783328225
22.430089999320018 0.011789198137050993 0.029825460182442143
22.462409999318794 0.014151929815192412 0.03581108807885203
22.49472999931757 0.011798225605302474 0.02984836243761224
22.52805999931631 0.014131477619723498 0.03575932034838303
22.560379999315085 0.01181717488012034 0.029896426418507538
22.59269999931386 0.01412419172308448 0.03574087354732969
22.625019999312638 0.011825592070528978 0.02991778054568517
22.657339999311414 0.014114623453037677 0.03571664951940168
22.690669999310153 0.011844556180628688 0.029965882293203627
22.72298999930893 0.014097039152458928 0.035672141191278595
22.755309999307705 0.01185238578063576 0.029985745844940404
22.787629999306482 0.014088081904010567 0.035649463931664016
22.82095999930522 0.011871353078375823 0.030033855808409005
22.853279999303997 0.01407046137860513 0.035604863862015446
22.885599999302773 0.011878617090672509 0.030052284597970047
22.91791999930155 0.01406209274178619 0.03558367664181494
22.951249999300288 0.011897576452079962 0.03010037455569714
22.983569999299064 0.014044447827764548 0.03553901479204091
23.01588999929784 0.01190429621392492 0.030117422710873587
23.048209999296617 0.014036646064394639 0.03551926258343885
23.080529999295393 0.011913129207412948 0.030139831480735513
23.11385999929413 0.014018988077338985 0.035474567595350504
23.146179999292908 0.011929433222121323 0.030181185727173876
23.178499999291684 0.01401173210278083 0.03545619702548519
23.21081999929046 0.011937701137586165 0.030202161029446728
23.2441499992892 0.013994071855829895 0.035411496270099097
23.276469999287976 0.011954038045681474 0.030243598833756824
23.308789999286752 0.013987341221594217 0.03539445557594334
23.34110999928553 0.011961761615961108 0.030263193261614862
23.374439999284267 0.013969689040183725 0.03534977518948601
23.406759999283043 0.011978120474551929 0.030304686861748475
23.43907999928182 0.013963463917116158 0.03533401417623594
23.471399999280596 0.011985319811660261 0.03032295143425845
23.503719999279372 0.01395527371423714 0.03531327907048132
23.53704999927811 0.012001690160130961 0.03036447429124456
23.569369999276887 0.013940090817234845 0.035274849101341044
23.601689999275663 0.01200838477063858 0.030381458490391644
23.63400999927444 0.01393242551429169 0.03525544274832759
23.667339999273178 0.012024756612950981 0.030422985242983813
23.699659999271955 0.013917212682085619 0.03521693695992534
23.73197999927073 0.01203096541507426 0.030438737059779175
23.764299999269507 0.013910053010507252 0.03519881058429153
23.797629999268246 0.012047329206380812 0.03048024349278089
23.829949999267022 0.01389482040217014 0.035160254692379045
23.8622699992658 0.01205307054508843 0.030494809463232908
23.894589999264575 0.013888147671821317 0.035143360982548
23.92690999926335 0.01206063134369276 0.030513990830938198
23.96023999926209 0.013872904998138579 0.035104779567485256
23.992559999260866 0.012074708837889577 0.03054969770919236
24.024879999259642 0.013866701080266405 0.03508907263232164
24.05719999925842 0.012081784199981932 0.030567647638568562
24.090529999257157 0.013851457619682876 0.0350504891807657
24.122849999255934 0.012095888850425522 0.030603423500652482
24.15516999925471 0.013845704933264293 0.03503592451610249
24.187489999253486 0.012102496602704198 0.030620187213425965
24.220819999252225 0.013830469546324676 0.03499736145687882
24.253139999251 0.012116619018317138 0.03065600823382031
24.285459999249777 0.013825151042945846 0.03498389590630424
24.317779999248554 0.01212277645308869 0.030671629595668826
24.35009999924733 0.013818140645052327 0.03496614775312379
24.38342999924607 0.012136907656319794 0.030707472998503516
24.415749999244845 0.013805031334887993 0.034932966363909745
24.44806999924362 0.012142631545466787 0.030721994555626964
24.480389999242398 0.013798471851775681 0.034916359673253794
24.513719999241136 0.012156762958449014 0.030757838578621133
24.546039999239913 0.013785337847692293 0.034883115734185566
24.57835999923869 0.012162069567574053 0.03077130159124808
24.610679999237465 0.013779212712200815 0.03486760856836746
24.644009999236204 0.01217619300068905 0.030807125457055218
24.67632999923498 0.013766062732770454 0.034834324149135565
24.708649999233756 0.012181098101904297 0.030819569935602864
24.740969999232533 0.013760355874667859 0.03481987582923951
24.77328999923131 0.012187569729327913 0.030835988190847097
24.806619999230048 0.013747198254585266 0.034786572027045715
24.838939999228824 0.012199724626205189 0.03086681855444251
24.8712599992276 0.013741894087430852 0.03477314309641155
24.903579999226377 0.012205779236090014 0.030882178932700732
24.936909999225115 0.013728736788109347 0.03473984006479025
24.96922999922389 0.01221795651172077 0.03091306614475542
25.001549999222668 0.013723820196029742 0.03472739226045851
25.033869999221444 0.012223609432157535 0.030927407529546258
25.067199999220183 0.013710670819640842 0.03469410924276106
25.09951999921896 0.012235801027191668 0.030958331142538764
25.131839999217735 0.013706127145583625 0.034682605461533456
25.164159999216512 0.012241067125751357 0.030971691248782296
25.19647999921529 0.013700126784045509 0.034667414438316335
25.229809999214027 0.012253271291583136 0.031002631716903206
25.262129999212803 0.013688807979511664 0.034638765090411194
25.29444999921158 0.012258170434067576 0.031015047126725648
25.326769999210356 0.013683194974182614 0.03462455463401071
25.360099999209094 0.01227038148543193 0.0310459857760903
25.39241999920787 0.013671855838770893 0.03459585378370322
25.424739999206647 0.012274921812511512 0.0310574919641593
25.457059999205423 0.013666615945378331 0.034582587836851086
25.49038999920416 0.01228712508246717 0.031088410967927693
25.522709999202938 0.013655263961257475 0.034553854424279606
25.555029999201714 0.01229132017065565 0.03109904233621341
25.58734999920049 0.013650383362754972 0.03454149801054296
25.619669999199267 0.012296865512694759 0.03111309505217097
25.652999999198006 0.013639025681713789 0.03451275013813815
25.685319999196782 0.012307371957432197 0.031139714580208366
25.71763999919556 0.01363449097712017 0.03450126933484121
25.749959999194335 0.012312558661422342 0.031152858525973492
25.783289999193073 0.01362313443151487 0.03447252429875647
25.81560999919185 0.01232308353221876 0.031179524810320824
25.847929999190626 0.01361893262472926 0.03446188620850332
25.880249999189402 0.012327924791630637 0.031191793415674685
25.91357999918814 0.013607583737565586 0.03443316051982004
25.945899999186917 0.012338461163438234 0.031218488906403774
25.978219999185693 0.013603702226599164 0.03442333324129576
26.01053999918447 0.012342969776158128 0.031229914600638953
26.042859999183246 0.013598566537614896 0.034410331318102116
26.076189999181985 0.012353511030523663 0.031256622526099065
26.10850999918076 0.013588793789150101 0.03438559526209861
26.140829999179537 0.012357699409542273 0.031267236762400064
26.173149999178314 0.013583990855460911 0.034373435686541054
26.206479999177052 0.012368239222664232 0.03129394109728789
26.23879999917583 0.013574201402430992 0.034348657310900865
26.271119999174605 0.012372119404948352 0.03130377437652321
26.30343999917338 0.013569718976977495 0.034337309081211576
26.33676999917212 0.012382651741381137 0.03133045982548488
26.369089999170896 0.013559919240821141 0.03431250464054347
26.401409999169672 0.012386235398805187 0.03133954172261921
26.43372999916845 0.013555745443243292 0.0343019376827014
26.466049999167225 0.012390981600311768 0.03135156933480321
26.499379999165964 0.013545941561664276 0.03427712271395489
26.53169999916474 0.012400052947534771 0.031374552879326334
26.564019999163516 0.013542064870275924 0.03426730786193488
26.596339999162293 0.01240449106190214 0.031385799812955195
26.62966999916103 0.013532262706267978 0.034242497206171674
26.661989999159807 0.0124135775310712 0.031408821730483094
26.694309999158584 0.013528671947369501 0.03423340617657589
26.72662999915736 0.01241771890240233 0.031419316730851854
26.7599599991561 0.013518877097853162 0.034208614002029236
26.792279999154875 0.012426814549981272 0.03144236195978811
26.82459999915365 0.013515561436804664 0.03420021936730855
26.856919999152428 0.012430670182644953 0.03145213291091409
26.889239999151204 0.013511165954825424 0.03418909142679505
26.922569999149943 0.012439769328503571 0.03147518705610697
26.95488999914872 0.013502728173706244 0.0341677343594915
26.987209999147495 0.012443349894105456 0.03148426099872648
27.019529999146272 0.013498618541630782 0.0341573300282505
27.05285999914501 0.012452447113131461 0.031507310312728354
27.085179999143786 0.013490167066984582 0.03413593826623318
27.117499999142563 0.012455762960979222 0.031515713471041984
27.14981999914134 0.01348633275397304 0.034126230886288855
27.183149999140078 0.012464853073585762 0.03153874482784147
27.215469999138854 0.013477873096532351 0.034104818379476765
27.24778999913763 0.012467914239397415 0.031546502631873974
27.280109999136407 0.013474303888811308 0.03409578209655484
27.312429999135183 0.01247197633340364 0.031556796636766915
27.34575999913392 0.013465841315442317 0.034074362177449746
27.378079999132698 0.01247980851769905 0.03157664061315124
27.410399999131474 0.013462527306416552 0.034065971914021276
27.44271999913025 0.012483605951662242 0.031586263980698526
27.47604999912899 0.013454066848595961 0.03404455731873535
27.508369999127765 0.012491450515921605 0.031606139373141495
27.540689999126542 0.01345099843176716 0.03403678875756322
27.57300999912532 0.012494993043857415 0.03161511682084894
27.606339999124057 0.013442544891508618 0.03401539164193945
27.638659999122833 0.012502844888174892 0.0316350107041008
27.67097999912161 0.013439712751232537 0.03400822120110947
27.703299999120386 0.01250614197122183 0.03164336620483654
27.735619999119162 0.013435950909096824 0.03399869744222794
27.7689499991179 0.012513996220932938 0.031663266227233144
27.801269999116677 0.01342866581547996 0.03398025798211357
27.833589999115453 0.012517057034681305 0.031671023030854784
27.86590999911423 0.01342514952850132 0.03397135582901001
27.899239999112968 0.012524909034372568 0.03169091739549934
27.931559999111744 0.013417853237448577 0.03395288799618035
27.96387999911052 0.012527742477501304 0.03169809805005919
27.996199999109297 0.013414573451619928 0.03394458452893323
28.029529999108036 0.012535587783750853 0.031717975495582085
28.061849999106812 0.013407270692916386 0.03392610029582244
28.09416999910559 0.012538202483820739 0.031724601862581636
28.126489999104365 0.013404218625359676 0.033918373281505154
28.15880999910314 0.012541678962712152 0.03173341184533607
28.19213999910188 0.013396913918897977 0.03389988409036038
28.224459999100656 0.01254844117903354 0.03175054492201568
28.256779999099432 0.013394081052875659 0.033892711971550415
28.28909999909821 0.012551690304794728 0.03175877880221556
28.322429999096947 0.013386778715062294 0.03387422874812085
28.354749999095723 0.012558462630244543 0.03177593753291852
28.3870699990945 0.01338415679125005 0.03386759061579925
28.419389999093276 0.012561492789248119 0.03178361655978845
28.452719999092015 0.013376860942555956 0.03384912379101879
28.48503999909079 0.012568270846966375 0.03180078985385304
28.517359999089567 0.013374441951796788 0.03384299937239099
28.549679999088344 0.012571090174258448 0.031807934641558955
28.58199999908712 0.013371222508410755 0.033834848796643335
28.61532999908586 0.012577869780821708 0.031825111896799374
28.647649999084635 0.013364932700808761 0.033818928535556125
28.67996999908341 0.012580486165604917 0.03183174243557296
28.712289999082188 0.013361924196700811 0.03381131193748166
28.745619999080926 0.01258726332718114 0.03184891353147368
28.777939999079702 0.013355625258949249 0.03379536853908016
28.81025999907848 0.012589684419839594 0.03185504920669713
28.842579999077255 0.0133528199099655 0.033788266213996554
28.875909999075994 0.012596455322878687 0.03187220447952166
28.90822999907477 0.013346515900393199 0.03377230995197378
28.940549999073546 0.012598688541163675 0.03187786408778148
28.972869999072323 0.013343906155533013 0.033765702785582
29.0051899990711 0.012601663732658312 0.03188540374061688
29.038519999069837 0.013337600953057603 0.0337497434798939
29.070839999068614 0.012607502085142648 0.031900196087009114
29.10315999906739 0.013335179488957306 0.033743612933312406
29.135479999066167 0.012610281972646865 0.03190724084739527
29.168809999064905 0.01332887679682676 0.03372765995703908
29.20112999906368 0.012616128555346245 0.03192205408089066
29.233449999062458 0.013326636512208605 0.033721988055324115
29.265769999061234 0.012618720349643944 0.03192862222061166
29.29808999906001 0.013323693247975114 0.03371453672562641
29.33141999905875 0.01262457140705852 0.03194344682428962
29.363739999057525 0.013318273876274794 0.0337008196738986
29.396059999056302 0.012626982101973352 0.03194955606498073
29.42837999905508 0.013315518715014855 0.03369384451306079
29.461709999053816 0.012632834044366902 0.03196438294271742
29.494029999052593 0.013310088277136931 0.033680099426169896
29.52634999905137 0.012635070423847887 0.03197005047400614
29.558669999050146 0.013307514319316205 0.033673582967830296
29.591999999048884 0.012640919823273054 0.031984870938250864
29.62431999904766 0.013302076458574338 0.03365981906899851
29.656639999046437 0.012642988464080086 0.03199011342573943
29.688959999045213 0.013299677009957073 0.03365374436850033
29.72127999904399 0.012645708729893464 0.03199700702875008
29.754609999042728 0.013294235210085166 0.033639970476595504
29.786929999041504 0.012650739329742727 0.03200975279311624
29.81924999904028 0.013292003779313756 0.033634321101239095
29.851569999039057 0.012653285432427124 0.0320162050725048
29.884899999037795 0.013286561368909468 0.03362054564065575
29.917219999036572 0.01265832608366836 0.032028976333808856
29.94953999903535 0.013284491659210548 0.03361530565130222
29.981859999034125 0.012660704414088543 0.03203500348568644
30.015189999032863 0.01327905181621651 0.03360153666849275
30.04750999903164 0.012665751744691934 0.032047791699707506
30.079829999030416 0.013277137722649839 0.033596690611370494
30.112149999029192 0.012667968503299784 0.0320534094346292
30.14446999902797 0.013274618375311529 0.03359031249585698
30.177799999026707 0.012673019289413744 0.03206620643172453
30.210119999025483 0.013269939082340913 0.03357846867262371
30.24243999902426 0.01267508048929574 0.032071429986557654
30.274759999023036 0.013267581325375631 0.033572499610179385
30.308089999021774 0.01268013165189951 0.032084227963669054
30.34040999902055 0.013262892892948309 0.03356063263252329
30.372729999019327 0.012682043125536446 0.032089072117769124
30.405049999018104 0.013260690793942312 0.03355505760695987
30.438379999016842 0.012687091722262 0.032101863618971826
30.47069999901562 0.013255996347849883 0.03354317538580842
30.503019999014395 0.012688859124196141 0.032106342699311785
30.53533999901317 0.013253944151513252 0.03353797982800222
30.567659999011948 0.01269118756524961 0.032112243363979776
30.600989999010686 0.013249246682025864 0.03352608993467676
30.633309999009462 0.012695531162819197 0.03212324851670223
30.66562999900824 0.013247338806746112 0.03352125971536335
30.697949999007015 0.012697709988232882 0.032128770061135015
30.731279999005753 0.013242641169241811 0.03350936937672744
30.76359999900453 0.01270206188050443 0.03213979625500407
30.795919999003306 0.01324087220187393 0.033504890793178976
30.828239999002083 0.012704096584971382 0.03214495260259742
30.86156999900082 0.013236177124005929 0.03349300691515289
30.893889998999597 0.012708453877980733 0.03215599250532275
30.926209998998374 0.013234541814658888 0.03348886667816631
30.95852999899715 0.012710349792977875 0.03216079716533704
30.990849998995927 0.013232385392320353 0.03348340736484268
31.024179998994665 0.012714709720149946 0.032171843765371744
31.05649999899344 0.013228345157907431 0.033473181074528124
31.088819998992218 0.012716472015889222 0.032176309839027084
31.121139998990994 0.013226327550439683 0.033468073160014544
31.154469998989732 0.012720831934633466 0.03218735644027193
31.18678999898851 0.013222279780209342 0.03345782777636197
31.219109998987285 0.012722465625013743 0.03219149663182819
31.25142999898606 0.01322039588583466 0.033453058346033515
31.2847599989848 0.012726823011077054 0.03220253683720031
31.317079998983576 0.013216343263702338 0.03344280066327476
31.349399998982353 0.012728332958468326 0.03220636346790151
31.38171999898113 0.013214588134425161 0.033438357192328017
31.414039998979906 0.012730325951314854 0.032211414058147536
31.447369998978644 0.013210533225659148 0.03342809370426858
31.47968999897742 0.01273407632363712 0.032220916193892446
31.512009998976197 0.013208902062094127 0.03342396404405479
31.544329998974973 0.012735940788420684 0.03222564109883752
31.57765999897371 0.01320484731662866 0.03341370095203411
31.609979998972488 0.012739697992654916 0.03223516056599651
31.642299998971264 0.013203335465209912 0.03340987332195455
31.67461999897004 0.012741438654908835 0.03223957176021752
31.70794999896878 0.013199283223925412 0.03339961655235424
31.740269998967555 0.012745200207727674 0.03224910226599098
31.772589998966332 0.013197886170956345 0.03339607952703716
31.80490999896511 0.0127468216507101 0.0322532113631091
31.837229998963885 0.013196040449442987 0.033391406801397405
31.870559998962623 0.012750585178252798 0.03226274689211994
31.9028799989614 0.013192552035977103 0.03338257723383142
31.935199998960176 0.012752091847833947 0.032266565156369165
31.967519998958952 0.01319082556205348 0.03337820637323574
32.00084999895799 0.012755855081823808 0.032276099960137916
32.03316999896825 0.013187330947810435 0.0333693610937047
32.06548999897851 0.01275725128822253 0.03227963831406999
32.097809998988765 0.013185719336231909 0.03336528099806557
32.131139998999345 0.012761012063574776 0.032289166906218636
32.1634599990096 0.013182220823496071 0.03335642583498499
32.19577999901986 0.012762301988096216 0.03229243594521369
32.22809999903012 0.013180719819729807 0.033352625734983654
32.26041999904038 0.01276400780581971 0.03229675878996252
32.29374999905096 0.013177219610514823 0.03334376626239477
