0.001020000000000002 0.4775025698646752 1.191399686509742
0.07879000000000215 0.2617529570254886 0.685154296764412
0.15959000000001883 0.4517462167633202 1.1426552522928457
0.2363500000000956 0.2527955465339706 0.6536910510007599
0.3161400000001754 0.43648375670750006 1.1004209641294782
0.39391000000025317 0.24222881397279483 0.6302743614283401
0.47269000000033196 0.4228515927103661 1.0620652205974968
0.551470000000125 0.23206158082771322 0.6068430836359995
0.6302499999997665 0.4094881497942631 1.026582878171356
0.7080199999994126 0.22289319460472778 0.5843508456302104
0.786799999999054 0.39755364340842025 0.9953846873230421
0.8655799999986955 0.21360906116988 0.5614719029056081
0.944359999998337 0.38584616809442485 0.9647303596885037
1.0221299999982287 0.2050580791986277 0.5404773451714306
1.1009099999987448 0.3754142077973095 0.9373795110306893
1.179689999999261 0.19629996768951297 0.5188827022031051
1.2574599999997704 0.3654967304856549 0.9114515558146907
1.3362400000002865 0.18834393556323237 0.4992195994019899
1.4150200000008026 0.3556434447434058 0.8857711003146695
1.4927900000013121 0.18059430578008162 0.4800122858386602
1.5715700000018282 0.3467667798741543 0.8626481689960164
1.6503500000023443 0.1726356655135468 0.46022864237722505
1.7281200000028538 0.33826834957181107 0.840543974027752
1.80690000000337 0.1654265366970199 0.44229535838913314
1.8846700000038794 0.33012020427177124 0.8193788161448334
1.9634500000043955 0.15841598039522486 0.42482723267427414
2.0422300000049116 0.32194678997622705 0.7981846717084351
2.120000000005421 0.1516039584321044 0.40783143224844
2.198780000005937 0.314514273535072 0.7789111961189588
2.2765500000064467 0.1449888827158855 0.39131035120374413
2.355330000006963 0.3073552474703102 0.7603601032454055
2.434110000007479 0.13824203685355674 0.37444222291171947
2.5118800000079884 0.30045558383643967 0.7424929971251437
2.5906600000085045 0.13208033797785979 0.35902944279994076
2.668430000009014 0.293802418051497 0.7252755137113653
2.74721000000953 0.12609495740604926 0.34404405813356354
2.825990000010046 0.2870563240111276 0.7078384627706047
2.9037600000105557 0.12028188502521554 0.32947770278320965
2.982540000011072 0.28091816074111264 0.6919723655615329
3.0603100000115813 0.11463702145804967 0.315322081085867
3.1390900000120974 0.2749864312526831 0.6766478251054697
3.216860000012607 0.10915641999137006 0.301569313965544
3.295640000013123 0.26925180650128155 0.6618387002733317
3.374420000013639 0.10353573142910799 0.2874472051413224
3.4521900000141486 0.2637029693089772 0.647515419205924
3.5309700000146647 0.09841514920323391 0.2745839837106967
3.608740000015174 0.2583306507601729 0.633652108029692
3.6875200000156902 0.09344109256521638 0.2620845790321069
3.7652900000161997 0.2531269409832061 0.620227405553353
3.844070000016716 0.08860927228217441 0.24993901261081142
3.9218400000172253 0.24808377205093943 0.6072195426110816
4.0006200000177135 0.08391545783021792 0.23813700930420678
4.079400000014731 0.2429272158378445 0.593944636438215
4.157170000011787 0.0793558328341073 0.22666953305668924
4.235950000008804 0.23821822334079587 0.5818025697735707
4.31372000000586 0.07492688641483092 0.21552802601229049
4.392500000002878 0.23364937724819546 0.5700237571257927
4.470269999999934 0.07062514455741964 0.2047040089590224
4.549049999996951 0.22921571259228768 0.5585954283883754
4.626819999994007 0.06644699281112953 0.19418879760227936
4.7055999999910245 0.2249135499134408 0.5475086585285505
4.78336999998808 0.06238852544271789 0.18397254062766377
4.862149999985098 0.2207394455501126 0.5367554135924602
4.939919999982154 0.05844613389994136 0.17404567434574636
5.018699999979171 0.2166897939325612 0.5263258701878049
5.097479999976189 0.054406901063959616 0.1638570204946843
5.175249999973245 0.21276127032444414 0.5162107702836871
5.254029999970262 0.05070747965029332 0.15453635275858302
5.331799999967318 0.20894990095142552 0.5064017943304133
5.410579999964336 0.04711277860498697 0.14547613917296198
5.488349999961391 0.20525233208199323 0.4968903050984741
5.567129999958409 0.04361994710869077 0.13666915662463586
5.644899999955465 0.20166459872568687 0.48766550044502255
5.723679999952482 0.04022599026759199 0.12810831268575962
5.801449999949538 0.1981831273323317 0.4787174579557796
5.880229999946556 0.0369280696076586 0.11978692638878741
5.9579999999436115 0.19480453077603366 0.4700370400078313
6.036779999940629 0.03372362843649157 0.11169887660408273
6.114549999937685 0.1915254301592223 0.46161507794513224
6.1933299999347025 0.030610090900003217 0.10383807400544676
6.27210999993172 0.18816454201635413 0.45299521230971473
6.349879999928776 0.02762942840282645 0.096198320067864
6.428659999925793 0.18508747491922783 0.4450945158449793
6.506429999922849 0.024868563744002366 0.08877329856059601
6.585209999919867 0.18209815854938605 0.4374199620868935
6.662979999916923 0.022259348922844535 0.08155654023973558
6.74175999991394 0.17919345219493255 0.42996312650244173
6.819529999910996 0.019833439695521538 0.07454164910184469
6.8983099999080135 0.1763702602833993 0.422715757850467
6.976079999905069 0.017612483017962255 0.06772225458911985
7.054859999902087 0.1736255772939147 0.4156698586641583
7.132629999899143 0.015583645733875716 0.06109190093737116
7.21140999989616 0.17095774495866367 0.4088188210597199
7.289179999893216 0.013761102459642571 0.054644018586891274
7.367959999890234 0.16836390135564805 0.4021578416419369
7.4457299998872895 0.012161904848964955 0.04837234719899941
7.524509999884307 0.16584200317843523 0.39568217607353073
7.602279999881363 0.010785607350323856 0.042271107909741534
7.68105999987838 0.1633899821768693 0.38938669593584496
7.758829999875436 0.00966549808487338 0.03633492496365465
7.837609999872454 0.16100581510137835 0.38326624688944655
7.916389999869471 0.008791463491472862 0.03022825008083263
7.994159999866527 0.15868767554609498 0.3773162088467785
8.072939999863545 0.008287116502897374 0.02463182412734133
8.1507099998606 0.15643382293788877 0.3715322423063494
8.229489999857618 0.008097303069113937 0.01918481085814161
8.307259999854674 0.15424254851014074 0.3659100829357165
8.386039999851691 0.00825075202492287 0.013882881892701704
8.463809999848747 0.15211207021204476 0.3604451574742318
8.542589999845765 0.008801494485367711 0.00872204957227396
8.62035999984282 0.15004047663720088 0.35513237242580376
8.699139999839838 0.009844486170020428 0.0036985164411973415
8.776909999836894 0.1480262196811568 0.3499676787673267
8.855689999833912 0.011506069977532452 0.0011914469197793487
8.933459999830967 0.1460679484096148 0.34494770133908226
9.012239999827985 0.013372467278612965 0.005951380643576254
9.09000999982504 0.144164212986037 0.3400687920259715
9.168789999822058 0.015188586461804434 0.010584606972796617
9.246559999819114 0.14231347679399275 0.3353269714078899
9.325339999816132 0.01695628691940254 0.015094179395236385
9.403109999813188 0.14051430357984307 0.330718373235106
9.481889999810205 0.018677838446223727 0.01948278934023051
9.559659999807261 0.13876533223532994 0.32623921059756755
9.638439999804278 0.02035245936083685 0.02375286274179933
9.717219999801296 0.1369748755569229 0.3216535172423485
9.794989999798352 0.021981121451190355 0.027906639146890733
9.87376999979537 0.13533025156252 0.31744095763127644
9.951539999792425 0.023564673454227414 0.03194609754163524
10.030319999789443 0.1337321881618091 0.313348118260226
10.108089999786499 0.02510400487970954 0.03587333350258959
10.186869999783516 0.1321795724280901 0.3093720114790921
10.264639999780572 0.026600065057778007 0.039690601027853045
10.34341999977759 0.1306712602055824 0.30550957719368554
10.421189999774645 0.028053840508513225 0.04340025581345275
10.499969999771663 0.129206070100927 0.3017576553629553
10.577739999768719 0.029466344343449857 0.04700472806493661
10.656519999765736 0.12778278155747236 0.29811296523982733
10.734289999762792 0.030839087678232846 0.050506511543302324
10.81306999975981 0.12640020827283382 0.29457235143588445
10.890839999756865 0.032173818782910035 0.05390824234966507
10.969619999753883 0.12505719094482848 0.291132800296956
11.047389999750939 0.03347050778554006 0.0572128643521741
11.126169999747956 0.12375258905678754 0.28779143269953567
11.203939999745012 0.0347303478007136 0.06042348010191212
11.28271999974203 0.12248528046944052 0.2845454751509102
11.360489999739086 0.03595448129601175 0.06354308154460364
11.439269999736103 0.1212541593825718 0.2813921889269433
11.51804999973312 0.03721074197925467 0.0667455130681116
11.595819999730177 0.12005813444770985 0.2783288585743171
11.674599999727194 0.03836221127464934 0.06968006716173702
11.75236999972425 0.11889610570522124 0.27535273563711327
11.831149999721267 0.03948141698967156 0.07253248074982066
11.908919999718323 0.11776699380114575 0.2724611040302305
11.98769999971534 0.040569485172902486 0.0753056717950118
12.065469999712397 0.11666975110394817 0.2696513238796383
12.144249999709414 0.04162748175273823 0.07800242445152872
12.22201999970647 0.1156033645065715 0.2669208606991158
12.300799999703488 0.04265635950847835 0.08062523045833103
12.378569999700543 0.11456687384477972 0.264267289007758
12.457349999697561 0.04365700167944486 0.0831763726571566
12.535119999694617 0.11355937159221663 0.261688291038753
12.613899999691634 0.04463023866813265 0.08565797405064579
12.69166999968869 0.11257999570072641 0.2591816505575828
12.770449999685708 0.045576857912798974 0.08807203244167727
12.848219999682764 0.11162792267043131 0.2567452425781491
12.926999999679781 0.04649791040029838 0.09042044461955445
13.004769999676837 0.11070236183298743 0.25437702008496155
13.083549999673854 0.04739445005185938 0.09270502359948196
13.16131999967091 0.10980254998953864 0.2520750007369066
13.240099999667928 0.048266514675034955 0.09492750743012035
13.317869999664984 0.10892817489474282 0.24983724978239197
13.396649999662001 0.049114776530235105 0.09708956055810569
13.475429999659019 0.10802964752058464 0.24753909479159342
13.553199999656075 0.04993988692970264 0.09919278834872314
13.631979999653092 0.10720630736403358 0.24543208303080544
13.709749999650148 0.050742476749781606 0.10123874956687873
13.788529999647166 0.10640570652259941 0.24338340481453447
13.866299999644221 0.05152315762545634 0.10322896628730538
13.945079999641239 0.1056272019625788 0.2413913806101453
14.022849999638295 0.052282522600841985 0.1051649252934661
14.101629999635312 0.10487017312458746 0.2394543983090136
14.179399999632368 0.053021147304705196 0.10704807589740906
14.258179999629386 0.1041340203612866 0.23757090511511425
14.335949999626441 0.053739590701149975 0.10887982904138616
14.414729999623459 0.10341816367456669 0.23573940235491753
14.492499999620515 0.054438395497778964 0.11066155727265103
14.571279999617532 0.10272204174156518 0.2339584419504881
14.649049999614588 0.055118088440021196 0.1123945946596483
14.727829999611606 0.1020451112383196 0.23222662413573403
14.805599999608662 0.055779180456954965 0.11408023657883959
14.88437999960568 0.10138684646210572 0.2305425967375041
14.962149999602735 0.05642216635479535 0.11571973872007701
15.040929999599753 0.10074673919718312 0.2289050542776394
15.118699999596808 0.05704752318342976 0.1173143137492838
15.197479999593826 0.10012429931154765 0.22731273804894592
15.275249999590882 0.05765571629665745 0.11886514543961724
15.3540299995879 0.09951905184510601 0.2257644283052418
15.431799999584955 0.05824719838186998 0.12037338365367134
15.510579999581973 0.09893053377880034 0.22425893306139422
15.58935999957899 0.05885432305393557 0.12192185203826478
15.667129999576046 0.09835829005955254 0.22279507397761078
15.745909999573064 0.05941153165431846 0.12334268860929587
15.82367999957012 0.09780188517497346 0.2213717250403091
15.902459999567137 0.0599534069024692 0.12472441823112579
15.980229999564193 0.09726090249372266 0.21998781543827173
16.059009999561212 0.06048034681778158 0.12606805539819854
16.136779999558268 0.09673493474561579 0.21864230382881988
16.215559999555285 0.060992740393192364 0.12737459456385603
16.29332999955234 0.09622358421069277 0.21733417549928413
16.37210999954936 0.0614909687554962 0.12864501149338903
16.449879999546415 0.09572646267165519 0.2160624416260637
16.528659999543432 0.06197540511944688 0.1298802630587681
16.606429999540488 0.09524319126074576 0.2148261388954964
16.685209999537506 0.06244641468643741 0.13108128678562814
16.76297999953456 0.09477340042854632 0.21362432923051067
16.84175999953158 0.06290435463482624 0.13224900067627665
16.919529999528635 0.09431673003920038 0.21245609984171798
16.998309999525652 0.06334957418934917 0.13338430341394147
17.076079999522708 0.09387282972908417 0.21132056436675706
17.154859999519726 0.06378241468599444 0.1344880740418053
17.23262999951678 0.09344136052410545 0.21021686818826213
17.3114099995138 0.06420326799300402 0.13556117303855642
17.389179999510855 0.09302199273045375 0.20914417983959321
17.467959999507872 0.06461270272344255 0.13660444073083644
17.54673999950489 0.09259211868023232 0.2080451407296513
17.624509999501946 0.06501072332304603 0.13761868976416292
17.703289999498963 0.09219753922816243 0.20703596081195208
17.78105999949602 0.06539763699579348 0.1386047059824258
17.859839999493037 0.09181403929034249 0.2060551886748696
17.937609999490093 0.06577374360285937 0.1395632528474744
18.01638999948711 0.09144131796758947 0.20510205321903063
18.094159999484166 0.06613933565717667 0.14049507346579615
18.172939999481184 0.09107908133670428 0.2041758001120053
18.25070999947824 0.0664946983825111 0.14140089147094415
18.329489999475257 0.09072704245634 0.20327569208729024
18.407259999472313 0.06684010986956801 0.14228141156744645
18.48603999946933 0.09038492128323383 0.20240100879631573
18.563809999466386 0.06717584128314891 0.14313732055609707
18.642589999463404 0.09005244449686423 0.20155104648044153
18.72035999946046 0.06750215701188622 0.14396928734076164
18.799139999457477 0.08972934517591313 0.20072511716170416
18.876909999454533 0.06781931468404245 0.14477796207073013
18.95568999945155 0.08941536197298006 0.19992254579259683
19.033459999448606 0.06812756561422983 0.14556397822436118
19.112239999445624 0.08911023995477407 0.19914267301132105
19.19000999944268 0.06842715492109808 0.14632795362411466
19.268789999439697 0.08881373180503038 0.19838485998353583
19.347569999436715 0.06873454416502423 0.14711184707132396
19.42533999943377 0.08852559717474906 0.19764848719524553
19.504119999430788 0.069016388762134 0.14783064621045616
19.581889999427844 0.08824560237739709 0.19693295316127735
19.66066999942486 0.06929031955537512 0.14852929776776325
19.738439999421917 0.08797352015113313 0.1962376733754323
19.817219999418935 0.06955655494294988 0.14920835517091557
19.89498999941599 0.08770912944534415 0.19556207963101757
19.97376999941301 0.06981530754417431 0.14986835747807792
20.051539999410064 0.08745221523601132 0.1949056194625154
20.13031999940708 0.07006678433729419 0.150509829655876
20.208089999404137 0.08720256835898732 0.1942677556697303
20.286869999401155 0.07031118679460469 0.15113328289563244
20.36463999939821 0.08695998534841165 0.1936479658899204
20.44341999939523 0.0705487110189339 0.15173921494007203
20.521189999392284 0.08672426828657276 0.19304574221389315
20.5999699993893 0.07077954787246576 0.152328110392963
20.677739999386358 0.0864952246552192 0.19246059079968125
20.756519999383375 0.07100388311208061 0.15290044105040757
20.83428999938043 0.08627266719378757 0.1918920315054362
20.91306999937745 0.07122189751771069 0.15345666622395004
20.990839999374504 0.08605641375426798 0.19133959750754492
21.069619999371522 0.07143376702372373 0.15399723306506186
21.147389999368578 0.08584628715198472 0.19080283488408512
21.226169999365595 0.07163966285042234 0.15452257689404503
21.304949999362613 0.08563109591724893 0.19025332472973888
21.38271999935967 0.07183975163731082 0.15503312151218251
21.461499999356686 0.08543349597224137 0.18974859194315075
21.539269999353742 0.07203419558981894 0.15552927953108586
21.61804999935076 0.08524148419516431 0.18925815142207814
21.695819999347815 0.07222315273384161 0.15601145293044905
21.774599999344833 0.08505490325709619 0.1887816006851728
21.85236999934189 0.07240677695492215 0.15648003314815417
21.931149999338906 0.08487373142311816 0.18831854704609574
22.008919999335962 0.07258521763565218 0.15693540054685373
22.08769999933298 0.0846976856738435 0.18786860904750347
22.165469999330035 0.07275861980531428 0.15737792389228789
22.244249999327053 0.08452662095161567 0.18743141624537607
22.32201999932411 0.07292712438320836 0.1578079613763772
22.400799999321126 0.0843603970899861 0.187006608828999
22.478569999318182 0.07309086837124279 0.15822586130269656
22.5573499993152 0.08419887790345248 0.18659383727537282
22.635119999312256 0.07324998497206991 0.1586319623870236
22.713899999309273 0.08404193105740376 0.18619276204928648
22.79166999930633 0.07340460369488322 0.159026594041356
22.870449999303347 0.08388942794445942 0.18580305328750324
22.948219999300402 0.07355485045926002 0.15941007663631268
23.02699999929742 0.08374124357268908 0.1854243904915065
23.105779999294437 0.07370880937595181 0.159803011316062
23.183549999291493 0.08359725645810423 0.18505646223495598
23.26232999928851 0.07385011018378185 0.160163677010694
23.340099999285567 0.0834573485204062 0.18469896588459989
23.418879999282584 0.07398742189233387 0.16051416838012145
23.49664999927964 0.08332140498448204 0.18435160733455414
23.575429999276658 0.07412085606146757 0.16085476946617883
23.653199999273713 0.08318931428522636 0.18401410075734592
23.73197999927073 0.07425052117295561 0.16118575651346
23.809749999267787 0.08306096797590601 0.1836861683587543
23.888529999264804 0.0743765227126143 0.16150739817313298
23.96629999926186 0.08293626064045212 0.18336754014737222
24.045079999258878 0.0744989632521541 0.1618199557055111
24.122849999255934 0.08281508980570274 0.1830579537037913
24.20162999925295 0.07461794252983545 0.16212368318235804
24.279399999250007 0.08269735586117632 0.18275715396930403
24.358179999247024 0.07473355752738475 0.16241882767509264
24.43594999924408 0.08258296197963655 0.18246489303832547
24.514729999241098 0.07484590254372692 0.16270562944599165
24.592499999238154 0.08247181403621429 0.1821809299512367
24.67127999923517 0.07495506926947071 0.16298432213021075
24.749049999232227 0.08236382053709679 0.1819050305012615
24.827829999229245 0.0750611468553718 0.16325513290711413
24.906609999226262 0.08225312609291924 0.1816223023749841
24.984379999223318 0.07516422198517902 0.16351828268553747
25.063159999220336 0.08215158579784487 0.18136289532090233
25.14092999921739 0.07526437893955107 0.1637739862655363
25.21970999921441 0.08205292195568148 0.18111084059062588
25.297479999211465 0.07536169966397455 0.164022452505741
25.376259999208482 0.08195705359688688 0.18086593097368375
25.454029999205538 0.07545626383150361 0.1642638844870925
25.532809999202556 0.08186390200949523 0.18062796505583512
25.61057999919961 0.07554814890355166 0.16449847966349962
25.68935999919663 0.08177339067677603 0.18039674705468967
25.767129999193685 0.07563743019403801 0.16472643002872767
25.845909999190702 0.0816854452181951 0.18017208666650797
25.92367999918776 0.07572418092327782 0.16494792224551746
26.002459999184776 0.08159999332779566 0.17995379890444196
26.08022999918183 0.07580847228090737 0.16516313781242964
26.15900999917885 0.08151696471771064 0.17974170395761435
26.236779999175905 0.07589037347727479 0.16537225318877802
26.315559999172923 0.08143629106075279 0.1795356270423487
26.39332999916998 0.0759699518005037 0.16557543994196733
26.472109999166996 0.08135790593870129 0.17933539826542333
26.54987999916405 0.07604727267084077 0.165772864880942
26.62865999916107 0.08128174478678662 0.17914085248608158
26.707439999158087 0.07612655798492485 0.1659752787592783
26.785209999155143 0.0812077448392492 0.17895182916946029
26.86398999915216 0.07619925932066174 0.16616091270462707
26.941759999149216 0.0811358450795644 0.1787681722615675
27.020539999146234 0.07626990212370288 0.16634129213886073
27.09830999914329 0.08106598619297845 0.1785897300664585
27.177089999140307 0.07633854431834508 0.16651656477680854
27.254859999137363 0.08099811052561223 0.17841635513941023
27.33363999913438 0.07640524221548584 0.16668687422007888
27.411409999131436 0.08093216203595321 0.17824790416320901
27.490189999128454 0.07647005056237066 0.16685236008158189
27.56795999912551 0.08086808625222719 0.17808423784073657
27.646739999122527 0.07653302258184391 0.16701315808885786
27.724509999119583 0.08080583022366916 0.17792522076852668
27.8032899991166 0.07659421001848321 0.16716940020516935
27.881059999113656 0.0807453424793988 0.17777072132965088
27.959839999110674 0.07665366318006117 0.16732121472186057
28.03760999910773 0.08068657297813286 0.17762061156815223
28.116389999104747 0.07671143097484867 0.16746872635898802
28.194159999101803 0.08062947305653123 0.17747476705743948
28.27293999909882 0.0767675609639975 0.16761205643049948
28.350709999095876 0.08057399542433252 0.17733306688595407
28.429489999092894 0.07682209938431228 0.16775132290134387
28.50826999908991 0.08051709002365282 0.17718775062026682
28.586039999086967 0.07687509117653002 0.16788664045379598
28.664819999083985 0.0804649316380841 0.1770545285859737
28.74258999908104 0.07692658001885322 0.16801812056491672
28.82136999907806 0.08041425195549567 0.17692508394687723
28.899139999075114 0.07697660836269626 0.1681458715930506
28.97791999907213 0.08036500919168865 0.1767993099272891
29.055689999069187 0.07702521746768876 0.16826999885639626
29.134469999066205 0.080317162741254 0.17667710276834114
29.21223999906326 0.07707244743349939 0.16839060471738332
29.29101999906028 0.08027067314195857 0.17655836163790184
29.368789999057334 0.07711833723189965 0.16850778866340788
29.447569999054352 0.08022550204434342 0.17644298854594398
29.525339999051408 0.0771629247394029 0.16862164738523644
29.604119999048425 0.08018161217966535 0.17633088826984888
29.68188999904548 0.07720624676601862 0.16873227485443287
29.7606699990425 0.08013896732812087 0.17622196826713177
29.838439999039554 0.07724833908774775 0.16883976240509302
29.917219999036572 0.08009753229082583 0.17611613860641917
29.994989999033628 0.07728923647235741 0.16894419879723843
30.073769999030645 0.08005727286178232 0.17601331189305292
30.1515399990277 0.07732897270875572 0.16904567029391027
30.23031999902472 0.08001815579766125 0.17591340319426108
30.309099999021736 0.07736974811298869 0.1691497786155738
30.386869999018792 0.07998014879286963 0.17581632997347718
30.46564999901581 0.07740710791077732 0.16924518243632836
30.543419999012865 0.0799432204518925 0.1757220120194969
30.622199999009883 0.0774434092169477 0.1693378834397241
30.69996999900694 0.07990734026494795 0.1756303713869367
30.778749999003956 0.07747868190471852 0.16942795789575138
30.856519999001012 0.07987247858158353 0.17554133232575708
30.93529999899803 0.07751295500669564 0.16951547992666294
31.013069998995086 0.07983860658807418 0.17545482122277578
31.091849998992103 0.07754625673958349 0.16960052157335426
31.16961999898916 0.07980569628228917 0.17537076654133843
31.248399998986176 0.077578614527537 0.16968315285401658
31.326169998983232 0.07977372045207143 0.17528909876225462
31.40494999898025 0.07761005502274498 0.1697634418147298
31.482719998977306 0.07974265265335634 0.17520975032850883
31.561499998974323 0.0776406041296086 0.16984145459444377
31.63926999897138 0.07971246718701364 0.1751326555881061
31.718049998968397 0.0776702870236079 0.16991725547249592
31.795819998965452 0.07968313907959745 0.17505775074416752
31.87459999896247 0.07769912817151625 0.16999090691641738
31.952369998959526 0.07965464406151535 0.1749849737957221
32.03114999896761 0.07772715135269981 0.17006246964078597
32.10891999899229 0.07962695854920798 0.17491426449681713
32.1876999990173 0.07775437967702226 0.17013200265111328
32.2664799990423 0.0795986032739825 0.17484185876287528
32.34424999906699 0.07778083560410964 0.17019956329370478
32.423029999091995 0.0795725728166714 0.1747753763525317
32.50079999911668 0.07780654096209894 0.17026520730104577
32.579579999141686 0.07954728027477953 0.17471077872768248
32.65734999916637 0.07783151696462831 0.17032898883811987
32.73612999919138 0.0795227048001661 0.17464801263027407
32.81389999921606 0.07785578422862838 0.17039096054671798
32.89267999924107 0.07949882613371195 0.1745870263082261
32.97044999926575 0.07787936278895191 0.17045117358267525
33.04922999929076 0.0794756245859054 0.17452776946451642
33.126999999315444 0.07790227211818568 0.17050967766540914
33.20577999934045 0.07945308102159876 0.1744701932185233
33.283549999365135 0.07792453114047171 0.17056652111526738
33.36232999939014 0.07943117684567635 0.17441425006933242
33.44009999941483 0.0779461582459654 0.1706217508897545
33.51887999943983 0.07940989398568388 0.1743598938518609
