0.001020000000000002 0.23852555704481215 0.5954422250936897
0.05556000000000634 0.12945529336677264 0.33814672681163893
0.11312999999998884 0.2298146040813032 0.5843578465977717
0.1666600000000259 0.12660153277975028 0.3244339546283892
0.22322000000008246 0.22565449979215566 0.5723894631706972
0.278770000000138 0.12207688563073038 0.31458795066872103
0.33331000000019256 0.2217099977359326 0.5599206764907882
0.3888600000002481 0.11874879150161653 0.30766235022929855
0.4444100000003037 0.21736792848084863 0.5478095866168653
0.49996000000035923 0.11511552451314877 0.2986356063775064
0.5555100000001066 0.2130848150421505 0.5369632636105237
0.6110599999998538 0.11158342738788406 0.28953072757994525
0.666609999999601 0.20898832725798444 0.5264548890508425
0.7211499999993528 0.10859239127179234 0.2820620983692068
0.7766999999991 0.20564874440731196 0.5177090151408881
0.8322499999988472 0.1052376154657435 0.2737328730397448
0.8877999999985944 0.20194504546122927 0.5080659595391945
0.9433499999983416 0.10192754604437648 0.2654515725603046
0.9988999999980888 0.19831674155263024 0.4986886430343396
1.0544499999984405 0.09865514997116653 0.25722014935032345
1.1089899999987978 0.19528552911605324 0.4908619340023179
1.1645399999991617 0.09601161570414585 0.25057333585549735
1.2200899999995256 0.19192889986753692 0.4822082728363375
1.2756399999998895 0.0929327745793811 0.2428237316486448
1.3311900000002534 0.18862228627062938 0.47369260541546554
1.3867400000006174 0.08987550665712207 0.2351190289814009
1.4412800000009747 0.18585025854365056 0.4665543895686297
1.4968300000013386 0.08740060461515808 0.22888154478470923
1.5523800000017025 0.18276629602726058 0.45862717048202883
1.6079300000020664 0.08451954618156632 0.22161006988814513
1.6634800000024303 0.17971378998206466 0.45078792530153233
1.7190300000027943 0.08165225929816622 0.21436753311520063
1.7735700000031516 0.17716713697054665 0.44424418931057197
1.8291200000035155 0.07934443246274958 0.20854190084163005
1.8846700000038794 0.174306166008933 0.43690451796949414
1.9402200000042433 0.07663745651308307 0.20169899942251712
1.9957700000046072 0.17146508952946193 0.42962139411800715
2.0503100000049646 0.07434946101149487 0.19591766794528898
2.1058600000053285 0.16912144629953652 0.42360731682390407
2.1614100000056924 0.07179378752033005 0.18945338118931954
2.2169600000060563 0.16644949772225948 0.4167626160547111
2.2725100000064202 0.06924268639044528 0.1829975120063998
2.328060000006784 0.16379042652556974 0.4099546974707491
2.3826000000071414 0.06711971658258054 0.17762936581884325
2.4381500000075054 0.16163317432406343 0.40442361688463047
2.4937000000078693 0.06470796373759857 0.17152350195146493
2.549250000008233 0.1591263822711565 0.3980088889762534
2.604800000008597 0.062298110743428836 0.1654201472216954
2.6593400000089544 0.1570077310394441 0.39258065538748665
2.7148900000093183 0.06033281401742441 0.16044798774267344
2.7704400000096823 0.15464338871944472 0.3865329932527861
2.825990000010046 0.05805195476457702 0.15466956775345153
2.88154000001041 0.15228367232536832 0.3804993971103898
2.9360800000107674 0.05611438758110587 0.14976502005179526
2.9916300000111313 0.15033468024829222 0.37550806517273605
3.0471800000114952 0.05395571689520918 0.14429480213148382
3.102730000011859 0.1481053577261171 0.3698096158338493
3.158280000012223 0.05179486538660394 0.13881767497520014
3.213830000012587 0.14587843079371055 0.3641189289159352
3.2683700000129443 0.05000635380399765 0.13428881212006472
3.3239200000133082 0.14408741675900438 0.3595334792723781
3.379470000013672 0.04795918367418783 0.12909879807214697
3.435020000014036 0.14198108400137688 0.3541512420956683
3.4905700000144 0.04590910247480007 0.12390032985492017
3.5451100000147573 0.14022473799144708 0.3496561354924599
3.600660000015121 0.0442610216020336 0.1197256922478962
3.656210000015485 0.13823179165457322 0.34456475036723777
3.711760000015849 0.042316991327585596 0.11479530612176214
3.767310000016213 0.1362376944469712 0.33947150304507456
3.8218500000165703 0.040696904875922923 0.11068997777459177
3.877400000016934 0.13462531944838918 0.3353461699627136
3.932950000017298 0.03885350761168638 0.10601408545416469
3.988500000017662 0.13273645385172095 0.3305226564270902
4.044050000016069 0.03700538946459819 0.10132540753934327
4.0985900000140045 0.13115676944525978 0.32648269859197887
4.1541400000119015 0.03551521093339394 0.0975482778722947
4.2096900000097985 0.12936748290865663 0.3219144701318455
4.2652400000076955 0.033761237508385 0.09309772291535845
4.3207900000055925 0.12757498727205208 0.3173390218745187
4.375330000003528 0.032298423987895175 0.08938867147836316
4.430880000001425 0.12612626182378317 0.313635345810237
4.486429999999322 0.03063377355482555 0.08516406143483923
4.541979999997219 0.124426474674055 0.3092974192467568
4.597529999995116 0.028963357844257853 0.08092423024570472
4.652069999993051 0.12300794774775148 0.3056723334503131
4.707619999990948 0.027619460571178815 0.07751589263153003
4.763169999988845 0.12139589415435237 0.3015589338057234
4.818719999986742 0.026032813871939346 0.07348823543115168
4.874269999984639 0.11977932443199446 0.2974345563890979
4.928809999982574 0.024714802968821115 0.07014454481985011
4.984359999980471 0.1184790322127095 0.2941125192426175
5.039909999978368 0.023207771856389336 0.06631856369453404
5.095459999976265 0.11694455565106898 0.2901980853114994
5.151009999974162 0.02169459436292842 0.062476534048006016
5.2055499999720976 0.11567190074367739 0.2869477578941959
5.261099999969995 0.020485030263162174 0.059407125111832215
5.316649999967892 0.11421573838224262 0.2832325374757416
5.372199999965789 0.019046817767214508 0.055754993202206116
5.426739999963724 0.11297132671423937 0.2800547193795855
5.482289999961621 0.017861433727407228 0.0527459435043065
5.537839999959518 0.11158913954313521 0.2765286522707022
5.593389999957415 0.016494576466662414 0.04927454679719556
5.648939999955312 0.11020119955684428 0.2729883113745446
5.703479999953247 0.015333878907392573 0.046327200846907335
5.759029999951144 0.10906102316574408 0.2700776362940305
5.814579999949041 0.014034958031088009 0.04302785616342453
5.870129999946938 0.10774277208540461 0.26671552287772515
5.925679999944835 0.012729406162945711 0.03971120726161681
5.98021999994277 0.10662809387658612 0.26387106280948425
6.035769999940667 0.011665073960221872 0.03700772149484166
6.091319999938564 0.10537608757635408 0.2606784134892015
6.146869999936461 0.010423707173638386 0.03385359660559306
6.202419999934358 0.10411840166125232 0.25747176021132523
6.256959999932294 0.00938199617092661 0.031206943386696828
6.312509999930191 0.10309790206961046 0.254868531156649
6.368059999928088 0.008201733688748658 0.02820760060284755
6.423609999925985 0.10190258591992961 0.2518214264756957
6.479159999923882 0.007021408782538541 0.025191962345838537
6.533699999921817 0.1009049755192466 0.24927740076842175
6.589249999919714 0.006126967350717161 0.02276641062878282
6.644799999917611 0.09976890248341863 0.2463817991382955
6.700349999915508 0.005169808358832961 0.01989719369618337
6.755899999913405 0.0986273294021166 0.24347255597017003
6.81043999991134 0.004465593210108643 0.01752327228863315
6.865989999909237 0.09771433369484528 0.2411448335572608
6.921539999907134 0.003743762051549915 0.014793649726319025
6.977089999905031 0.0966286582868785 0.23837831795001652
7.031629999902966 0.0032081980140465927 0.012471677779946067
7.087179999900863 0.09573603298009636 0.2361030189044988
7.14272999989876 0.0027245428844394626 0.009875167389283845
7.198279999896657 0.09470356901241905 0.233472300411941
7.253829999894554 0.0024308943403354988 0.007263084743813764
7.30836999989249 0.09383128007721964 0.2312492473272032
7.363919999890387 0.002378277005677165 0.005135750308193909
7.419469999888284 0.09284982061152403 0.2287477671032656
7.475019999886181 0.002582630290705934 0.002650001238602151
7.530569999884078 0.09186297578873082 0.22623268070848246
7.585109999882013 0.0030605202795325193 0.0005695334095112692
7.64065999987991 0.09106490041541804 0.22419823748229817
7.696209999877807 0.003957439267993967 0.0017956905818183877
7.751759999875704 0.090126009839956 0.2218054448717699
7.807309999873601 0.004884359237902203 0.004174790961675168
7.861849999871536 0.08934605521802041 0.21981746108052924
7.917399999869433 0.00562684494097232 0.006079495845590088
7.97294999986733 0.088452856982841 0.21754116001611035
8.028499999865227 0.006509554044387467 0.008344161434958863
8.083039999863162 0.08769095438677921 0.2155993989458871
8.13858999986106 0.007235582141522201 0.01020680556175213
8.194139999858956 0.08684129404884577 0.21343407069053244
8.249689999856853 0.008075745081722263 0.012362286062861383
8.30523999985475 0.08598653170100468 0.21125583775231105
8.359779999852686 0.008785326352467315 0.014182889765934625
8.415329999850583 0.08528917058416174 0.20947862541000895
8.47087999984848 0.009584906912885494 0.01623421327345831
8.526429999846377 0.0844756987101224 0.20740561326770823
8.581979999844274 0.010390671959928266 0.018298292118790194
8.636519999842209 0.08379440965403284 0.20566947435294303
8.692069999840106 0.01104120285822896 0.019964874553102252
8.747619999838003 0.08302030538557337 0.20369678438134642
8.8031699998359 0.011808416529689003 0.021930030984285143
8.858719999833797 0.08224167265153937 0.20171265217211465
8.913259999831732 0.012444239534315504 0.023559085599167418
8.96880999982963 0.08161844552408293 0.20012447317809823
9.024359999827526 0.013174614001589813 0.025429885224903526
9.079909999825423 0.0808771854281376 0.1982356212283154
9.134449999823358 0.013795780019932759 0.027021533528748254
9.189999999821255 0.08026827514838819 0.1966839728213099
9.245549999819152 0.014491006102023918 0.028802339482747463
9.30109999981705 0.07956266649840127 0.19488604414082955
9.356649999814946 0.015190743965978748 0.030594782212511884
9.411189999812882 0.07896801453433999 0.1933707362787862
9.466739999810779 0.015759276203034744 0.032051715118130986
9.522289999808676 0.07829642005469817 0.1916595777277208
9.577839999806573 0.01642639505573862 0.03375860653165308
9.63338999980447 0.07762070744375327 0.18993806289713255
9.687929999802405 0.016982614446650723 0.03518210549867673
9.743479999800302 0.07707681884486128 0.1885520158088183
9.799029999798199 0.017617877040139063 0.036807277691097706
9.854579999796096 0.07643354757450949 0.18691299806365969
9.909119999794031 0.018161032942301203 0.03819738663960459
9.964669999791928 0.07590265002197083 0.1855593198636596
10.020219999789825 0.018765753151953724 0.0397444779504319
10.075769999787722 0.07529047470066375 0.18399907447573804
10.13131999978562 0.019374479806251843 0.04130189262236961
10.185859999783554 0.0747722641276859 0.18267763455118713
10.241409999781451 0.019871426841892026 0.042573752545449484
10.296959999779348 0.07418959104853828 0.18119262275285708
10.352509999777245 0.02045103955468064 0.04405671579209569
10.408059999775142 0.07360327147683066 0.17969837283463574
10.462599999773078 0.020936248714165107 0.04529852800108092
10.518149999770975 0.0731295183308196 0.178490132436937
10.573699999768872 0.021488031968366683 0.04671031080414334
10.629249999766769 0.07257130471820517 0.1770675384453746
10.684799999764666 0.022043252994828344 0.04813093417483927
10.739339999762601 0.07210891225458393 0.17588820655547455
10.794889999760498 0.022486724858147844 0.04926591071845454
10.850439999758395 0.07157755062350579 0.17453406435342655
10.905989999756292 0.023015615247927723 0.05061866905647916
10.960529999754227 0.07112645999461775 0.17338351108920902
11.016079999752124 0.02344906918647338 0.05172665563695222
11.071629999750021 0.07062075284262281 0.17209475940035412
11.127179999747918 0.02395301225425961 0.053014538200579775
11.182729999745815 0.0701118423919953 0.17079785140301507
11.23726999974375 0.02437595338737475 0.05409565012712836
11.292819999741647 0.06969968675290517 0.16974654087917873
11.348369999739544 0.024855642225222963 0.055321556182308385
11.403919999737441 0.06921521410659526 0.16851192857538777
11.459469999735338 0.02533835444803778 0.056555209981423715
11.514009999733274 0.06881314992349352 0.16748640482872057
11.56955999973117 0.025724675335922157 0.057542743425953446
11.625109999729068 0.06835201161660331 0.16631128898237924
11.680659999726965 0.026184309641542947 0.0587174271943991
11.7351999997249 0.06795994760951307 0.16531132827118933
11.790749999722797 0.026561271986615842 0.05968107117358956
11.846299999720694 0.06752107415570885 0.1641929739909953
11.901849999718591 0.02699887415109048 0.06079945170558432
11.957399999716488 0.06707936432112482 0.163067386000737
12.011939999714423 0.02736655566698631 0.06173939859144273
12.06748999971232 0.06672127040868114 0.16215408004023324
12.123039999710217 0.02778312818867346 0.06280403142692181
12.178589999708114 0.06630073785638935 0.1610824696561819
12.234139999706011 0.028202379577674793 0.06387551854083462
12.288679999703946 0.06595150437907082 0.16019180405342226
12.344229999701843 0.028538122325250326 0.0647338469349279
12.39977999969974 0.0655511819023551 0.15917170346854137
12.455329999697637 0.028937361080064724 0.06575418283498724
12.509869999695573 0.06521071401272405 0.15830343186673534
12.56541999969347 0.029264875407375986 0.06659149763111882
12.620969999691367 0.06482967691861519 0.15733248184196524
12.676519999689264 0.02964500856323349 0.06756299930132936
12.73206999968716 0.06444612817034401 0.15635512335834267
12.786609999685096 0.029964374824672624 0.0683795003865062
12.842159999682993 0.06413523569989776 0.15556228059930843
12.89770999968089 0.030326269355014146 0.06930438294532326
12.953259999678787 0.06377003757765798 0.15463168955182072
13.008809999676684 0.030690521398262116 0.07023529948944063
13.06334999967462 0.06346690341534456 0.1538586587704116
13.118899999672516 0.03098230039076777 0.07098066667454717
13.174449999670413 0.06311922159817251 0.15297270915894945
13.22999999966831 0.031329545648475676 0.07186719385668949
13.284539999666245 0.06282375853509425 0.15221926327340096
13.340089999664142 0.031614161391403384 0.07259411105475788
13.39563999966204 0.06249279577918565 0.15137592411629264
13.451189999659936 0.031944808283162596 0.07343825603267629
13.506739999657833 0.062159687375068495 0.1505269530462483
13.561279999655769 0.032222278730129394 0.07414691847220656
13.616829999653666 0.06189012594520904 0.1498391408813471
13.672379999651563 0.03253708076845474 0.07495060264149922
13.72792999964946 0.061573057243697105 0.14903072894328906
13.783479999647357 0.032853950939277454 0.07575957388411547
13.838019999645292 0.0613102723632818 0.1483602209247703
13.893569999643189 0.033107173252502786 0.07640629408809385
13.949119999641086 0.06100838386966745 0.14759051809536405
14.004669999638983 0.03340895974518743 0.0771767444596505
14.059209999636918 0.06075228950750933 0.1469370930918812
14.114759999634815 0.03365587122054425 0.07780733774265247
14.170309999632712 0.06046488901488467 0.14620433445307057
14.22585999963061 0.03394325766607875 0.07854101511740597
14.281409999628506 0.06017555263989294 0.1454666372618152
14.335949999626441 0.03418393476252446 0.07915567925845801
14.391499999624338 0.05994181942504484 0.14487025695287814
14.447049999622235 0.03445757478258271 0.07985425437445626
14.502599999620132 0.0596662770558255 0.1441677346279202
14.55814999961803 0.03473302210155882 0.08055744956153577
14.612689999615965 0.05943844649167029 0.14358642662398724
14.668239999613862 0.034952617391243446 0.08111826855378146
14.723789999611759 0.059176072295506595 0.14291748308915553
14.779339999609656 0.035214973226718516 0.08178803499137022
14.833879999607591 0.058954065910153175 0.14235104613806726
14.889429999605488 0.03542906879708618 0.08233480456939501
14.944979999603385 0.05870426169353526 0.14171415583117408
15.000529999601282 0.03567892438438591 0.08297265287564581
15.056079999599179 0.05845276996681292 0.14107296020606785
15.110619999597114 0.035887590023504834 0.0835055521821837
15.166169999595011 0.05825019079534733 0.14055608284878618
15.221719999592908 0.03612551077886961 0.08411292690564398
15.277269999590805 0.05801067151491745 0.13994541667494698
15.33180999958874 0.03632882048194308 0.08463214569423005
15.387359999586637 0.05781322666259148 0.13944164909129864
15.442909999584534 0.036555347146143724 0.08521042823709246
15.498459999582431 0.05758513834137746 0.13886013145355536
15.554009999580328 0.036783469249830336 0.08579278948468438
15.608549999578264 0.05739275721701064 0.13836929277785126
15.66409999957616 0.036969028329501996 0.08626667699984658
15.719649999574058 0.05717558199501993 0.13781560300997198
15.775199999571955 0.03718629331536483 0.08682131770239021
15.830749999569852 0.05695694223918957 0.137258176331978
15.885289999567787 0.03736712983684409 0.08728314374050195
15.940839999565684 0.05678143322375073 0.13681037881880798
15.996389999563581 0.03757402786159658 0.08781131588594393
16.05193999956148 0.056573190172846566 0.13627946312467776
16.106479999559415 0.03775020838189802 0.08826125084026026
16.162029999557312 0.0564021414262763 0.1358430539624811
16.21757999955521 0.037947208356244544 0.08876415206908739
16.273129999553106 0.05620382571536464 0.13533745223043292
16.328679999551003 0.038145589081472475 0.08927058343597416
16.38321999954894 0.056037174122767756 0.13491226977695447
16.438769999546835 0.03830635289646622 0.08968114979591713
16.494319999544732 0.05584833673984558 0.13443083688026158
16.54986999954263 0.03849530069520524 0.09016349808266266
16.605419999540526 0.05565823220064748 0.13394617023726463
16.65995999953846 0.03865196268271154 0.09056358935121134
16.71550999953636 0.05550622786203174 0.13355835304472707
16.771059999534256 0.03883190292811234 0.09102294087249829
16.826609999532153 0.0553251543483374 0.1330967145248274
16.881149999530088 0.038984522477036876 0.09141270894693632
16.936699999527985 0.05517701997352754 0.13271877824863054
16.99224999952588 0.03915586216543965 0.09185010304493257
17.04779999952378 0.05500457024066486 0.13227912923773344
17.103349999521676 0.03932839402443622 0.09229054539002801
17.15788999951961 0.05486024979274906 0.13191093042264068
17.213439999517508 0.03946762958060934 0.09264613691324364
17.268989999515405 0.05469603420336833 0.13149227721517276
17.324539999513302 0.039631964379039264 0.0930656521393236
17.379079999511237 0.05455546941646516 0.13113366676290594
17.434629999509134 0.0397677107115707 0.0934121569218016
17.49017999950703 0.05439911520454422 0.13073505869237723
17.54572999950493 0.039924355321966254 0.0938116881920914
17.601279999502825 0.0542416518393446 0.13033361991067194
17.65581999950076 0.04005664262717745 0.09414924068786856
17.711369999498658 0.05411339645119284 0.13000641026722493
17.766919999496555 0.04020580638957039 0.09452969045508075
17.82246999949445 0.05396342572248325 0.12962407636503137
17.87801999949235 0.040355998539839066 0.09491276767119583
17.932559999490284 0.05383847499021477 0.12930530387554873
17.98810999948818 0.040476660818509425 0.09522066170557508
18.043659999486078 0.05369565863519977 0.12894121223089305
18.099209999483975 0.040619722772615496 0.09558555191818696
18.15374999948191 0.05357396131874314 0.1286307457801228
18.209299999479807 0.04073729869992382 0.09588557154209809
18.264849999477704 0.05343797570713361 0.12828407110037077
18.3203999994756 0.04087355154920602 0.09623309383839374
18.375949999473498 0.053301034176823525 0.12793495679668254
18.430489999471433 0.04098808752789407 0.09652535725928058
18.48603999946933 0.05319001453415284 0.12765172831016303
18.541589999467227 0.041117838530595585 0.09685629533130458
18.597139999465124 0.0530595836436224 0.1273192147028368
18.65268999946302 0.04124847457907266 0.09718949465954418
18.707229999460957 0.05295142484857151 0.12704328993762282
18.762779999458854 0.04135292570775073 0.09745602841730872
18.81832999945675 0.05282721091743425 0.12672662792924116
18.873879999454648 0.04147736455585871 0.0977734203825742
18.928419999452583 0.05272186812464574 0.12645789206867653
18.98396999945048 0.04157914368094273 0.09803313633508504
19.039519999448377 0.052603590150332336 0.1261563650573283
19.095069999446274 0.04169766423057508 0.09833543242314668
19.15061999944417 0.052484489507578565 0.12585273837881772
19.205159999442106 0.041796812000313155 0.09858843421735042
19.260709999440003 0.052388406367248286 0.12560762246022206
19.3162599994379 0.041909681132481724 0.0988763152172556
19.371809999435797 0.052274963673456964 0.12531842195742104
19.426349999433732 0.04200623950637594 0.09912270982602722
19.48189999943163 0.05218135516059264 0.12507962346497425
19.537449999429526 0.042113712575131745 0.09939682710689013
19.592999999427423 0.052073315360239514 0.12480419874562054
19.64854999942532 0.04222195565249365 0.0996729116911621
19.703089999423256 0.05198214238050369 0.12457161756828095
19.758639999421153 0.042310045954027986 0.0998977010953861
19.81418999941905 0.05187926143869237 0.12430934635426771
19.869739999416947 0.04241314462018475 0.10016066374739507
19.925289999414844 0.0517756733670629 0.12404527048998082
19.97982999941278 0.04249895903831169 0.1003796456080841
20.035379999410676 0.0516925282630466 0.12383316653222787
20.090929999408573 0.04259714516249369 0.1006300777117608
20.14647999940647 0.05159385750532331 0.12358162825687469
20.201019999404405 0.04268072025308278 0.10084334530100492
20.256569999402302 0.05151285141398943 0.12337498450527562
20.3121199994002 0.04277421567459583 0.10108181270901406
20.367669999398096 0.05141887647154186 0.12313541895493385
20.423219999395993 0.0428683723417006 0.10132196951984085
20.47775999939393 0.05133997545308877 0.12293414850501616
20.533309999391825 0.042944605818462156 0.1015165057190015
20.588859999389722 0.051250484419739235 0.12270601529210667
20.64440999938762 0.0430342904969675 0.10174525569593973
20.699959999385516 0.051160386331558616 0.12247633276261105
20.75449999938345 0.04310855678650949 0.10193477211990487
20.81004999938135 0.051088443849514276 0.1222928112324162
20.865599999379246 0.04319397083350496 0.10215262893841226
20.921149999377143 0.05100261986324506 0.12207402601938089
20.975689999375078 0.04326630153952338 0.10233720631072085
21.031239999372975 0.050932525376785276 0.1218952214107838
21.086789999370872 0.04334763758602467 0.10254466139203444
21.14233999936877 0.05085078321441283 0.12168684310600586
21.197889999366666 0.043429540794503896 0.10275356563675953
21.2524299993646 0.05078250753965219 0.12151268064610754
21.307979999362498 0.04349550732298135 0.10292190552251279
21.363529999360395 0.05070466326367962 0.12131424016220693
21.419079999358292 0.04357352258466196 0.10312089274154834
21.473619999356227 0.05063817650816593 0.12114464336875352
21.529169999354124 0.04363778922750239 0.10328489487670955
21.58471999935202 0.05056405411193399 0.12095569189667366
21.64026999934992 0.04371209144399313 0.10347441119531453
21.695819999347815 0.05048940487017628 0.12076539574180645
21.75035999934575 0.043774685380720824 0.10363414491183498
21.805909999343648 0.05042875682869108 0.12061069083217912
21.861459999341545 0.043845441928411 0.10381461726318708
21.91700999933944 0.050357656054489386 0.120429441561265
21.97255999933734 0.04391668461064613 0.1039963317851278
22.027099999335274 0.050298579246787156 0.12027874674854777
22.08264999933317 0.04397376202583814 0.10414199045359895
22.138199999331068 0.05023086706976121 0.12010613670856429
22.193749999328965 0.04404162448679516 0.10431508295225544
22.2482899993269 0.0501733357538694 0.119959386153623
22.303839999324797 0.044097233352311416 0.10445699402986675
22.359389999322694 0.050108859196105526 0.11979502527034169
22.41493999932059 0.04416186763110952 0.10462185231374654
22.470489999318488 0.05004395862846956 0.11962951114321552
22.525029999316423 0.04421603134959384 0.10476007550599409
22.58057999931432 0.04999152592059697 0.11949566681618284
22.636129999312217 0.044277582941639526 0.10491707069386624
22.691679999310114 0.04992972751088587 0.11933801703813973
22.74621999930805 0.04433032547222282 0.10505166712716507
22.801769999305947 0.0498786508132002 0.11920763592364603
22.857319999303844 0.044388933597152236 0.10520115432897104
22.91286999930174 0.04981979599338182 0.1190574962149138
22.968419999299638 0.04444796312207944 0.10535171825108991
23.022959999297573 0.04977005319071015 0.1189305217119796
23.07850999929547 0.04449607723613569 0.10547450532516489
23.134059999293367 0.049714009109771196 0.11878755307914712
23.189609999291264 0.04455230025048185 0.1056179105427324
23.24515999928916 0.04965757791542902 0.11864359561734039
23.299699999287096 0.0445991661271532 0.1057375120970816
23.355249999284993 0.04961221716261166 0.11852780549198583
23.41079999928289 0.044652709089117004 0.10587408117244124
23.466349999280787 0.04955846544728826 0.11839068421777288
23.520889999278722 0.04469834733194533 0.1059905497777569
23.57643999927662 0.049514275562684396 0.11827788436048481
23.631989999274516 0.04474933124727243 0.10612059136569929
23.687539999272413 0.049463082674845 0.11814729141073066
23.74308999927031 0.04480067644903474 0.10625155610745063
23.797629999268246 0.04942004466913519 0.11803743322568172
23.853179999266143 0.044842303515256976 0.1063577900581647
23.90872999926404 0.04937129516116401 0.11791307401983753
23.964279999261937 0.04489120888385667 0.10648253134444285
24.019829999259834 0.049322213815629505 0.11778786716077905
24.07436999925777 0.04493175801783611 0.10658601428588099
24.129919999255666 0.049282973045344014 0.1176877005557575
24.185469999253563 0.04497833345770985 0.10670481245990127
24.24101999925146 0.0492362208524717 0.1175684360164686
24.295559999249395 0.04501782235558782 0.10680558954724306
24.351109999247292 0.04919799090431032 0.11747085086066811
24.40665999924519 0.0450621730312164 0.10691871285964938
24.462209999243086 0.049153463023327126 0.117357261127915
24.517759999240983 0.045106833394900625 0.10703262750780818
24.57229999923892 0.04911622760862055 0.11726221574107631
24.627849999236815 0.04514284628220078 0.10712453528416432
24.683399999234712 0.04907382372148151 0.11715404484621272
24.73894999923261 0.04518538564320185 0.10723303970071596
24.793489999230545 0.04903756619268662 0.11706149663748278
24.84903999922844 0.04522046783238842 0.10732257212869856
24.90458999922634 0.04899719031502014 0.1169584996699724
24.960139999224236 0.04526098170173143 0.10742590994263779
25.015689999222133 0.048956526631630304 0.11685476756067015
25.070229999220068 0.045295148377373695 0.10751310577044038
25.125779999217965 0.048923454020939776 0.11677034792585417
25.181329999215862 0.04533372814705072 0.1076115101088404
25.23687999921376 0.04888472383500175 0.11667154862803342
25.292429999211656 0.045372573322037923 0.1077105926487465
25.34696999920959 0.04885250978588896 0.11658932146351164
25.402519999207488 0.04540372792252756 0.10779010280544954
25.458069999205385 0.048815625928275375 0.11649523256358485
25.513619999203282 0.04544072930461074 0.10788448218533864
25.568159999201217 0.04878425616664839 0.1164151613511688
25.623709999199114 0.045471080453010626 0.10796194166510231
25.67925999919701 0.04874913523558255 0.1163255700505017
25.73480999919491 0.045506321040999054 0.10805182960355042
25.790359999192805 0.0487137675420245 0.1162353484432721
25.84489999919074 0.04553588175533818 0.10812727162996527
25.900449999188638 0.04868515741918289 0.1161623202946993
25.955999999186535 0.04556944096727522 0.10821287070965635
26.01154999918443 0.04865147040837625 0.11607638647372909
26.06709999918233 0.04560322759030888 0.10829905091738201
26.121639999180264 0.04862360137746424 0.1160052507646947
26.17718999917816 0.045630178369186036 0.10836783327531352
26.232739999176058 0.048591519309993836 0.1159234114835872
26.288289999173955 0.04566236221018971 0.10844992506950923
26.34282999917189 0.04856437913971545 0.1158541369210897
26.398379999169787 0.04568861947716929 0.10851693727941258
26.453929999167684 0.04853382954878083 0.11577620728565607
26.50947999916558 0.04571927265884734 0.10859512463635701
26.565029999163478 0.048503068429603946 0.1156977373431678
26.619569999161413 0.045744847566153046 0.10866039516196357
26.67511999915931 0.04847831932460678 0.11563456509229297
26.730669999157207 0.04577403909975675 0.10873485411835304
26.786219999155104 0.04844901911573307 0.11555982222282157
26.84075999915304 0.0457989430474226 0.10879841205644336
26.896309999150937 0.04842490964108592 0.11549828327067635
26.951859999148834 0.04582673896204181 0.10886931104389097
27.00740999914673 0.04839700453575668 0.1154270995741391
27.062959999144628 0.045854732063554726 0.10894071388430904
27.117499999142563 0.04837352421784702 0.11536716712604589
27.17304999914046 0.0458774470262483 0.10899868618376995
27.228599999138357 0.04834695125204358 0.11529938195197209
27.284149999136254 0.045904109547020955 0.10906669492369847
27.33969999913415 0.048320196999173115 0.11523113370415228
27.394239999132086 0.04592623550631436 0.10912316376404663
27.449789999129983 0.04829878834020118 0.11517648833002658
27.50533999912788 0.045951627412851304 0.10918793136828198
27.560889999125777 0.04827330395385199 0.11511147973595204
27.615429999123712 0.04597317413395119 0.10924292167994176
27.67097999912161 0.048252447307403634 0.11505824388675645
27.726529999119506 0.04599735280340844 0.10930459450836372
27.782079999117403 0.048228175611802704 0.11499632906331048
27.8376299991153 0.046021700486830075 0.10936669919062725
27.892169999113236 0.048207862016052094 0.11494447981416078
27.947719999111133 0.046041350561761285 0.10941684977477939
28.00326999910903 0.048184748305251324 0.11488551917809842
28.058819999106927 0.04606454160894291 0.10947600403075075
28.113359999104862 0.04816496861030273 0.11483503313295396
28.16890999910276 0.046083683305195966 0.10952485693187519
28.224459999100656 0.048142960543545166 0.11477889313734613
28.280009999098553 0.04610576982107617 0.10958119367628916
28.33555999909645 0.048120795296088814 0.11472235162977018
28.390099999094385 0.04612441149449775 0.10962877024381923
28.445649999092282 0.04810275294339017 0.1146762993779693
28.50119999909018 0.04614544333397963 0.10968241665844092
28.556749999088076 0.048081641818419896 0.11462244707229896
28.612299999085973 0.04616662001539118 0.10973643316860571
28.66683999908391 0.048064068163318985 0.11457759156886516
28.722389999081805 0.04618361836643681 0.10977981643840451
28.777939999079702 0.04804396362726304 0.1145263071992475
28.8334899990776 0.04620378962647165 0.10983126825483414
28.888029999075535 0.04802685083931402 0.11448262842406187
28.94357999907343 0.04622034920872209 0.10987353153129042
28.99912999907133 0.048007707413904144 0.11443379595734715
29.054679999069226 0.04623956032309695 0.10992253414523478
29.110229999067123 0.04798842923543889 0.11438461926148724
29.164769999065058 0.046255688287633046 0.10996369568729847
29.220319999062955 0.04797282169736594 0.11434478195651021
29.275869999060852 0.04627398257677906 0.11001035960509498
29.33141999905875 0.047954459792220905 0.11429794278425831
29.386969999056646 0.046292400977646864 0.11005734065137052
29.44150999905458 0.04793925676533983 0.11425913832437962
29.497059999052478 0.046307105133109094 0.11009486899783427
29.552609999050375 0.04792176983340668 0.11421453130386894
29.608159999048272 0.046324649578060706 0.11013962068314731
29.662699999046207 0.04790696461779698 0.11417674255745913
29.718249999044104 0.04633897506707907 0.11017618242435967
29.773799999042 0.047890313142324614 0.11413426686915917
29.8293499990399 0.04635568489636044 0.11021880510200255
29.884899999037795 0.04787354615267414 0.11409149608850866
29.93943999903573 0.04636963783477055 0.11025441585570395
29.994989999033628 0.04786004508628949 0.11405703557002544
30.050539999031525 0.04638555069144512 0.11029500554957661
30.10608999902942 0.04784407453413575 0.1140162965866498
30.160629999027357 0.04639913732800027 0.11032968127328013
30.216179999025254 0.047830922565365364 0.11398272741378612
30.27172999902315 0.04641428922818425 0.11036832985888978
30.327279999021048 0.047815712566128044 0.11394392867475345
30.382829999018945 0.0464295487577161 0.11040725343738345
30.43736999901688 0.04780290396318576 0.1139112361897121
30.492919999014777 0.04644194132249568 0.11043888216468734
30.548469999012674 0.04778842018187446 0.11387429009609429
30.60401999901057 0.046456475369950456 0.11047595511056718
30.65956999900847 0.047773837391507756 0.11383709106694839
30.714109999006403 0.04646854638692033 0.11050676302406526
30.7696599990043 0.04776215868766598 0.11380728210127478
30.825209999002197 0.04648238765988233 0.1105420687726899
30.880759999000094 0.047748268163046115 0.11377184910746907
30.93529999899803 0.04649414247737105 0.11057206953363208
30.990849998995927 0.04773689071958154 0.11374280933703629
31.046399998993824 0.04650732227007626 0.11060568791458891
31.10194999899172 0.04772366128217864 0.11370906283195703
31.157499998989618 0.04652059432988931 0.1106395420403139
31.212039998987553 0.04771258019671343 0.1136807797216366
31.26758999898545 0.04653131458536064 0.11066690281820168
31.323139998983347 0.04769998201721293 0.11364864360358107
31.378689998981244 0.04654395603442352 0.11069914830957872
31.43322999897918 0.04768919228796442 0.11362110436748951
31.488779998977076 0.04655439877597112 0.11072580066686655
31.544329998974973 0.04767719682517024 0.1135905058187503
31.59987999897287 0.04656643803151528 0.11075651001489772
31.655429998970767 0.04766511551086061 0.11355968795589977
31.709969998968702 0.046576607834750594 0.11078246563815952
31.7655199989666 0.04765527331570696 0.11353456681546525
