0.001020000000000002 0.07922013671932882 0.19813720395984724
0.03232999999999923 0.043070314418853894 0.11203002694035735
0.06566000000000724 0.07725340680518633 0.1974677237614575
0.0959599999999955 0.04277843120895308 0.10874848560178396
0.12928999999998853 0.07685043236173084 0.19610997162617938
0.16060000000001984 0.04186488654443887 0.10637009291261101
0.19292000000005216 0.07654815226769107 0.1940939679021758
0.22524000000008448 0.04042634029803838 0.10408198112993317
0.2565500000001158 0.07610588847861133 0.192465937554942
0.2888700000001481 0.03999834295180438 0.10285407840382454
0.32018000000017943 0.07552543465728634 0.1912269203544925
0.35250000000021176 0.03957675248275716 0.1013855803486452
0.3848200000002441 0.07429969435878714 0.18852904808270843
0.4161300000002754 0.03908809973465477 0.09999961022031378
0.4484500000003077 0.07384958191118118 0.18732098074500936
0.479760000000339 0.03853695007207725 0.09868502811667401
0.5120800000003043 0.0733800304950919 0.18599473882700002
0.5444000000001572 0.037438469499178506 0.0960252123762273
0.5757100000000147 0.07286955478774049 0.18465028292490304
0.6080299999998676 0.03698645756762742 0.09485526241893583
0.6393399999997251 0.07232142834963973 0.18328118508099678
0.671659999999578 0.036508808650740465 0.09360145825610955
0.703979999999431 0.07130400564831019 0.1807300359109254
0.7352899999992885 0.03599970007946651 0.0922961952894874
0.7676099999991414 0.07084298090043972 0.1795449766352486
0.7999299999989943 0.03495568049648967 0.08965848285822364
0.8312399999988518 0.0703556777303479 0.17828864429146885
0.8635599999987047 0.034523499332920204 0.08856703127890775
0.8948699999985622 0.06984106350560859 0.17697256545864404
0.9271899999984151 0.034065797106230034 0.08740119677551617
0.959509999998268 0.06886305004496707 0.17448701356681529
0.9908199999981255 0.03358238315137041 0.08616872157001243
1.0231399999982353 0.06842550248381885 0.1733723370132556
1.055459999998447 0.0325757029827527 0.08360859045291047
1.0867699999986522 0.06796275935318197 0.17219082401435104
1.119089999998864 0.03216743672581668 0.08257292391286031
1.150399999999069 0.06747540531743368 0.17094661630829844
1.1827199999992808 0.03173377175390124 0.08147149152721855
1.2150399999994925 0.06653005267639389 0.1685390726862468
1.2463499999996976 0.03127563723048232 0.08030681046569121
1.2786699999999094 0.06611668548356564 0.167485068349571
1.3099800000001145 0.030793849049488675 0.07908182487136317
1.3423000000003262 0.06567899018684265 0.16636894634747268
1.374620000000538 0.02991585779578121 0.07684955468649779
1.405930000000743 0.06521787170996818 0.1651930777666455
1.4382500000009548 0.02950586720892623 0.07580779441666019
1.4705700000011666 0.06430232931600999 0.16286176118341933
1.5018800000013717 0.02907247503314281 0.07470629755801372
1.5342000000015834 0.0639120426441262 0.1618664117894575
1.5655100000017885 0.028616563088683766 0.07354734387474693
1.5978300000020003 0.06349852943800194 0.1608120939793789
1.630150000002212 0.027764828551279822 0.07138163630154848
1.6614600000024171 0.06306266031036245 0.1597009631900459
1.6937800000026288 0.027377533560750122 0.07039731724612919
1.7261000000028406 0.06217519901933922 0.15744147284790788
1.7574100000030457 0.026967922181764692 0.06935615294922926
1.7897300000032574 0.06180700526151483 0.1565024980134333
1.8210400000034626 0.026536832296276344 0.06826026266214535
1.8533600000036743 0.06141666957536362 0.15550728589712737
1.885680000003886 0.0257099054748019 0.06615754127089479
1.9169900000040911 0.06100500687828647 0.15445789597041681
1.9493100000043029 0.025344335693007203 0.0652283511409335
1.980620000004508 0.06057282500237259 0.15335637575448757
2.0129400000047197 0.024957482022745614 0.06424495062217206
2.0452600000049315 0.0597970756911087 0.15138121174668173
2.0765700000051366 0.024550133220718643 0.06320934688921476
2.1088900000053483 0.05942882443977693 0.15044245192665784
2.14121000000556 0.023746782507029107 0.061166470448215104
2.172520000005765 0.05904021469395804 0.14945196766019686
2.204840000005977 0.02340198946541172 0.06029002920276971
2.236150000006182 0.05863200899669441 0.14841169528098108
2.2684700000063938 0.0230368817834381 0.05936184799444355
2.3007900000066055 0.05787767691118174 0.14649124263427238
2.3321000000068106 0.02265220384828781 0.058383823997021356
2.3644200000070223 0.057530495619127923 0.1456063198666202
2.396740000007234 0.021871360532358164 0.0563980859583868
2.428050000007439 0.05716386750943747 0.14467198156931094
2.460370000007651 0.0215464087279309 0.055572028736894374
2.491680000007856 0.05677851343853447 0.1436900588566159
2.524000000008068 0.02120205352477733 0.054696557781275246
2.5563200000082795 0.05604465851470231 0.14182189077298624
2.5876300000084846 0.02083899860768257 0.053773467277229425
2.6199500000086964 0.05571755753460428 0.14098825108731505
2.6512600000089015 0.020457942862863954 0.052804538758310926
2.6835800000091132 0.05537186950250683 0.1401073737697267
2.715900000009325 0.019773700151516804 0.051064527274014004
2.74721000000953 0.055008276357214836 0.13918099163532371
2.779530000009742 0.019449125961874758 0.05023931394472214
2.8118500000099536 0.0542940845206803 0.13736300328341944
2.8431600000101587 0.019106673396247054 0.049368576979780254
2.8754800000103704 0.053986100585626466 0.13657816534307088
2.9067900000105755 0.018747003928563433 0.04845400224863239
2.9391100000107873 0.05366034166784816 0.13574814823907877
2.971430000010999 0.018080155914768192 0.0467581593059041
3.002740000011204 0.05331745334508675 0.13487459268761715
3.035060000011416 0.017774417017469957 0.04598080903935875
3.0673800000116276 0.052622214372621046 0.13310495142134782
3.0986900000118327 0.01745157608053083 0.04515991496722993
3.1310100000120444 0.05233241240254194 0.13236651221565365
3.1623200000122496 0.01711225960957452 0.044297073473242854
3.1946400000124613 0.05202560376556076 0.1315848427220545
3.226960000012673 0.016462244514543478 0.04264398198666752
3.258270000012878 0.05170240003550109 0.13076149738323606
3.29059000001309 0.016174423217924727 0.04191216726506797
3.321900000013295 0.05136340898662284 0.12989802104711456
3.3542200000135067 0.015870234890115076 0.041138682721042485
3.3865400000137185 0.05075296439689714 0.12834423316969712
3.4178500000139236 0.015550273269369197 0.04032504092262856
3.4501700000141353 0.05046416088354122 0.12760848847502837
3.482490000014347 0.014916599738413194 0.03871346068801129
3.513800000014552 0.05015965858761585 0.12683283480600105
3.546120000014764 0.014645807863390427 0.038024927768487427
3.577430000014969 0.049840057500578516 0.126018737129574
3.6097500000151808 0.01435934594056787 0.03729650149456587
3.6420700000153925 0.04924454104182352 0.12450272368910165
3.6733800000155976 0.014057776956072243 0.03652961591040782
3.7057000000158093 0.048972884861486654 0.12381057212680346
3.738020000016021 0.01344001087189528 0.034958450791211515
3.769330000016226 0.04868619411995334 0.1230801899783085
3.801650000016438 0.013185390962584198 0.03431102308877332
3.832960000016643 0.048385015429445954 0.12231296710802919
3.865280000016855 0.012915762885593263 0.03362538901633405
3.8976000000170665 0.047803949065582274 0.12083380261154186
3.9289100000172716 0.012631660758623429 0.03290290897020043
3.9612300000174834 0.04754850875891692 0.12018300364168288
3.9925400000176885 0.012333615659067876 0.03214493552915476
4.024860000016796 0.047278662590489295 0.11949557050422444
4.057180000015572 0.011790140213217781 0.030762760544644774
4.088490000014387 0.04699492934214111 0.11877282244747711
4.120810000013163 0.011536487629536518 0.030117738854129605
4.15313000001194 0.04642799427001576 0.11732968435749225
4.1844400000107544 0.01126896327261695 0.02943740582168619
4.216760000009531 0.04618792951614714 0.11671808893491953
4.248070000008346 0.010988071355417572 0.028723045634271305
4.280390000007122 0.045934057451306076 0.11607137957508895
4.312710000005898 0.010457163441497497 0.02737279894415856
4.344020000004713 0.045666870641383195 0.11539080892937204
4.3763400000034895 0.010218662339812945 0.026766296531044453
4.408660000002266 0.045113779704621715 0.11398295712798934
4.439970000001081 0.009966863119438951 0.026125944564436843
4.472289999999857 0.044888285055531885 0.11340850661083479
4.503599999998672 0.009702244635889423 0.025452962526850698
4.535919999997448 0.04464955354923916 0.11280039124441643
4.568239999996225 0.009183701000938016 0.024134132483488724
4.599549999995039 0.04439805302345501 0.11215980079557486
4.631869999993816 0.00895956139412346 0.02356414277373542
4.66317999999263 0.04413424884819339 0.11148791874024955
4.695499999991407 0.008722670558536705 0.02296169694314676
4.727819999990183 0.043646848524334536 0.11024728427035946
4.759129999988998 0.008473483428581341 0.02232795357541839
4.791449999987774 0.0434224603700486 0.10967572620838029
4.823769999986551 0.007967118446446708 0.02104007374607031
4.8550799999853655 0.043185824063080136 0.10907301612033127
4.887399999984142 0.007756583881674662 0.020504675637478265
4.918709999982957 0.042937381850055134 0.10844027879545193
4.951029999981733 0.0075338200369178265 0.019938151099341272
4.9833499999805095 0.04246102085114001 0.10722777685046037
5.014659999979324 0.007299259253650493 0.01934160097494253
5.046979999978101 0.0422502143247141 0.10669083086327635
5.078289999976915 0.007053331624223724 0.018716120306527806
5.110609999975692 0.042027657137710284 0.10612399692379038
5.142929999974468 0.006607247741356236 0.01758159239875212
5.174239999973283 0.041793769677900494 0.10552834428084745
5.206559999972059 0.006397864226804218 0.017049091346899026
5.238879999970836 0.04132832309097845 0.10434365146881897
5.27018999996965 0.006177160923881542 0.016487779956209092
5.302509999968427 0.04113037099212369 0.10383946142817901
5.3338199999672415 0.005945546765643073 0.015898699295113783
5.366139999966018 0.04092114377469713 0.10330659191422065
5.398459999964794 0.0055091834805732764 0.014788872987758772
5.429769999963609 0.04070104113306516 0.10274605961018146
5.4620899999623855 0.005312467387342923 0.014288583218580175
5.494409999961162 0.04024642643499343 0.10158886894197083
5.525719999959977 0.0051048877759659606 0.013760645003446648
5.558039999958753 0.04006068593522938 0.10111566503173686
5.589349999957568 0.0048868335451371925 0.013206048327962794
5.621669999956344 0.03986412815804652 0.1006149377443033
5.653989999955121 0.004460128244373918 0.012120767151002632
5.685299999953935 0.039657133108148 0.10008765397839792
5.717619999952712 0.00427539947176403 0.011650959676245964
5.748929999951526 0.03944007893500756 0.09953477593237503
5.781249999950303 0.004080243764318148 0.011154615427277914
5.813569999949079 0.03903904044152884 0.09851376357108421
5.844879999947894 0.0038750310445730962 0.010632676028432542
5.87719999994667 0.03885441449548921 0.09804344266673981
5.909519999945447 0.0034579203978054585 0.00957178152668492
5.9408299999442615 0.03865976796037207 0.09754762473681566
5.973149999943038 0.003284530644762973 0.009130808143853475
6.004459999941853 0.03845546060020344 0.09702722523308172
6.036779999940629 0.0031011319535915183 0.008664362266253
6.0690999999394055 0.03806310559504089 0.09602833871884542
6.10040999993822 0.002908076258893 0.008173339717110206
6.132729999936997 0.037889763638102814 0.09558677169856367
6.164039999935811 0.002705713791886777 0.00765863196849903
6.196359999934588 0.03770680029242357 0.09512072275741357
6.228679999933364 0.0023378263148206013 0.006722957778848571
6.259989999932179 0.037514557884690714 0.09463106300665602
6.292309999930955 0.002165549526162769 0.006284795470379301
6.324629999929732 0.03713085475290434 0.09365421872399304
6.355939999928546 0.001983999077855625 0.005823032500795744
6.388259999927323 0.036968180287665464 0.09323983335915997
6.4195699999261375 0.0017935082805592417 0.00533851725236234
6.451889999924914 0.03679626706417305 0.09280193912126755
6.48420999992369 0.0014333424774135572 0.004422467730824664
6.515519999922505 0.03661544086130675 0.09234136502486168
6.5478399999212815 0.001271583077656957 0.00401105196817797
6.580159999920058 0.036240352536209275 0.0913864659071395
6.611469999918873 0.001100917537375956 0.0035769712565469902
6.643789999917649 0.0360877592228277 0.09099776706326113
6.675099999916464 0.0009216631073979409 0.003121033125563777
6.70741999991524 0.0359262940634838 0.09058649240110128
6.739739999914017 0.0005824972005784579 0.0022246161031747036
6.771049999912831 0.03575626712728208 0.0901534309617702
6.803369999911608 0.00047542253292309766 0.001838484853355915
6.834679999910422 0.03557798705444282 0.08969936816707325
6.866999999909199 0.00038625281632009845 0.0014305861278707255
6.899319999907975 0.03524668091225269 0.0888559308689918
6.93062999990679 0.00033592928250847365 0.0010016885672259335
6.962949999905566 0.035095091511997634 0.08846981657316677
6.995269999904343 0.0004166056998230472 0.00012488979271862988
7.0265799999031575 0.03493527735192847 0.0880627726355554
7.058899999901934 0.0005498465419613296 0.00023734724622359593
7.090209999900749 0.03476753227375917 0.08763554682705843
7.122529999899525 0.0006982373165044242 0.0006204907553208905
7.1548499998983015 0.034443207107571205 0.08680989137783701
7.186159999897116 0.0008544378755962477 0.001023809015776589
7.218479999895893 0.034300949630899025 0.08644755109797897
7.249789999894707 0.0010182506325073781 0.00144657368854606
7.282109999893484 0.03415079090864093 0.08606510401232281
7.31442999989226 0.0013187413408387583 0.002220690629506361
7.345739999891075 0.03399301071966632 0.08566326211728592
7.378059999889851 0.0014583826061898009 0.0025804350104241536
7.410379999888628 0.03367567691025675 0.08485541329669166
7.441689999887442 0.0016055443309248574 0.002959562923610104
7.474009999886219 0.033542234803510484 0.08451553034857229
7.5053199998850335 0.0017599574468059043 0.0033573808000730843
7.53763999988381 0.033401202090802884 0.08415633072863526
7.569959999882586 0.0020545329016657954 0.004115605131893574
7.601269999881401 0.03325284517994742 0.08377849241937296
7.6335899998801775 0.0021858538158883167 0.004453238770774082
7.664899999878992 0.03309742925624959 0.08338269029251055
7.697219999877769 0.002324414937141306 0.004809496048607809
7.729539999876545 0.032817481810577864 0.08266977413617926
7.76084999987536 0.002469959509090569 0.005183716456302889
7.793169999874136 0.03268512108014532 0.0823325407220632
7.825489999872913 0.0027586551314308094 0.005925972753872966
7.856799999871727 0.03254572438250425 0.08197739517904479
7.889119999870504 0.002881851371657529 0.006242719200455493
7.920429999869318 0.03239954419939339 0.08160498030015395
7.952749999868095 0.003012004110907407 0.006577359302850638
7.985069999866871 0.03212526207467037 0.08090647884672064
8.016379999865686 0.003148868816345018 0.0069292639909623865
8.048699999864462 0.032001044369468934 0.0805899954654965
8.081019999863239 0.003431590997068468 0.007655505712778066
8.112329999862053 0.031870065098097644 0.08025629825160197
8.14464999986083 0.0035473204563301057 0.007952526512222668
8.175959999859645 0.03173256474892894 0.07990599947017563
8.208279999858421 0.003669745732284291 0.008266739567952541
8.240599999857197 0.031463978582627394 0.07922200920170708
8.271909999856012 0.003798633513505289 0.008597545747046631
8.304229999854789 0.03134745117002946 0.07892512182480216
8.335539999853603 0.003933751521184692 0.00894434856730797
8.36785999985238 0.031224425947976253 0.07861169183339678
8.400179999851156 0.004183824680873971 0.009586151544227484
8.43148999984997 0.031095131990920066 0.07828230242067358
8.463809999848747 0.0042987306166936134 0.009881067238548535
8.496129999847524 0.03083226840862474 0.07761289026363416
8.527439999846338 0.004419847736765847 0.010191930514980019
8.559759999845115 0.03072300179656429 0.07733450403704101
8.59106999984393 0.004546954763208211 0.010518173126583541
8.623389999842706 0.0306074909407833 0.07704022044574543
8.655709999841482 0.004791943171306379 0.01114693276599299
8.687019999840297 0.030485954046262753 0.07673059503140456
8.719339999839073 0.004899747547614575 0.011423622977146941
8.750649999837888 0.030358608353091232 0.07640618088118334
8.782969999836665 0.005013521453898884 0.011715640102871738
8.815289999835441 0.0301264154500952 0.07581487616022953
8.846599999834256 0.005133108424858035 0.01202244280636977
8.878919999833032 0.030018001837168296 0.07553867577831941
8.911239999831809 0.005373354266196895 0.012638063377490294
8.942549999830623 0.029903795619745762 0.07524772766924759
8.9748699998294 0.005474612980303162 0.012897545108470077
9.006179999828214 0.029784003774092738 0.07494255878878198
9.03849999982699 0.005581617897530755 0.013171756918739508
9.070819999825767 0.029556467383783928 0.07436311595157008
9.102129999824582 0.005694167872106748 0.013460183097480094
9.134449999823358 0.029454755392301694 0.07410399049595506
9.165759999822173 0.005812062654286576 0.013762310232490194
9.19807999982095 0.029347475346063856 0.07383068881908761
9.230399999819726 0.0060241776690874715 0.01430583600159352
9.26170999981854 0.029234824444538288 0.07354371299314044
9.294029999817317 0.006124619385450281 0.01456322989323855
9.326349999816093 0.0290119864168743 0.07297623802742237
9.357659999814908 0.006230391843639271 0.01483428859576641
9.389979999813685 0.02891660091247161 0.07273323148365707
9.4212899998125 0.006341304231551769 0.015118522906054643
9.453609999811276 0.028815863373550576 0.07247659853141242
9.485929999810052 0.006549248976662204 0.01565136785448562
9.517239999808867 0.028709961687958585 0.07220681753842273
9.549559999807643 0.006643492993839262 0.01589288031461633
9.58187999980642 0.028491852541895898 0.07165138762990075
9.613189999805234 0.0067428615404081516 0.016147528837229252
9.64550999980401 0.028402437908054523 0.07142359373459861
9.676819999802825 0.006847172796123902 0.016414847279211386
9.709139999801602 0.028307879065329833 0.07118270239541147
9.741459999800378 0.007050899568724733 0.016936888519247795
9.772769999799193 0.028208355027824483 0.0709291693935743
9.80508999979797 0.0071392924596349605 0.017163407580822465
9.836399999796784 0.028104044041504572 0.07066344855386486
9.86871999979556 0.0072327011150372655 0.017402553939305232
9.901039999794337 0.027911213836586124 0.0701723945492172
9.932349999793152 0.007330908887599574 0.017653883422763528
9.964669999791928 0.027822488765070097 0.06994636586976632
9.996989999790705 0.0075306580660424735 0.018165027007888135
10.02829999978952 0.027728989994737607 0.06970818294460557
10.060619999788296 0.007613643237397771 0.018377394532109737
10.09192999978711 0.027630887386463354 0.069458278254797
10.124249999785887 0.007701370140154484 0.018601899791270693
10.156569999784663 0.027441921944465042 0.06897706808688397
10.187879999783478 0.007793673458181383 0.01883811955000203
10.220199999782254 0.02735871368380094 0.06876506895507895
10.251509999781069 0.007890388592018072 0.01908563240741179
10.283829999779845 0.027270947941060664 0.06854138475381744
10.316149999778622 0.008066903153500227 0.01953731250445845
10.347459999777437 0.027178756812312636 0.06830642761809225
10.379779999776213 0.0081492276703794 0.01974799303064989
10.41209999977499 0.026993783685894005 0.06783516012734969
10.443409999773804 0.008235952401824065 0.01996993690962512
10.47572999977258 0.02691579963331225 0.0676364010347763
10.507039999771395 0.008326920477059851 0.020202742537256402
10.539359999770172 0.02683340574262283 0.06742640849495274
10.571679999768948 0.008499956864183145 0.0206455261760774
10.602989999767763 0.026746756192752023 0.06720557525529136
10.63530999976654 0.008577181416246749 0.020843155809890934
10.666619999765354 0.026656004492337626 0.06697429235805741
10.69893999976413 0.00865863654854615 0.021051614481804037
10.731259999762907 0.026492630617560686 0.06655805605592091
10.762569999761721 0.008744172757328306 0.021270519453353565
10.794889999760498 0.026415308514227683 0.06636099026096076
10.827209999759274 0.008913688824391475 0.021704298318958593
10.858519999758089 0.026333894198783958 0.06615350001935028
10.890839999756865 0.008986100016317833 0.021889610447978214
10.92214999975568 0.026248533980130166 0.06593595803628949
10.954469999754457 0.009062578476491168 0.022085333496824067
10.986789999753233 0.02608834134849769 0.06552782794871925
11.018099999752048 0.009142981723823662 0.022291102711502475
11.050419999750824 0.026015806681862985 0.06534296405399376
11.0827399997496 0.009308945339779329 0.022715794159300362
11.114049999748415 0.0259393371999056 0.06514807656642363
11.146369999747192 0.009376814735488348 0.02288948368573962
11.177679999746006 0.0258590723489609 0.06494352071244602
11.209999999744783 0.00944859417470878 0.023073181607480286
11.24231999974356 0.025702103997290452 0.06454360622204502
11.273629999742374 0.009524177684738566 0.023266540315691753
11.30594999974115 0.025634087356144693 0.0643702574791516
11.337259999739965 0.009603465857970894 0.023469213669247146
11.369579999738741 0.025562287468017145 0.06418727116180856
11.401899999737518 0.009750423474021663 0.02384481081276757
11.433209999736333 0.025486837236512464 0.06399498583293806
11.465529999735109 0.00981784816651754 0.024017156929434513
11.497849999733885 0.025333126557712582 0.06360337179031061
11.5291599997327 0.00988890651058738 0.024198792669272162
11.561479999731477 0.02526937273236829 0.06344088766399025
11.592789999730291 0.009963469470401942 0.02438938810841451
11.625109999729068 0.025201981611957972 0.06326913768543996
11.657429999727844 0.010107512777119299 0.024757539600850365
11.688739999726659 0.025131079861940853 0.06308844453108975
11.721059999725435 0.010170745834032324 0.0249191718927122
11.75236999972425 0.025056793610127026 0.06289912950658838
11.784689999723026 0.010237472744532683 0.02508973635012568
11.817009999721803 0.02492091856515422 0.06255295736926625
11.848319999720617 0.010307570519846876 0.025268918512511007
11.880639999719394 0.024857689085874157 0.06239181383295156
11.91295999971817 0.010448664324417711 0.02562953408736801
11.944269999716985 0.024791083568822092 0.062222069916961775
11.976589999715761 0.010507942210211452 0.025781056935758606
12.007899999714576 0.0247212222398272 0.06204403189493668
12.040219999713353 0.010570579315506867 0.02594116769562005
12.072539999712129 0.02458801272132971 0.06170465128594316
12.103849999710944 0.010636458417135897 0.026109566651655314
12.13616999970972 0.024528710776516638 0.06155351748228233
12.167479999708535 0.010705462793195286 0.02628595537326195
12.199799999707311 0.024466162445445083 0.06139411351917534
12.232119999706088 0.010830122832470535 0.026604563938914527
12.263429999704902 0.02440048232514691 0.06122673133401868
12.295749999703679 0.01088889908214452 0.026754806177431423
12.328069999702455 0.02426997379209639 0.0608942324608841
12.35937999970127 0.010950793169524964 0.02691301915146438
12.391699999700046 0.024214377646312624 0.06075254322162049
12.423009999698861 0.011015693828622886 0.027078918381384653
12.455329999697637 0.02415565999956537 0.06060290190944562
12.487649999696414 0.011137943815106688 0.02739136961210642
12.518959999695229 0.024093930081109383 0.06044558678947043
12.551279999694005 0.01119307610820397 0.027532297705767927
12.583599999692781 0.023966149774180434 0.06012003894713125
12.614909999691596 0.011251206626824661 0.027680890703363215
12.647229999690373 0.02391404944178588 0.05998725905942415
12.678539999689187 0.011312229307302468 0.02783687742851093
12.710859999687964 0.023858947896069016 0.05984683348081443
12.74317999968674 0.011432033104777584 0.02814307870406818
12.774489999685555 0.02380094924790943 0.05969902743958588
12.806809999684331 0.011483726892592028 0.028275217773021666
12.838119999683146 0.023740157175189402 0.05954410506038288
12.870439999681922 0.011538303678061523 0.028414727127157313
12.902759999680699 0.023627113457772242 0.05925610327042197
12.934069999679513 0.01159566236184073 0.02856134828429502
12.96638999967829 0.023575424754337493 0.05912437537523019
12.998709999677066 0.01171299167679618 0.028861227053722516
13.030019999675881 0.023520949918682144 0.05898554967110892
13.062339999674657 0.011761441534355987 0.028985074417675616
13.093649999673472 0.02346378778440117 0.05883987794429446
13.125969999672249 0.011812663394563216 0.02911600827432137
13.158289999671025 0.02335298336317082 0.05855758137829348
13.18959999966984 0.011866560890052558 0.02925378224259978
13.221919999668616 0.023304514996143944 0.05843406052693512
13.25322999966743 0.011923038058973212 0.029398150979365045
13.285549999666207 0.023253367416072757 0.05830371420640912
13.317869999664984 0.012026784854747175 0.029663311090921685
13.349179999663798 0.023199634833321103 0.05816678242684947
13.381499999662575 0.012074840117189511 0.029786150811594858
13.413819999661351 0.023091098070024962 0.05789026327713831
13.445129999660166 0.012125468618126911 0.029915568842175944
13.477449999658942 0.023045667748522458 0.057774484871253584
13.508759999657757 0.012178632919986998 0.03005133130051796
13.541079999656533 0.022997661219095855 0.05765214337027924
13.57339999965531 0.012280457033692516 0.03031130939089577
13.604709999654125 0.02294716828433674 0.05752346755690807
13.637029999652901 0.012325570745750358 0.030426510904679738
13.668339999651716 0.022894278367434517 0.05738868524783891
13.700659999650492 0.012373161596369031 0.03054803847488685
13.732979999649269 0.02279835578739675 0.05714430464519582
13.764289999648083 0.012423142287495081 0.030675669145219242
13.79660999964686 0.022753313937863506 0.057029518466755746
13.828929999645636 0.0125229073675035 0.030930391686301295
13.86023999964445 0.0227058807071725 0.056908640025110646
13.892559999643227 0.012565198859819328 0.031038386765047665
13.923869999642042 0.022656141344666647 0.05678188650495297
13.956189999640818 0.012609872330993421 0.031152464860184637
13.988509999639595 0.022562100482890535 0.05654223382953738
14.01981999963841 0.01265684456471805 0.031272413441074676
14.052139999637186 0.02251988154477247 0.05643457728129464
14.083449999636 0.0127060327000319 0.03139802088366617
14.115769999634777 0.022475364176173795 0.05632106172887008
14.148089999633553 0.012794157815967933 0.03162302108253856
14.179399999632368 0.022428629596696892 0.056201894216212356
14.211719999631145 0.012836077502600185 0.03173006742532847
14.244039999629921 0.022336502240998257 0.05596704170123257
14.275349999628736 0.012880208168794982 0.031842760054312524
14.307669999627512 0.02229692120537974 0.055866111691960096
14.338979999626327 0.012926470817510636 0.031960897215532746
14.371299999625103 0.022255129923391626 0.05575954744553302
14.40361999962388 0.013012913533266945 0.032181603359993094
14.434929999622694 0.02221120582027447 0.055647546333015274
14.46724999962147 0.013052234379684169 0.03228201358148608
14.499569999620247 0.022120983654920212 0.05541755047150376
14.530879999619062 0.013093681606658136 0.03238785402338573
14.563199999617838 0.022083890861543165 0.055322965359039245
14.594509999616653 0.013137179903737972 0.03249893234716916
14.62682999961543 0.022044672788758435 0.055222962575396384
14.659149999614206 0.013221911977225553 0.03271527215570336
14.69045999961302 0.022003403240767327 0.055117730263209985
14.722779999611797 0.013258780713955363 0.03280942091425931
14.754089999610612 0.021960155715619156 0.05500745578388422
14.786409999609388 0.013297694307906727 0.03290879168390548
14.818729999608165 0.021880356523365285 0.05480403154504154
14.85003999960698 0.013338580964703306 0.03301320110872252
14.882359999605756 0.0218435668772734 0.05471022102904177
14.914679999604532 0.013421579995176347 0.033225117243562696
14.945989999603347 0.021804804160493796 0.05461138082575312
14.978309999602123 0.01345613555292058 0.03331335928407064
15.009619999600938 0.021764138442232905 0.054507689557303785
15.041939999599714 0.013492657415094532 0.033406622715403955
15.07425999959849 0.02168590282046412 0.0543082510265358
15.105569999597305 0.013531077143790314 0.033504732754141564
15.137889999596082 0.021651404503955307 0.05422028317959571
15.169199999594897 0.013571326587818677 0.03360751534833284
15.201519999593673 0.02161500867771715 0.05412747824183883
15.23383999959245 0.013644700031937742 0.03379485282867245
15.265149999591264 0.02157678214078773 0.05403000650008316
15.29746999959004 0.013678964560570717 0.03388235209722534
15.329789999588817 0.021500132216111245 0.053834610066016975
15.361099999587632 0.013715054474050747 0.03397451286060171
15.393419999586408 0.021467795425760383 0.053752153892328014
15.424729999585223 0.013752904798115084 0.034071169180471816
15.457049999584 0.021433633939928032 0.0536650462243049
15.489369999582776 0.013824858124947936 0.034254881880990684
15.52067999958159 0.021397711436718092 0.05357344939421749
15.552999999580367 0.013856992592337525 0.03433694196797177
15.584309999579181 0.02136009132533012 0.05347752504721859
15.616629999577958 0.013890882587694553 0.03442348514085536
15.648949999576734 0.02129236610794427 0.053304880650106856
15.680259999575549 0.01392646616797888 0.034514353205883364
15.712579999574325 0.021260313429422695 0.05322315015099388
15.744899999573102 0.013996977365971275 0.034694384808231504
15.776209999571916 0.021226566917350698 0.05313710173617814
15.808529999570693 0.014027102280693813 0.03477131342408679
15.839839999569508 0.021191187025529024 0.05304688951801584
15.872159999568284 0.014058915402949788 0.034852553197461944
15.90447999956706 0.0211247590217869 0.052877551762287034
15.935789999565875 0.01409235768167394 0.03493795331942495
15.968109999564652 0.02109469627896654 0.05280089531775056
16.00042999956343 0.014161409539163228 0.03511425977099636
16.031739999562244 0.02106300445858611 0.052720086017410406
16.06405999956102 0.014189638989563049 0.0351863482337178
16.095369999559836 0.02102974119468115 0.05263527078606112
16.127689999558612 0.01421949177791282 0.03526258218555789
16.16000999955739 0.020964631967989367 0.05246929463752492
16.191319999556203 0.014250911611852102 0.03534281786322646
16.22363999955498 0.02093644661068128 0.052397425254246954
16.254949999553794 0.01428384243210745 0.035426912100244845
16.28726999955257 0.02090669458540506 0.05232156209558081
16.319589999551347 0.014344933322857911 0.03558289048765095
16.350899999550162 0.02087543083752852 0.052241845233091944
16.38321999954894 0.014372936140390256 0.03565440042646584
16.415539999547715 0.020811657431806907 0.05207927413823921
16.44684999954653 0.014402446134104685 0.03572975919327037
16.479169999545306 0.020785242910964175 0.052011920126515676
16.51047999954412 0.014433409856955959 0.03580883029514759
16.542799999542897 0.02075732186508994 0.05194072564309593
16.575119999541673 0.014493301741720808 0.03596174817305231
16.606429999540488 0.020727946672411623 0.051865824215513445
16.638749999539264 0.014519559088101099 0.03602880093477312
16.67005999953808 0.020697169493794187 0.051787348816212386
16.702379999536856 0.014547265907791984 0.03609955516210572
16.734699999535632 0.020640777424308365 0.051643595188910485
16.766009999534447 0.014576371246992735 0.03617388072861827
16.798329999533223 0.020614584311121842 0.05157680662479791
16.830649999532 0.014635047159068049 0.036323694688600305
16.861959999530814 0.02058699255468266 0.051506452595229124
16.89427999952959 0.014659657968925653 0.03638654290116783
16.925589999528405 0.02055805188495685 0.05143265987709311
16.957909999527182 0.014685662643693753 0.036452950565635245
16.99022999952596 0.020502755577205822 0.05129169931524791
17.021539999524773 0.014713012608471687 0.03652279363058897
17.05385999952355 0.020478192829222364 0.051229067886582325
17.085169999522364 0.014741659493554882 0.0365959485697287
17.11748999952114 0.020452284936138376 0.05116300736108803
17.149809999519917 0.014793517434633308 0.03672835310364331
17.18111999951873 0.02042507930881965 0.051093638602606184
17.213439999517508 0.014817915641948232 0.03679065851668328
17.245759999516284 0.02037089542437509 0.05095551358649253
17.2770699995151 0.01484360782441463 0.036856268283591564
17.309389999513876 0.020347870669928825 0.05089680375903738
17.34069999951269 0.014870547864026418 0.0369250646269359
17.373019999511467 0.020323552331271588 0.050834796265553095
17.405339999510243 0.014921409966586197 0.0370549272523335
17.436649999509058 0.020297985605524094 0.050769606327194516
17.468969999507834 0.014944292304696181 0.03711336175735713
17.50027999950665 0.020271215499332196 0.05070134868080389
17.532599999505425 0.014968419153872483 0.03717497429515104
17.564919999504202 0.020223352914758075 0.050579338745360136
17.596229999503016 0.014993746545848619 0.03723965258005668
17.628549999501793 0.020200534819168947 0.050521156555949354
17.66086999950057 0.01504359639230024 0.03736693130668156
17.692179999499384 0.02017651591291847 0.05045991319710952
17.72449999949816 0.015065048637253442 0.03742171393278371
17.755809999496975 0.020151339106622368 0.05039571806142451
17.78812999949575 0.015087697719360027 0.0374795528433447
17.820449999494528 0.020104385980857953 0.05027602625676808
17.851759999493343 0.015111512399680116 0.037540340992714416
17.88407999949212 0.020082983560921308 0.05022145374040665
17.916399999490896 0.015160379988336968 0.03766500270591111
17.94770999948971 0.020060426192684 0.050163936961411526
17.980029999488487 0.015180500984905644 0.037716340802107506
18.0113399994873 0.020036754787829514 0.050103580216065424
18.043659999486078 0.015201773886003522 0.037770617854093747
18.075979999484854 0.01999072714635597 0.04998624740438773
18.10728999948367 0.015224158696964363 0.03782773181419952
18.139609999482445 0.019970660335822288 0.0499350804073706
18.17091999948126 0.015247615589079501 0.03788758105717216
18.203239999480036 0.019949482782982697 0.04988108183184847
18.235559999478813 0.015290838277095096 0.037997841401482546
18.266869999477628 0.019927233491009555 0.04982435111010597
18.299189999476404 0.01531079371877575 0.0380487571261634
18.33150999947518 0.019882144090527132 0.04970940982093053
18.362819999473995 0.015331818629664928 0.03810240147215094
18.39513999947277 0.019863337095362588 0.04966145508276121
18.426449999471586 0.015353875035622244 0.03815867754671798
18.458769999470363 0.019843461962020692 0.049610777368713777
18.49108999946914 0.01539625520163912 0.0382667891613786
18.522399999467954 0.019822555872806902 0.04955747146949685
18.55471999946673 0.0154149676047195 0.038314533429606445
18.586029999465545 0.019800655854486315 0.04950163177830369
18.61834999946432 0.015434708567909738 0.03836490193878106
18.650669999463098 0.01976079554120236 0.049400021161505325
18.681979999461912 0.015455441887787802 0.03841780231622627
18.71429999946069 0.019742149538013343 0.04935247743655946
18.746619999459465 0.015496966920941602 0.03852373297456024
18.77792999945828 0.01972251189688079 0.04930240575143907
18.810249999457056 0.01551450674064536 0.03856848553688286
18.84155999945587 0.01970191792083331 0.049249896107261826
18.873879999454648 0.015533035692425257 0.03861576174191139
18.906199999453424 0.019662826713355397 0.04915024584762895
18.93750999945224 0.015552519261504916 0.03866547352349148
18.969829999451015 0.019645340447975834 0.04910565917765064
19.00113999944983 0.015572923080378498 0.03871753319281135
19.033459999448606 0.019626900446633844 0.049058641164756445
19.065779999447383 0.015609613310044068 0.038811129236238084
19.097089999446197 0.019607540365652598 0.04900927761177787
19.129409999444974 0.015626998372918033 0.03885548693774998
19.16172999944375 0.019569230600210763 0.04891161916786846
19.193039999442565 0.0156453016687792 0.03890218738290541
19.22535999944134 0.019552838380023974 0.04886982205184465
19.256669999440156 0.015664490429515787 0.03895114696439439
19.288989999438932 0.019535528954267467 0.04882568671435994
19.32130999943771 0.015700480858248822 0.03904295827668047
19.352619999436524 0.019517334411062293 0.04877929495880062
19.3849399994353 0.015716786536430716 0.039084562045021976
19.417259999434076 0.019479815766297315 0.04868365301620159
19.44856999943289 0.015733975373232068 0.039128419066691844
19.480889999431668 0.01946445540764341 0.04864448690060641
19.512199999430482 0.01575201612683963 0.03917444962787675
19.54451999942926 0.01944821305031952 0.04860307230952765
19.576839999428035 0.015787294655300488 0.03926444529838147
19.60814999942685 0.01943111928303909 0.04855948722681802
19.640469999425626 0.015802582017805378 0.039303450939587314
19.67177999942444 0.019413204569701303 0.048513809315520184
19.704099999423217 0.015818718731107295 0.03934462357624291
19.736419999421994 0.019380011636358163 0.048429195045451845
19.76772999942081 0.015835675010331673 0.03938788721165043
19.800049999419585 0.019364776211811763 0.04839034787229579
19.83236999941836 0.01587023203877036 0.039476042710018255
19.863679999417176 0.019348721874803743 0.04834941304791007
19.895999999415952 0.0158845588958223 0.039512597717394904
19.927309999414767 0.019331877669079733 0.04830646461589927
19.959629999413544 0.01589970252084616 0.03955123658652138
19.99194999941232 0.01929933487102442 0.04822350744508874
20.023259999411135 0.015915634519023336 0.039591886867973436
20.05557999940991 0.01928504944720877 0.04818708252604109
20.086889999408726 0.015932326613515846 0.03963447641470719
20.119209999407502 0.01926997643521089 0.04814864980736688
20.15152999940628 0.01596288381802624 0.03971242751095172
20.182839999405093 0.019254143524475076 0.04810827987955513
20.21515999940387 0.015977090256473314 0.03974867523680592
20.247479999402646 0.019222260290192805 0.048027003856077055
20.27878999940146 0.015992054995986327 0.039786857648826945
20.311109999400237 0.01920887097243784 0.04799286377520362
20.342419999399052 0.01600775107607455 0.03982690595808469
20.37473999939783 0.019194724257428297 0.04795679285659604
20.407059999396605 0.016037716309801775 0.03990334729232492
20.43836999939542 0.019179846543253443 0.04791885839822152
20.470689999394196 0.016051038490768943 0.03993733891436424
20.50199999939301 0.01916426411815919 0.047879127419792056
20.534319999391787 0.016065089984129144 0.03997319126073373
20.566639999390564 0.019136085918142864 0.047807296755253414
20.597949999389378 0.01607984508568383 0.040010838747950306
20.630269999388155 0.01912281339230848 0.04777345477536832
20.66258999938693 0.016109209073982278 0.04008574662430764
20.693899999385746 0.019108837730293704 0.04773782028427709
20.726219999384522 0.016121697104026445 0.040117609982170954
20.757529999383337 0.019094183995705283 0.047700457179056244
20.789849999382113 0.016134886504925783 0.040151262774279495
20.82216999938089 0.01906654603360647 0.04763000347800528
20.853479999379704 0.016148752772622288 0.04018664247822379
20.88579999937848 0.01905409836099059 0.047598264644954646
20.918119999377257 0.01617750827080222 0.04025999838401795
20.949429999376072 0.019040974411781098 0.047564801770560994
20.98174999937485 0.016189209579026476 0.040289854484865106
21.013059999373663 0.019027198081814523 0.047529675775670466
21.04537999937244 0.016201585330818946 0.04032143131764698
21.077699999371216 0.019000109415661104 0.04746062214062707
21.10900999937003 0.01621461216610043 0.04035466927919673
21.141329999368807 0.018988439889197073 0.047430867364772755
21.17263999936762 0.01622826681925338 0.0403895090097417
21.204959999366398 0.01897611997608839 0.04739945454639294
21.237279999365175 0.01625371327375702 0.04045442284279499
21.26858999936399 0.0189631724581929 0.0473664417655284
21.300909999362766 0.016265321245278574 0.04048404074397105
21.333229999361542 0.018936640238996882 0.04729880643891127
21.364539999360357 0.016277555443546587 0.040515256355244667
21.396859999359133 0.018925704646860497 0.04727092299233737
21.428169999357948 0.01629039368677998 0.040548013080543566
21.460489999356724 0.018914143620539003 0.047241445112677916
21.4928099993555 0.016315339672254958 0.04061165049173976
21.524119999354316 0.018901978878656966 0.04721042816897558
21.556439999353092 0.016326223289699904 0.04063942025707146
21.587749999351907 0.01888923205031523 0.04717792730315473
21.620069999350683 0.016337709174000348 0.040668726602433036
21.65238999934946 0.01886576500097803 0.047118106112797875
21.683699999348274 0.016349776177485897 0.040699515568820566
21.71601999934705 0.01885492011058465 0.04709045416960711
21.748339999345827 0.01637421463189659 0.040761858515125926
21.77964999934464 0.01884349453625589 0.047061321875019324
21.811969999343418 0.01638441500367649 0.040787885026716264
21.843279999342233 0.018831508899506133 0.04703076180186949
21.87559999934101 0.01639519454956284 0.040815389199344576
21.907919999339786 0.018808498777798333 0.0469721052271832
21.9392299993386 0.016406533108681787 0.040844319593713596
21.971549999337377 0.018798329549480908 0.046946176025353115
22.00285999933619 0.016418410604393308 0.04087462498524319
22.035179999334968 0.01878760183814132 0.04691882306716577
22.067499999333744 0.01644001465476419 0.04092973677323197
22.09880999933256 0.018776335304261593 0.04689009647561582
22.131129999331336 0.016450127609914378 0.040955540185616535
22.163449999330112 0.018753789034047785 0.04683262218000417
22.194759999328927 0.016460778265379616 0.04098271544196175
22.227079999327703 0.01874425715166561 0.04680831802438279
22.258389999326518 0.016471947478616245 0.04101121370242433
22.290709999325294 0.018734188185105527 0.046782644663245776
22.32302999932407 0.016493135455608376 0.04106526432249291
22.354339999322885 0.018723600878555735 0.04675564988277925
22.38665999932166 0.01650261945303122 0.041089462989674086
22.417969999320476 0.01871251389590911 0.0467273812664204
22.450289999319253 0.01651262060478098 0.041114981081336044
22.48260999931803 0.018692593034304816 0.046676600008066504
22.513919999316844 0.01652312066078243 0.04114177203328184
22.54623999931562 0.018683145771071108 0.046652511800526764
22.578559999314397 0.016543885776086564 0.04119474414678859
22.60986999931321 0.018673199915845262 0.04662715251616545
22.642189999311988 0.01655277644295261 0.04121742896725511
22.673499999310803 0.018662773263576016 0.046600567521970504
22.70581999930958 0.016562164460467987 0.041241382685308636
22.738139999308355 0.018643232010585264 0.046550753793628274
22.76944999930717 0.016572032429758576 0.04126656090960301
22.801769999305947 0.01863437137877466 0.046528161316805594
22.834089999304723 0.016592369348682467 0.04131844088633985
22.865399999303538 0.018625031192690544 0.04650434629536182
22.897719999302314 0.01660070040900863 0.04133969790249825
22.92902999930113 0.0186152284186194 0.04647935198383024
22.961349999299905 0.01660950973351949 0.04136217512022977
22.99366999929868 0.018596073394277712 0.04643052267297998
23.024979999297496 0.0166187807355197 0.04138583022067488
23.057299999296273 0.018587766190233057 0.04640934126943774
23.088609999295088 0.016628496895860878 0.041410621054860375
23.120929999293864 0.018578997782853768 0.04638698410114328
23.15324999929264 0.016646488830311168 0.04145651848462828
23.184559999291455 0.01856978434824086 0.046363492410039786
23.21687999929023 0.016654752073010815 0.04147760240558185
23.249199999289008 0.018551023614382878 0.046315660928564206
23.280509999287823 0.016663459375145462 0.0414998192591165
23.3128299992866 0.01854324410275454 0.046295810463536924
23.344139999285414 0.016672594986978373 0.041523128859799474
23.37645999928419 0.018535021399431306 0.046274829322145994
23.408779999282967 0.0166902350194289 0.04156812877167404
23.44008999928178 0.018526370914330625 0.04625275682138552
23.472409999280558 0.016697983054735244 0.0415878981678941
23.503719999279372 0.01851730799393403 0.046229632113448105
23.53603999927815 0.016706158167117846 0.041608757169242505
23.568359999276925 0.018500728711350112 0.04618733800674235
23.59966999927574 0.016714745340574155 0.04163066746244448
23.631989999274516 0.018493014931842522 0.04616765541152201
23.664309999273293 0.0167320282972645 0.041674756641330024
23.695619999272107 0.01848488968403106 0.04614692307340906
23.727939999270884 0.016739290352175473 0.04169328608197853
23.7592499992697 0.01847636759833382 0.04612517831891205
23.791569999268475 0.01674696311501178 0.041712863365228614
23.82388999926725 0.018460109283397586 0.04608370288265995
23.855199999266066 0.016755032270931114 0.041733451966352586
23.887519999264843 0.018452875677812508 0.046065245475890304
23.918829999263657 0.016763483564879778 0.041755015514965965
23.951149999262434 0.018445246328561038 0.04604577844213864
23.98346999926121 0.016778757894190366 0.04179398026773473
24.014779999260025 0.01843723518561835 0.046025337372102015
24.0470999992588 0.016785956565593008 0.04181234792960398
24.079419999257578 0.018421302900540892 0.04598469352860013
24.110729999256392 0.01679353652341542 0.04183168836771056
24.14304999925517 0.01841452225123341 0.045967391864421
24.174359999253983 0.016801484175946513 0.04185196690392745
24.20667999925276 0.0184073610164871 0.04594911924349354
24.238999999251536 0.016816466027988475 0.04189018570699421
24.27030999925035 0.018399832494827684 0.045929909595476826
24.302629999249127 0.016823217362159526 0.04190741200930104
24.334949999247904 0.018384230196716422 0.045890107451107554
24.36625999924672 0.016830335419294018 0.04192557393171148
24.398579999245495 0.018377876742509458 0.04587389579873147
24.42988999924431 0.016837807241479985 0.04194463841331597
24.462209999243086 0.018371157311263042 0.04585675045805093
24.494529999241863 0.01685249166190772 0.04198209861232538
24.525839999240677 0.018364084580480666 0.045838703773204426
24.558159999239454 0.016858820987397993 0.0419982481773995
24.58946999923827 0.018356671177150674 0.045819787960543756
24.621789999237045 0.01686550299839229 0.04201529754908062
24.65410999923582 0.01834286456882328 0.04578456698581812
24.685419999234636 0.0168725253405837 0.0420332152052838
24.717739999233412 0.01833656202902989 0.045768485361696865
24.75005999923219 0.0168869084129053 0.04206990679629374
24.781369999231003 0.01832991967505926 0.04575153679664545
24.81368999922978 0.01689283970494282 0.04208504079423747
24.844999999228595 0.01832294954470859 0.04573375200286334
24.87731999922737 0.01689911015340828 0.042101040081155006
24.909639999226147 0.01830941433815725 0.045699223274342504
24.940949999224962 0.016905707980561346 0.04211787460809413
24.97326999922374 0.018303505105119466 0.04568414518977271
25.004579999222553 0.016912621456335653 0.04213551444576247
25.03689999922133 0.01829726905640716 0.04566823332567971
25.069219999220106 0.016925342694691703 0.04216796635264641
25.10052999921892 0.018290717669807166 0.045651516965306005
25.132849999217697 0.016931224763463093 0.0421829747054181
25.165169999216474 0.018277457713969825 0.04561769031089513
25.19647999921529 0.016937421722547086 0.04219878643522135
25.228799999214065 0.0182719194620109 0.045603558801510236
25.26010999921288 0.016943922389119903 0.042215373010490165
25.292429999211656 0.01826606692358601 0.04558862547603404
25.324749999210432 0.0169563961775957 0.0422471937983282
25.356059999209247 0.018259911040428345 0.04557291825160181
25.388379999208023 0.01696191181509743 0.04226126721548207
25.419689999206838 0.01825346270848549 0.04555646492613308
25.452009999205615 0.016967730305440187 0.04227611329835623
25.48432999920439 0.018241740888085833 0.04552656236610497
25.515639999203206 0.01697384098588417 0.04229170484226774
25.547959999201982 0.018236250274783816 0.045512552505599935
25.58027999920076 0.016986063542907326 0.0423228848523749
25.611589999199573 0.018230467879755796 0.04549779824467581
25.64390999919835 0.016991233527314242 0.042336076347582186
25.675219999197164 0.018224404092209268 0.045482326089485436
25.70753999919594 0.016996694760922137 0.04235001090459045
25.739859999194717 0.018212907914387566 0.0454529990536745
25.771169999193532 0.017002437079164268 0.04236466258884519
25.80348999919231 0.018207758789966277 0.04543986051427362
25.834799999191123 0.017008450360059935 0.04238000557609256
25.8671199991899 0.018202329031398512 0.04542600601398217
25.899439999188676 0.01701924946246558 0.04240755406044183
25.93074999918749 0.018196628543413973 0.045411460822653016
25.963069999186267 0.0170243735271558 0.04242062834347582
25.995389999185043 0.018185361704814884 0.04538271874903188
26.026699999183858 0.01702976796801936 0.04243439243359903
26.059019999182635 0.018180534722758268 0.045370402168742885
26.09032999918145 0.017035423134296734 0.04244882170773012
26.122649999180226 0.018175437851500886 0.04535739703864783
26.154969999179002 0.01704601663829597 0.04247584581990038
26.186279999177817 0.018170080533820077 0.0453437274513413
26.218599999176593 0.01705082255286905 0.042488108352967124
26.25091999917537 0.018159045939948215 0.04531557775905304
26.282229999174184 0.017055888520567608 0.042501034356812184
26.31454999917296 0.018154522787393934 0.04530403641200831
26.345859999171775 0.017061205339764962 0.04251460035357146
26.378179999170552 0.018149740101511602 0.045291832935190346
26.41049999916933 0.017071589635366036 0.04254109087440394
26.441809999168143 0.018144706884238748 0.045278990295150034
26.47412999916692 0.017076095405411662 0.042552587598065905
26.505439999165734 0.018139432101450748 0.04526553136758871
26.53775999916451 0.017080851277788467 0.04256472240389275
26.570079999163287 0.018129670061615588 0.04524062821926744
26.6013899991621 0.01708584848013084 0.042577472911731196
26.633709999160878 0.018125183853785254 0.04522918121491193
26.666029999159655 0.01709602069917393 0.042603422514719824
26.69733999915847 0.018120456674373453 0.04521711943611395
26.729659999157246 0.017100243369093437 0.04261419691579116
26.76096999915606 0.01811549707037685 0.045204464689518886
26.793289999154837 0.017104706550060134 0.042625584929223415
26.825609999153613 0.01810592588701143 0.045180048341264545
26.856919999152428 0.017109401879758956 0.042637565220793316
26.889239999151204 0.018101719393110782 0.04516931503595334
26.92054999915002 0.017114321029037982 0.04265011653787898
26.952869999148795 0.018097281141664756 0.04515799046331814
26.985189999147572 0.01712331553672486 0.04267306155647521
27.016499999146387 0.01809261928242678 0.04514609541559356
27.048819999145163 0.017127502506362302 0.04268374482518933
27.08113999914394 0.018083241771472247 0.04512217305713273
27.112449999142754 0.01713191277219328 0.0426949977852531
27.14476999914153 0.01807929912146622 0.045112112957501616
27.176079999140345 0.017136538393330514 0.04270680017697259
27.20839999913912 0.018075133595919946 0.04510148425009852
27.240719999137898 0.01714535890352331 0.042729301413957366
27.272029999136713 0.018070752963807113 0.04509030675632353
27.30434999913549 0.017149285264274505 0.042739319746409876
27.335659999134304 0.018066164961771825 0.0450786002143877
27.36797999913308 0.017153426387560566 0.0427498859981168
27.400299999131857 0.018057877474912942 0.045057458728525734
27.43160999913067 0.01715777470273072 0.04276098085441715
27.463929999129448 0.01805396933250336 0.045047486740079634
27.496249999128224 0.017166418455452193 0.0427830312615729
27.52755999912704 0.018049854280364763 0.04503698687733371
27.559879999125815 0.017170098977297488 0.04279242234197511
27.59118999912463 0.018045539695646706 0.0450259779604667
27.623509999123407 0.01717398603637854 0.042802340356862256
27.655829999122183 0.018037410835112788 0.04500524106305637
27.687139999120998 0.017178072415191314 0.042812766891831
27.719459999119774 0.01803374554975068 0.044995888730781086
27.75177999911855 0.017186537249683775 0.04283436095000592
27.783089999117365 0.018029881256882874 0.0449860286838466
27.81540999911614 0.017189985913695693 0.04284316044959047
27.846719999114956 0.01802582498954408 0.044975678864722646
27.879039999113733 0.01719363318739564 0.04285246665849396
27.91135999911251 0.01801785745080131 0.044955353437947654
27.942669999111324 0.017197472190124907 0.04286226202185883
27.9749899991101 0.01801442127087116 0.04494658567453236
28.006299999108915 0.01720149607017407 0.04287252905781358
28.03861999910769 0.01801079370029146 0.04493732962814745
28.070939999106468 0.01720898653785108 0.04289163730444301
28.102249999105283 0.018006981443814407 0.044927602404987166
28.13456999910406 0.01721240754601905 0.04290036620292481
28.166889999102835 0.01799917735800982 0.04490769389075
28.19819999910165 0.017216012965539096 0.0429095655857914
28.230519999100427 0.017995957265898088 0.04489947748150813
28.26182999909924 0.017219796262954667 0.042919218783843416
28.294149999098018 0.01799255312468384 0.044890791519003326
28.326469999096794 0.017227139584512052 0.0429379517291717
28.35777999909561 0.017988971326720615 0.04488165231243402
28.390099999094385 0.017230347126497292 0.04294613597278785
28.4214099990932 0.017985218237459355 0.04487207610127664
28.453729999091976 0.017233732025280224 0.042954772702996635
28.486049999090753 0.017978315981938664 0.04485446833984996
28.517359999089567 0.017237288053145172 0.042963846031041086
28.549679999088344 0.017975122683855815 0.04484632034847946
28.58199999908712 0.01724448212935492 0.04298219831379013
28.613309999085935 0.017971758504656044 0.044837736397629335
28.64562999908471 0.017247488320826343 0.04298986881542399
28.676939999083526 0.017968229514443768 0.04482873197583226
28.709259999082303 0.01725066507092954 0.04299797445977971
28.74157999908108 0.017961461469140905 0.04481146652947077
28.772889999079894 0.017254006441056347 0.043006500095310596
28.80520999907867 0.01795846709778992 0.044803826103334554
28.836519999077485 0.01725750651797653 0.04301543063404134
28.86883999907626 0.01795530837821957 0.04479576638505289
28.901159999075038 0.01726386596990981 0.04303165361816408
28.932469999073852 0.017951991096574527 0.044787302137871965
28.96478999907263 0.017266846285043602 0.04303925806280473
28.997109999071405 0.017945359318951137 0.044770384259884555
29.02841999907022 0.017269984945361694 0.04304726649005941
29.060739999068996 0.017942552593858574 0.044763222617849596
29.09204999906781 0.01727327631261366 0.04305566451394682
29.124369999066587 0.01793958781664473 0.044755657746453625
29.156689999065364 0.017279513423571258 0.04307157546664664
29.18799999906418 0.017936470504220092 0.04474770372117076
29.220319999062955 0.017282308394573453 0.04307870700914762
29.25162999906177 0.017933206149123526 0.04473937455566901
29.283949999060546 0.017285255661550147 0.04308622710100796
29.316269999059323 0.01792734683856778 0.04472442739739124
29.347579999058137 0.01728834984868255 0.04309412202558871
29.379899999056914 0.017924565098589862 0.044717329548205065
29.41221999905569 0.017294462605830452 0.04310971580667733
29.443529999054505 0.01792163663347801 0.04470985736809707
29.47584999905328 0.01729708273259023 0.0431164012375751
29.507159999052096 0.017918566681397352 0.04470202422132141
29.539479999050872 0.017299849323916594 0.04312346033922276
29.57179999904965 0.017912818879949 0.0446873614730392
29.603109999048463 0.017302757255201362 0.043130880038355635
29.63542999904724 0.017910209851834558 0.044680704301980345
29.667749999046016 0.017308744074442384 0.04314615260186949
29.69905999904483 0.01790745970044061 0.044673687090723835
29.731379999043607 0.017311199294824275 0.04315241727571584
29.762689999042422 0.017904573419659564 0.04466632258075531
29.7950099990412 0.017313795360062945 0.043159041284202004
29.827329999039975 0.017898939089719845 0.04465194925336036
29.85863999903879 0.017316527384632296 0.043166012161655054
29.890959999037566 0.017896492999197378 0.04464570782016786
29.92226999903638 0.017319390503109156 0.043173317495104335
29.954589999035157 0.01789391118469008 0.044639120121892084
29.986909999033934 0.01732468679748067 0.0431868283870096
30.01821999903275 0.017891198407821496 0.04463219830731502
30.050539999031525 0.017327121947192436 0.0431930418217652
30.0828599990303 0.017885679110619224 0.044618118386796635
30.114169999029116 0.017329687868597343 0.04319958889111852
30.146489999027892 0.017883386704193316 0.04461226908245575
30.177799999026707 0.01733237992306147 0.04320645776013654
30.210119999025483 0.01788096377804027 0.04460608678946709
30.24243999902426 0.01733757272794656 0.0432197046980165
30.273749999023075 0.017878414871809523 0.04459958309070977
30.30606999902185 0.017339856059822245 0.04322553077223956
30.337379999020666 0.017875744505415736 0.04459276951861435
30.369699999019442 0.01734226516361914 0.043231677725152906
30.40201999901822 0.017870864316452573 0.044580320094056436
30.433329999017033 0.017344795615755526 0.043238134270318085
30.46564999901581 0.017868591332986572 0.04457452038179044
30.497969999014586 0.017349883398684707 0.0432511133412139
30.5292799990134 0.01786619717236526 0.04456841151765367
30.561599999012177 0.01735202352606291 0.04325657403096983
30.592909999010992 0.017863686144663937 0.04456200449715064
30.62522999900977 0.017354284604758186 0.04326234330079837
30.657549999008545 0.017858900327266447 0.04454979577349638
30.68885999900736 0.017356662418437363 0.0432684103921277
30.721179999006136 0.01785676881539555 0.04454435702823112
30.75248999900495 0.017359152767937203 0.0432747645931153
30.784809999003727 0.017854520757696335 0.044538620946343865
30.817129999002503 0.0173636490671506 0.04328623466787196
30.848439999001318 0.017852160262952332 0.04453259801017184
30.880759999000094 0.01736577044836418 0.0432916475013978
30.91307999899887 0.017847470318437697 0.04452063382107685
30.944389998997686 0.017368004116137592 0.04329734680847963
30.976709998996462 0.01784547226079458 0.04451553558703081
31.008019998995277 0.01737034606683885 0.04330332237431067
31.040339998994053 0.017843362120363082 0.044510151401611076
31.07265999899283 0.01737475635315955 0.0433145730721507
31.103969998991644 0.017841143814251725 0.04450449125967815
31.13628999899042 0.0173767459196027 0.0433196495823962
31.168609998989197 0.017836550917568972 0.04449277460671919
31.199919998988012 0.017378843484846862 0.04332500162710362
31.23223999898679 0.017834678723973374 0.04448799751739507
31.263549998985603 0.017381045231409598 0.043330619466219744
31.29586999898438 0.01783269874951743 0.04448294545198461
31.328189998983156 0.01738536803771129 0.04334164704123955
31.35949999898197 0.017830614728389982 0.04447762793811094
31.391819998980747 0.01738723325379876 0.04334640627370323
31.42312999897956 0.017828430379749793 0.04447205446472813
31.455449998978338 0.017389202334389342 0.04335143049181145
31.487769998977114 0.017824366241390277 0.044461686782415466
31.51907999897593 0.017391271641044148 0.04335671041340028
31.551399998974706 0.017822509093633587 0.04445694811061607
31.583719998973482 0.01739550580674165 0.04336751190109345
31.615029998972297 0.017820551870658896 0.04445195412249303
31.647349998971073 0.01739725373682166 0.04337197187856967
31.678659998969888 0.017818498117816328 0.04444671386303334
31.710979998968664 0.017399101547619478 0.04337668667877548
31.74329999896744 0.01781451378953469 0.04443654974291
31.774609998966255 0.017401045770150447 0.043381647450946303
31.806929998965032 0.017812772520429676 0.04443210673689135
31.838239998963846 0.01740308294956905 0.04338684538029991
31.870559998962623 0.017810935003764294 0.044427418179560085
31.9028799989614 0.017406827746860865 0.043396398388395596
31.934189998960214 0.01780900462002466 0.04442249269579479
31.96650999895899 0.017408561118584465 0.043400821198535944
31.998829998957767 0.017805101242458377 0.044412535050963875
32.030139998967286 0.017410387225032076 0.04340548060089988
32.062459998977545 0.017803469274803585 0.044408370930204555
32.09376999898748 0.01741230277191952 0.04341036818922284
32.12608999899774 0.017801744748898174 0.04440397067023705
32.158409999008 0.017415974791439748 0.04341973557532297
32.18971999901794 0.017799930887889004 0.04439934249410582
32.2220399990282 0.017417600191467986 0.043423882897497545
32.253349999038136 0.017798030900789907 0.04439449458960576
32.285669999048395 0.017419314781252804 0.04342825776670889
32.31798999905865 0.017794580446900188 0.044385692445336744
