0.001020000000000002 0.7162537970836126 1.7870995335210638
0.07980000000000176 0.39656087183095057 1.0440979226108538
0.15959000000001883 0.6619726324076174 1.6649582836856691
0.2373600000000966 0.38364650050589655 1.0034948306414604
0.3161400000001754 0.6363640055617911 1.5933624383692169
0.3949200000002542 0.3684692834233433 0.971489858046426
0.47269000000033196 0.6154962522259609 1.534335110139995
0.551470000000125 0.3552678544639274 0.9417313949984574
0.6292399999997711 0.5963681575069991 1.4827280185738423
0.7080199999994126 0.34258972611351124 0.9113960662888276
0.786799999999054 0.5780768720129816 1.4343080668522856
0.8655799999986955 0.32956147085060006 0.8797912161621402
0.9433499999983416 0.561559366980217 1.3906752141024104
1.0221299999982287 0.31769647152773617 0.8510132078047628
1.1009099999987448 0.5452236251229748 1.347587451241894
1.1786799999992543 0.30610134984206205 0.8228301643833147
1.2574599999997704 0.5304306734451427 1.3085105813374298
1.3362400000002865 0.2942402329374093 0.793888129969722
1.414010000000796 0.5162149000244457 1.2709867531854435
1.4927900000013121 0.28343304528587754 0.7675173277051583
1.5715700000018282 0.5019580725215008 1.233439422600524
1.6493400000023377 0.2728699812830909 0.7416645310847847
1.7281200000028538 0.488960480562684 1.1992031927813285
1.80690000000337 0.2620194098149732 0.7150104507618327
1.8846700000038794 0.4764129913405186 1.1662328110280895
1.9634500000043955 0.2521482588298335 0.6907030202405129
2.0422300000049116 0.4637330415201377 1.1330015138162342
2.120000000005421 0.24250001168422441 0.6668785104015917
2.198780000005937 0.4521830821806168 1.1027704678066907
2.2775600000064533 0.2325160353449387 0.6421731996894664
2.355330000006963 0.44099800742886175 1.0735517608220224
2.434110000007479 0.22345909996164504 0.6197365808164323
2.5118800000079884 0.4301674446461424 1.0453086669744427
2.5906600000085045 0.21459158123009747 0.5977354055928252
2.6694400000090206 0.4192766380698586 1.0169513463832325
2.74721000000953 0.20591151734854185 0.5761691503411104
2.825990000010046 0.4092703237719204 0.9909290791555669
2.9047700000105623 0.19700503377077253 0.5539977088849235
2.982540000011072 0.39957954156450476 0.9657590322077914
3.061320000011588 0.18884277997224264 0.5336669503423264
3.140100000012104 0.38976180351391065 0.9403060701838384
3.2178700000126135 0.18085560480005525 0.5137437248876053
3.2966500000131296 0.3808172200431452 0.9171235392977262
3.3754300000136457 0.17259865488693604 0.4930851836896788
3.453200000014155 0.37214324883602135 0.8946649045643906
3.5319800000146713 0.16509712875801308 0.47431926236027877
3.6097500000151808 0.36373061044751376 0.8729042886717719
3.688530000015697 0.15776696197290452 0.4559595625309609
3.767310000016213 0.35523000224236023 0.850960591823513
3.8450800000167225 0.1506128191577255 0.43802312636200824
3.9238600000172386 0.34743286539732654 0.8308147896325058
4.002640000017637 0.14328257203279982 0.4196096633901303
4.080410000014693 0.3398573214460088 0.81124982003975
4.15919000001171 0.13658648723412992 0.40280142917658024
4.237970000008728 0.3321186052407661 0.791292077118444
4.315740000005784 0.13004326315335646 0.38636078350814396
4.394520000002801 0.3250771207094134 0.7731193168632577
4.472289999999857 0.12365218609972582 0.37028393406730586
4.551069999996875 0.3182322621198469 0.7554698716203734
4.629849999993892 0.1171248441344418 0.3538433218786996
4.707619999990948 0.3115799936042395 0.7383340056027476
4.786399999987966 0.11113319600663185 0.3387366755377763
4.865179999984983 0.30480264521461664 0.7208974389179557
4.942949999982039 0.10528372444995661 0.3239725801707394
5.021729999979057 0.29861480412246844 0.7049749307432518
5.099499999976112 0.09957487349656656 0.3095531856627143
5.17827999997313 0.292599302242043 0.689504177471223
5.2570599999701475 0.09375759735365596 0.294856868615323
5.334829999967203 0.2867535571186637 0.6744769041719945
5.413609999964221 0.08840575939593043 0.28132860658398595
5.4923899999612384 0.2808016802112625 0.6591853506634715
5.570159999958294 0.08318271254071463 0.268119958261237
5.648939999955312 0.2753659025511671 0.6452217785333336
5.726709999952368 0.07808835948901638 0.2552311705249499
5.805489999949385 0.2700850002170829 0.6316612518168729
5.884269999946403 0.07289551944499251 0.24209251161158019
5.962039999943459 0.2649567044218548 0.6184976974936807
6.040819999940476 0.0681257824840944 0.23001505489181895
6.119599999937494 0.2597256407697822 0.6050753583300428
6.1973699999345495 0.06347534402583499 0.21823399947995537
6.276149999931567 0.2549659779452699 0.592867730653357
6.353919999928623 0.05902320088904223 0.2067444468385915
6.4326999999256405 0.2503500224342178 0.5810349185003894
6.511479999922658 0.05462778228396736 0.19499009056543892
6.589249999919714 0.24587351713215364 0.5695652213890234
6.668029999916731 0.050689498948339844 0.18422645390876458
6.745799999913787 0.24153254665765803 0.5584477269711896
6.824579999910805 0.04694394249351308 0.17373754146638998
6.903359999907822 0.2371325193873098 0.5471810200134208
6.981129999904878 0.043447114314614343 0.1635212859886881
7.059909999901896 0.23310544096905894 0.5368721520278785
7.1376799998989515 0.04022483868960558 0.15357371537670916
7.216459999895969 0.22919830761649165 0.5268738652158489
7.295239999892987 0.03709747064838664 0.14344715529115426
7.3730099998900425 0.22540698927383615 0.5171748917908059
7.45178999988706 0.03434517057896813 0.13414456476169567
7.529559999884116 0.22172655406337527 0.5077613745800735
7.608339999881133 0.03178788630054574 0.1250920598387495
7.687119999878151 0.21798951130195532 0.4982074310786677
7.764889999875207 0.029411802631597816 0.1162870668942162
7.843669999872224 0.2145576692759733 0.4894311034593257
7.92143999986928 0.0272199057336433 0.10772547390766052
8.000219999866298 0.2112196990516317 0.4808939576837923
8.078999999863315 0.02511868150037877 0.09900231641166712
8.156769999860371 0.20797195279059197 0.4725864087073761
8.235549999857389 0.023329037027174038 0.09100607760165191
8.313319999854444 0.20481115998600852 0.464500169908022
8.392099999851462 0.021730864300412045 0.08322709331808342
8.47087999984848 0.2015830145204616 0.4562471751554886
8.548649999845535 0.02033428077548083 0.07565721987387031
8.627429999842553 0.19862218935470366 0.44867091769651424
8.705199999839609 0.019160063333272914 0.06828852344961112
8.783979999836626 0.19573877048943478 0.44129250181882407
8.862759999833644 0.018175445759503805 0.060730053578050835
8.9405299998307 0.19293125791185062 0.4341085186249649
9.019309999827717 0.01749742935146459 0.053823961278609556
9.097079999824773 0.19019801272229797 0.42711510378647954
9.17585999982179 0.01706606169109104 0.04709514644893886
9.254639999818808 0.1873894426416629 0.41993657864474176
9.332409999815864 0.016882910467940992 0.04053854737890994
9.411189999812882 0.18482960824848593 0.41338494801350656
9.488959999809937 0.016952198256548368 0.03414890811407334
9.567739999806955 0.18233634128197063 0.4070047954850442
9.64550999980401 0.017281047658248228 0.027921618291126826
9.724289999801028 0.17990776228691452 0.4007913701236099
9.803069999798046 0.017914476743970398 0.02154209876668034
9.880839999795102 0.177542203906206 0.3947403655374382
9.95961999979212 0.018808947640779783 0.01569321729236739
10.037389999789175 0.1752382016970926 0.3888479191409777
10.116169999786193 0.020010732132360376 0.009992468941344423
10.19494999978321 0.1728714329974006 0.3828005488781705
10.272719999780266 0.02155045957070234 0.004436981751310132
10.351499999777284 0.17070962800209866 0.377273021399549
10.42926999977434 0.0234659357206789 0.0009762380784206215
10.508049999771357 0.16860375914866266 0.37188919839787893
10.585819999768413 0.025528648005767377 0.0062501007721982305
10.66459999976543 0.16655262398537096 0.36664587755511624
10.743379999762448 0.02763996512030953 0.01165351238952006
10.821149999759504 0.16455508656280338 0.36154006994641996
10.899929999756521 0.02957614359239891 0.01660433064508693
10.977699999753577 0.16261007283184548 0.3565689793735505
11.056479999750595 0.03146185169431592 0.021426652118794465
11.13424999974765 0.16071654444348926 0.35172990219557443
11.213029999744668 0.03329808341393525 0.026122929468197498
11.291809999741686 0.1587844779323776 0.34679488172603135
11.369579999738741 0.03508586056846341 0.030695706452310567
11.448359999735759 0.15700863298916545 0.3422569205788317
11.526129999732815 0.036826227411907886 0.035147589605044605
11.604909999729832 0.15528011543664744 0.33784030935507525
11.68368999972685 0.03861345903556568 0.03972135196835813
11.761459999723906 0.15359791828781788 0.33354241614813596
11.840239999720923 0.040245766227925195 0.04389705252434428
11.91800999971798 0.1519609826595879 0.32936043488461797
11.996789999714997 0.041834819193135364 0.04796230769105181
12.074559999712053 0.1503681128690233 0.3252911644833101
12.15333999970907 0.043381611073298854 0.05191953717664788
12.232119999706088 0.14873485010691156 0.32112026557237217
12.309889999703143 0.04488711292108827 0.055771112936187084
12.388669999700161 0.14724124259222782 0.31730440631925205
12.466439999697217 0.0463522664951358 0.0595193734692967
12.545219999694234 0.14578756130515258 0.3135904063792938
12.62298999969129 0.04777853142706101 0.06316663052535754
12.701769999688308 0.14437286480543587 0.3099758783012163
12.780549999685325 0.049240964520967045 0.06690457955943474
12.858319999682381 0.14299663009969132 0.30645851814816716
12.937099999679399 0.05057903060084734 0.07032360808262306
13.014869999676455 0.14165797258690915 0.303036074145524
13.093649999673472 0.05188106702464378 0.07365044282755528
13.171419999670528 0.1403555922760631 0.29970634026007525
13.250199999667545 0.05314792762687903 0.07688728699737357
13.328979999664563 0.13902139796294044 0.2962965375155169
13.406749999661619 0.05438047364467568 0.08003635977322787
13.485529999658636 0.13780056042914213 0.2931751562404883
13.563299999655692 0.0555795613589023 0.08309986075928366
13.64207999965271 0.136612823223354 0.2901384021563258
13.719849999649766 0.05674600246054607 0.08607988698152713
13.798629999646783 0.13545741059226946 0.28718429229378506
13.8774099996438 0.057941246619745645 0.08913345930620098
13.955179999640857 0.13433357301431226 0.2843109170359237
14.033959999637874 0.05903435752277675 0.09192598415164177
14.11172999963493 0.13324057536369616 0.28151639515986426
14.190509999631947 0.060097636150353795 0.09464226191918668
14.268279999629003 0.13217768912980055 0.2787988581529066
14.34705999962602 0.06113179411416181 0.0972840993490931
14.425839999623038 0.1310882584048786 0.27601458785516675
14.503609999620094 0.06213753663459343 0.09985328829801299
14.582389999617112 0.13009269811530744 0.27346914861595684
14.660159999614168 0.06311556120541517 0.10235160150693368
14.738939999611185 0.12912455881160734 0.27099379890694886
14.816709999608241 0.06406655845997233 0.10478079795669393
14.895489999605259 0.12818312678770893 0.2685866960429384
14.974269999602276 0.06504210118506004 0.10727275533120029
15.052039999599332 0.1272677185860277 0.2662460848514403
15.13081999959635 0.0659327480479287 0.10954765033172054
15.208589999593405 0.12637766883054502 0.26397026774426235
15.287369999590423 0.06679883309132528 0.11175973152626195
15.365139999587479 0.1255123263538619 0.26175758932561743
15.443919999584496 0.06764098457517809 0.11391061397009183
15.521689999581552 0.12467105276746236 0.25960643097548974
15.60046999957857 0.06845982015587315 0.11600188840009684
15.679249999575587 0.12381346040050589 0.25741465657209694
15.757019999572643 0.0692559477963145 0.11803512302878127
15.83579999956966 0.1230255818620104 0.25539996357699657
15.913569999566716 0.07002996769927583 0.12001186717455203
15.992349999563734 0.12225953930211242 0.2534411254105251
16.07011999956079 0.07078247566302753 0.12193365713026871
16.14889999955781 0.12151475005810974 0.2515366715110434
16.227679999554827 0.07155051373100352 0.1238954532485681
16.305449999551882 0.12079063219079 0.24968511994424292
16.3842299995489 0.07225539219192123 0.12569556475646726
16.461999999545956 0.12008660916207814 0.24788499705215017
16.540779999542973 0.07294086916874565 0.12744614037095703
16.61854999954003 0.11940212466492284 0.24613488053824017
16.697329999537047 0.07360747444066429 0.1291485423540517
16.776109999534064 0.11870248799946026 0.24434683629431797
16.85387999953112 0.07425571914389018 0.13080408078326444
16.932659999528138 0.11806131242070217 0.24270748489244598
17.010429999525194 0.07488638086985966 0.13241402037523775
17.08920999952221 0.11743781194106595 0.24111337033088098
17.166979999519267 0.07549990744468282 0.13397958505277918
17.245759999516284 0.11683151483036702 0.23956328504955993
17.324539999513302 0.07612793076181434 0.13558244351957738
17.402309999510358 0.11624196367583516 0.23805605907546434
17.481089999507375 0.07670277511069068 0.13704934311923322
17.55885999950443 0.11566871477853348 0.23659055823581632
17.63763999950145 0.07726184836383088 0.13847603777998874
17.715409999498505 0.11511133796756523 0.23516568333720178
17.794189999495522 0.07780556657910953 0.13986358906808993
17.87296999949254 0.11454000709489466 0.23370571293520603
17.950739999489596 0.07833433253722288 0.14121302626937116
18.029519999486613 0.11401791228090553 0.2323710919935884
18.10728999948367 0.07884853683994286 0.1425253469344412
18.186069999480686 0.11351021983592592 0.23107333684241338
18.263839999477742 0.07934855905083493 0.14380151843887967
18.34261999947476 0.11301655465824234 0.2298114837490539
18.420389999471816 0.07983476797009681 0.14504247847622054
18.499169999468833 0.11253655033705579 0.2285845917161522
18.57794999946585 0.08033032650365024 0.14630744413213215
18.655719999462907 0.11206984897139194 0.22739174174399857
18.734499999459924 0.08078589294163174 0.1474702475001588
18.81226999945698 0.11161610123697453 0.2262320365846504
18.891049999453998 0.08122891648229968 0.14860107153272795
18.968819999451053 0.11117496613922317 0.22510460035748414
19.04759999944807 0.08165972263819843 0.14970074244574638
19.12637999944509 0.1107247063406388 0.22395416138887292
19.204149999442144 0.08207862948697098 0.15077006731726295
19.282929999439162 0.11031151702119656 0.2228981755581727
19.360699999436218 0.08248594791680186 0.15180983480533872
19.439479999433235 0.10990976680756592 0.22187144968727202
19.51724999943029 0.082881981867451 0.15282081589425012
19.59602999942731 0.1095191533480091 0.2208732072860542
19.674809999424326 0.0832868728106092 0.15385445849221968
19.752579999421382 0.1091393805787082 0.21990268819226388
19.8313599994184 0.08365786840721057 0.15480154251730216
19.909129999415455 0.10877015728401664 0.2189591451725148
19.987909999412473 0.0840186304346966 0.15572251270612458
20.06567999940953 0.10841119882179118 0.21804184823729367
20.144459999406546 0.08436943048225287 0.1566180604036127
20.223239999403564 0.10804362667160938 0.2171027383758184
20.30100999940062 0.08471053348197932 0.1574888610923919
20.379789999397637 0.10770742203685622 0.21624359929554027
20.457559999394693 0.08504219757707598 0.1583355735822356
20.53633999939171 0.10738051488493082 0.21540823187234936
20.614109999388766 0.0853646742421812 0.1591588397980903
20.692889999385784 0.1070626577699969 0.214596003080747
20.7716699993828 0.0856954701603393 0.16000338279579251
20.849439999379857 0.10675361047500131 0.21380629810380247
20.928219999376875 0.08599754387136105 0.16077457408821827
21.00598999937393 0.10645313922499401 0.21303851844679533
21.08476999937095 0.08629128988982149 0.1615245132985832
21.162539999368004 0.10616116410808772 0.21229207974481357
21.24131999936502 0.08657692794476024 0.16225376107905642
21.319089999362077 0.10587737191431645 0.21156641196300452
21.397869999359095 0.08685467231140453 0.16296286422436967
21.476649999356113 0.10558783116270341 0.21082619381773693
21.55441999935317 0.08712473192677872 0.16365235605432238
21.633199999350186 0.10532200146468372 0.21014646932202563
21.710969999347242 0.08738731050577797 0.16432275676949715
21.78974999934426 0.10506353038284566 0.20948556961296605
21.867519999341315 0.08764260662482581 0.16497457333813914
21.946299999338333 0.10481222229182396 0.20884299403006734
22.02507999933535 0.08790354447880877 0.16564083283276965
22.102849999332406 0.10456788645389159 0.20821825463426258
22.181629999329424 0.08814270313649464 0.16625146366875398
22.25939999932648 0.10433033694822501 0.20761087586630422
22.338179999323497 0.08837525925843903 0.1668452462035841
22.415949999320553 0.10409939259477284 0.20702039438654785
22.49472999931757 0.08860138749868107 0.16742262630330407
22.573509999314588 0.10386291899664601 0.20641590249674824
22.651279999311644 0.08882125808171837 0.1679840381172859
22.73005999930866 0.10364661103864668 0.20586285418063843
22.807829999305717 0.08903503697185744 0.16852990484081953
22.886609999302735 0.1034362892836087 0.20532512009034942
22.96437999929979 0.08924288622564014 0.16906063980753894
23.043159999296808 0.10323179416949235 0.20480229260948501
23.121939999293826 0.08945611046789725 0.1696051340891236
23.19970999929088 0.10303296989640198 0.20429397365964164
23.2784899992879 0.08965080430040251 0.17010229055227644
23.356259999284955 0.10283966411798195 0.2037997733014607
23.435039999281972 0.08984012631122285 0.17058573754556994
23.51280999927903 0.10265172805560652 0.20331931054772268
23.591589999276046 0.09002421993148157 0.1710558410123686
23.6693599992731 0.10246901685990006 0.2028522144056355
23.74813999927012 0.09020322486273258 0.1715129571654428
23.826919999267137 0.10228254547688309 0.20237559063162047
23.904689999264193 0.09037727716963029 0.17195743287237164
23.98346999926121 0.10211138691922184 0.20193803950424583
24.061239999258266 0.09054650937166442 0.1723896059803054
24.140019999255284 0.10194496087607596 0.20151259429626034
24.21778999925234 0.0907110505330857 0.17280980554990055
24.296569999249357 0.10178314063091332 0.2010989303828481
24.375349999246374 0.0908793070056092 0.17323951215275635
24.45311999924343 0.10162580277568256 0.20069673164516688
24.531899999240448 0.09103345908300786 0.17363318942273942
24.609669999237504 0.1014728271218549 0.20030569024084288
24.68844999923452 0.0911833602176344 0.17401601573733272
24.766219999231577 0.10132409661599882 0.19992550638415763
24.844999999228595 0.09132912353049527 0.17438827955738034
24.923779999225612 0.10117171092915878 0.199536037819259
25.001549999222668 0.09147085923706721 0.17475026194860854
25.080329999219686 0.10103238682407578 0.19917990570296196
25.15809999921674 0.09160867472184497 0.17510223677089654
25.23687999921376 0.10089690889001136 0.1988336099600807
25.314649999210815 0.09174267461095653 0.17544447086605963
25.393429999207832 0.10076517454745283 0.19849688793980302
25.471199999204888 0.09187296083850371 0.17577722422208453
25.549979999201906 0.10063708386163085 0.19816948378191812
25.628759999198923 0.0920057733980354 0.1761164391953729
25.70652999919598 0.10051253947256399 0.19785114823728245
25.785309999192997 0.0921278479023695 0.17642822545657078
25.863079999190052 0.10039144653346332 0.19754163850715933
25.94185999918707 0.09224655611639465 0.1767314173049539
26.019629999184126 0.10027371264581919 0.19724071807714072
26.098409999181143 0.09236198749922986 0.17702624294735347
26.17718999917816 0.10015345707669787 0.19693339067957671
26.254959999175217 0.09247422922913406 0.17731292477959348
26.333739999172234 0.10004315535605357 0.19665147078735679
26.41150999916929 0.09258336625979491 0.17759167953532717
26.490289999166308 0.09993589790187452 0.1963773348225284
26.568059999163363 0.09268948137381994 0.17786271841848666
26.64683999916038 0.09983160364936217 0.1961107753200797
26.7256199991574 0.09279808700185432 0.17814012322984185
26.803389999154454 0.09973019361112266 0.1958515901421931
26.882169999151472 0.09289750657401308 0.17839406429935867
26.959939999148528 0.09963159082244033 0.19559958233910102
27.038719999145545 0.0929941868331493 0.17864101073435945
27.1164899991426 0.09953572029398104 0.1953545600270834
27.19526999913962 0.09308820046335087 0.17888114799868848
27.274049999136636 0.09943740391309308 0.19510331400265368
27.351819999133692 0.09317961830543109 0.17911465686134553
27.43059999913071 0.0993475912946966 0.19487377711369103
27.508369999127765 0.09326850939826092 0.17934171349800465
27.587149999124783 0.09926025497468616 0.19465057101399896
27.66491999912184 0.09335494102321606 0.17956248960735444
27.743699999118856 0.09917532913514193 0.19443352731416397
27.821469999115912 0.09343897874824647 0.17977715252116555
27.90024999911293 0.09909274963463377 0.19422248191897085
27.979029999109947 0.09352472786576183 0.17999618797653882
28.056799999107003 0.09901245396875746 0.19401727493255638
28.13557999910402 0.09360346976093115 0.18019732592362558
28.213349999101077 0.09893438123065779 0.19381775054940764
28.292129999098094 0.0936800413385408 0.18039292141498464
28.36989999909515 0.0988584720708442 0.19362375695477496
28.448679999092167 0.09375450018923259 0.1805831214399034
28.527459999089185 0.09878086098185122 0.1934254324557072
28.60522999908624 0.0938269024437911 0.18076806926792255
28.68400999908326 0.09870974176178837 0.19324368177203732
28.761779999080314 0.09389730280768938 0.18094790453412335
28.840559999077332 0.09864058373272834 0.19306694433249838
28.918329999074388 0.09396575459574186 0.18112276332824528
28.997109999071405 0.0985733347824248 0.19289508685016443
29.075889999068423 0.09403588293125376 0.18130190431419058
29.15365999906548 0.09850794412556074 0.19272797943871156
29.232439999062496 0.09410001532286316 0.18146573099162566
29.310209999059552 0.09844436226873543 0.19256549551767144
29.38898999905657 0.09416238122840859 0.18162504609290364
29.466759999053625 0.0983825409825898 0.19240751174324222
29.545539999050643 0.09422302748015188 0.18177996917160266
29.6233099990477 0.09832243326845834 0.19225390792612096
29.702089999044716 0.09428199972289608 0.18193061675441102
29.780869999041734 0.09826116252879746 0.19209734487507513
29.85863999903879 0.09433934244732523 0.18207710242300612
29.937419999035807 0.09820484285584907 0.19195342235472923
30.015189999032863 0.09439509901405885 0.18221953687741488
30.09396999902988 0.0981500766495087 0.1918134704455121
30.171739999026936 0.0944493116790297 0.18235802800122825
30.250519999023954 0.09809682263130526 0.19167738359324726
30.32929999902097 0.09450468564864345 0.18249948418394002
30.407069999018027 0.09804504057344178 0.19154505893528295
30.485849999015045 0.09455548121306157 0.18262924711213158
30.5636199990121 0.09799469127085747 0.1914163962241533
30.64239999900912 0.09460487703160225 0.18275543481014456
30.720169999006174 0.09794573651839235 0.19129129777286646
30.79894999900319 0.09465291022942579 0.18287814207064157
30.87772999900021 0.09789563182204342 0.19116327034843783
30.955499998997265 0.09469961699176643 0.18299746128469518
31.034279998994283 0.09784976625235309 0.1910460666333491
31.11204999899134 0.09474503258581057 0.18311348250271697
31.190829998988356 0.09780516486283765 0.19093209390168564
