0.001020000000000002 1.4325072470370457 3.5741990895624576
0.08081000000000137 0.830142477421748 2.2402615430243022
0.16060000000001984 1.2291243325659524 3.039043090862792
0.23837000000009761 0.8144150097605947 2.211528351392622
0.3171500000001764 1.147460393289919 2.801264299614581
0.3959300000002552 0.7851434510550908 2.152915172090464
0.47370000000033297 1.0925626652290539 2.646636033235239
0.5524800000001204 0.7582789225239153 2.0915972646619263
0.6302499999997665 1.0470201106746408 2.522893197376952
0.7100399999994034 0.7305985000335296 2.0262580196191315
0.7878099999990494 1.0057064617637637 2.4111864938273553
0.8665899999986909 0.7065548377238255 1.968157939129933
0.944359999998337 0.9688729651489779 2.312951199514157
1.0231399999982353 0.6835153145596913 1.912595756503932
1.1009099999987448 0.9348612237574099 2.22224746550137
1.179689999999261 0.6612017059597701 1.8588010658929122
1.2574599999997704 0.9032383597669434 2.1379187208824924
1.3362400000002865 0.6395638692730397 1.806587341264998
1.414010000000796 0.8735956250983208 2.0589125305955247
1.4927900000013121 0.6185840430738997 1.7558480474581084
1.5705600000018216 0.8456359702996297 1.9844316775754711
1.6493400000023377 0.5982736641496088 1.7066186976056885
1.7271100000028472 0.8192010169136921 1.9140861492251693
1.8058900000033633 0.5786374071264483 1.6589172238439254
1.8836600000038728 0.7941535895485314 1.8475330371202525
1.962440000004389 0.5596517075906738 1.6126418652754326
2.0402100000048984 0.7703616105690716 1.7844551399597064
2.1189900000054145 0.5412990082892564 1.5677238244439562
2.196760000005924 0.7477034503200812 1.724520898050863
2.2745300000064335 0.5246277012244364 1.526844310572506
2.3533100000069496 0.7260882310578063 1.6674550833578605
2.431080000007459 0.5075412011374278 1.4848183258221126
2.509860000007975 0.7054235939774449 1.6129723988975164
2.5876300000084846 0.4909990770189682 1.444009631047316
2.6664100000090007 0.6856227881476604 1.5608251180358579
2.7441800000095102 0.47498987996239095 1.404424221845424
2.8219500000100197 0.6678027387824976 1.5136226314565682
2.900730000010536 0.45948910041424074 1.3660257268903964
2.9785000000110453 0.6496713230855485 1.4659799023674758
3.056270000011555 0.4453707854874392 1.3312426924691478
3.135050000012071 0.6321903911993515 1.420118412294391
3.2128200000125804 0.43095933845942624 1.2953912404362056
3.2916000000130965 0.6153148786922931 1.375915638533387
3.369370000013606 0.4169570855575444 1.2604783452900947
3.4471400000141155 0.6000167127582096 1.3356837921995601
3.5259200000146316 0.4033249140540922 1.2264414768961895
3.603690000015141 0.5843983054852713 1.294914483127152
3.6814600000156505 0.39086534696174247 1.1954240707585329
3.7602400000161667 0.5692563818376295 1.255433409529494
3.838010000016676 0.37804899503743583 1.16333126855106
3.9157800000171856 0.555349522023215 1.2191267256145832
3.9945600000177017 0.36550413845309726 1.1318816466775128
4.072330000014999 0.5412844128731501 1.1825392569768778
4.151110000012016 0.3532139840407946 1.101031191824886
4.228880000009072 0.5276313071653499 1.1470420718288188
4.306650000006128 0.34206562956116804 1.073040353495447
4.385430000003145 0.5143666332251212 1.1125709438276843
4.463200000000201 0.330487265590489 1.043915268149287
4.540969999997257 0.5023105453041483 1.081218480166224
4.619749999994275 0.31916563782307494 1.0154044087456793
4.69751999999133 0.4899632949770024 1.049152818371435
4.775289999988386 0.3088876063981173 0.9895385765343545
4.854069999985404 0.4779472672906424 1.0179808926570555
4.93183999998246 0.2982508944362957 0.9627282926546243
5.009609999979515 0.4670300839415649 0.9896347987532583
5.088389999976533 0.28783925255669907 0.9364841627580112
5.166159999973589 0.4558208623034587 0.9605807477602424
5.243929999970645 0.2783993891826384 0.9127455246778493
5.322709999967662 0.444887974646151 0.9322525104694446
5.400479999964718 0.2685988485963158 0.888049989111217
5.478249999961774 0.43499322030482845 0.9065819020900867
5.55601999995883 0.25957482512976815 0.8653469833909355
5.634799999955847 0.4247788097792385 0.8801109144044639
5.712569999952903 0.2503591484056136 0.84212855354584
5.790339999949959 0.4154101852281793 0.8558277934955894
5.869119999946976 0.24130922420662027 0.8193187144291736
5.946889999944032 0.40587579334089097 0.8311283939667291
6.024659999941088 0.2330367783651227 0.7984553078874024
6.1034399999381055 0.3965718864637629 0.8070509283986449
6.181209999935161 0.22449388020892425 0.7768859129316463
6.258979999932217 0.3881343361938824 0.7852443696903522
6.337759999929235 0.2161526343121719 0.7556804154724373
6.4155299999262905 0.37944094465110867 0.7627860882056137
6.493299999923346 0.20872014910253112 0.7365481292260001
6.571069999920402 0.37145764316425656 0.7421879213001525
6.64984999991742 0.20101900634323364 0.7165329459980052
6.7276199999144755 0.3633011602172689 0.721136128694555
6.805389999911531 0.19411149712750286 0.6983032096321118
6.884169999908549 0.35529759921153226 0.7004916289071628
6.961939999905605 0.187063012180536 0.6794329171252
7.03970999990266 0.348043321473977 0.681794307810335
7.117479999899716 0.18064806141753575 0.6620921430840032
7.196259999896734 0.3404894231500145 0.6623292011891047
7.27402999989379 0.17413549606036238 0.6442962714849343
7.351799999890845 0.33358097009221965 0.6445273049745737
7.430579999887863 0.1677954738055627 0.6267900326612286
7.508349999884919 0.32643521439728684 0.6261127975093594
7.586119999881975 0.16213602362724377 0.611007177546874
7.66388999987903 0.31984887645720805 0.609128822352345
7.742669999876048 0.156286150212545 0.5944627311811113
7.820439999873104 0.31308190377729395 0.5916856407510607
7.89820999987016 0.15105123949666588 0.5794416202223651
7.975979999867215 0.30681523976300795 0.5755216643865246
8.054759999864233 0.14570248911552386 0.5637890663228062
8.132529999861289 0.300422959398549 0.5590490825428618
8.210299999858345 0.1409055901770465 0.5494959759952844
8.289079999855362 0.29413416620535415 0.5428551776197055
8.366849999852418 0.1360324250542161 0.5346727026743658
8.444619999849474 0.2884447028556736 0.5281872366788232
8.52238999984653 0.1316519132017746 0.521071459438549
8.601169999843547 0.2825096388537558 0.5129184330598724
8.678939999840603 0.12721878401419806 0.507015995802762
8.756709999837659 0.27712387245091274 0.49904233155937394
8.834479999834715 0.1232116393484769 0.49406760488991397
8.913259999831732 0.2715260464358423 0.4846546362017645
8.991029999828788 0.11917874176418641 0.4807287893788259
9.068799999825844 0.2664347354882487 0.4715482283051964
9.1465699998229 0.11552321387660147 0.4684058160458804
9.225349999819917 0.2611579038143993 0.4579979701139325
9.303119999816973 0.1118505521181411 0.45574516104209817
9.380889999814029 0.25635262638756817 0.4456345832404396
9.458659999811085 0.10852339838076432 0.44402772143324887
9.537439999808102 0.25137995191041784 0.4328750234422585
9.615209999805158 0.10519008180111156 0.43201367138325786
9.692979999802214 0.246843000823921 0.4212179068034616
9.77074999979927 0.1021655043147094 0.42088278842454807
9.849529999796287 0.2421509518759557 0.4091957269723667
9.927299999793343 0.09914005770801859 0.409483029559643
10.005069999790399 0.23786671065202514 0.39820397762748705
10.082839999787454 0.09639947689228334 0.3989165870375455
10.161619999784472 0.23343478481335841 0.3868620479212326
10.239389999781528 0.09366455051072231 0.3880986373964501
10.317159999778584 0.2293883789036133 0.3764893610012199
10.39492999977564 0.09120963841033891 0.3780757385148381
10.473709999772657 0.22519968396541493 0.36577850699407444
10.551479999769713 0.08875818653940881 0.36781113484669614
10.629249999766769 0.221379793570598 0.35598896895225884
10.707019999763824 0.08654402136721051 0.35831557448493534
10.785799999760842 0.2174199543736831 0.34586719145074385
10.863569999757898 0.08433052400360608 0.34858298994859815
10.941339999754954 0.2138155471510903 0.33662703809029804
11.01910999975201 0.08235188036082042 0.3396052209398204
11.097889999749027 0.21006989485604088 0.32705276863266297
11.175659999746083 0.08038861415592435 0.3303889051311182
11.253429999743139 0.20666882513586704 0.31832930214881205
11.331199999740194 0.07863764150035013 0.32191534886081286
11.409979999737212 0.2031237884256055 0.30926668718768147
11.487749999734268 0.07688460934782038 0.31319201971343746
11.565519999731324 0.19991581349093757 0.3010356427847749
11.64328999972838 0.07533663473358321 0.30520139439516036
11.722069999725397 0.19655979761066725 0.29245497203376214
11.799839999722453 0.07380224835790894 0.2969435511656071
11.877609999719509 0.19353531110602684 0.2846940729941294
11.955379999716564 0.07245347255059442 0.2894102459391368
12.03314999971362 0.19055381216646083 0.2770451350615377
12.111929999710638 0.07109699279417525 0.2815894551067788
12.189699999707694 0.1875064988195907 0.2692526015618979
12.26746999970475 0.06992689242171368 0.27449022491106145
12.345239999701805 0.1846967854110123 0.2620453205215756
12.424019999698823 0.06875428356928404 0.26708149643136503
12.501789999695879 0.18180911238119424 0.25465930929696734
12.579559999692934 0.06773265534490969 0.2603942964007677
12.65732999968999 0.17916169814637395 0.2478686706039679
12.735099999687046 0.06678410943002866 0.2538052043970618
12.813879999684064 0.17642382441944293 0.24086365609030658
12.89164999968112 0.06585920121336575 0.24707685297544746
12.969419999678175 0.1739298876976213 0.23446601081276164
13.047189999675231 0.06503843587213509 0.24087500496061676
13.125969999672249 0.17133401635489676 0.22781927157774495
13.203739999669304 0.0642560860836654 0.23449863698593587
13.28150999966636 0.16898684563269173 0.22179278320763052
13.359279999663416 0.06357549088715009 0.22866548516000673
13.437049999660472 0.166675611707645 0.21585858096444532
13.51582999965749 0.06290191586556004 0.22262187164301395
13.593599999654545 0.16431456180898873 0.20980715536406125
13.671369999651601 0.062348007150470064 0.2171372797513338
13.749139999648657 0.16213802894909723 0.20421715883094382
13.827919999645674 0.06179023503981307 0.2114068522804602
13.90568999964273 0.15989589980536656 0.1984680680785389
13.983459999639786 0.061337548446598784 0.20625025572716948
14.061229999636842 0.15784598654253945 0.19320246615115444
14.138999999633898 0.06091996748332118 0.20117472213166954
14.217779999630915 0.15571578759256754 0.18773885145262348
14.295549999627971 0.06052406517118358 0.19596495248269674
14.373319999625027 0.15378529148183362 0.18278027376840145
14.451089999622083 0.06020362121242351 0.1911907994975537
14.528859999619138 0.15188477720783822 0.1779001397407609
14.607639999616156 0.05988891284980136 0.18624259324963033
14.685409999613212 0.14994305518966522 0.17291934149611388
14.763179999610268 0.059654172581142695 0.18175041181244245
14.840949999607323 0.14815338424011848 0.16832482404621762
14.91972999960434 0.059414532577415906 0.1770472548628721
14.997499999601397 0.1463070367198871 0.1635889886001829
15.075269999598452 0.05925380556529792 0.17281929717014588
15.153039999595508 0.1446218675241756 0.15926356362258032
15.230809999592564 0.05909658596523371 0.16865623395538876
15.309589999589582 0.14286563229372484 0.15475948066059342
15.387359999586637 0.05898632110130231 0.1643662303385418
15.465129999583693 0.14127897737168627 0.1506872832583217
15.542899999580749 0.05889008151435349 0.16044644663109064
15.620669999577805 0.1397172036141251 0.14667922249904652
15.699449999574822 0.05883442334907386 0.15636243428356345
15.777219999571878 0.1381140326949032 0.14256808690039646
15.854989999568934 0.05879358645120791 0.15267103029993345
15.93275999956599 0.1366432203213317 0.13879323750238814
16.010529999563047 0.058782655661766096 0.14903594542604592
16.089309999560065 0.1351165857029032 0.13487900865719604
16.16707999955712 0.058790910865039514 0.14530453652004116
16.244849999554177 0.1337309823465035 0.1313228081193274
16.322619999551232 0.05881085216352522 0.14187938197844918
16.40038999954829 0.13236676820666504 0.1278218564991218
16.479169999545306 0.058868215317610544 0.1383224077177836
16.55693999954236 0.13097091768050662 0.12424273834894528
16.634709999539417 0.05892174780918469 0.1350943181887665
16.712479999536473 0.12968520261820127 0.12094303323003652
16.79024999953353 0.0590098279034268 0.13191461320519737
16.869029999530547 0.12835440512085394 0.11753049929090764
16.946799999527602 0.05910859823716286 0.12865975989507783
17.024569999524658 0.12714251554946343 0.11442021665757363
17.102339999521714 0.05921041259115068 0.12566182033634243
17.18111999951873 0.12587323497169178 0.1111653412132263
17.258889999515787 0.05935078596009281 0.12255549451425374
17.336659999512843 0.12473073502127796 0.10823326520220666
17.4144299995099 0.05947977850526964 0.1197281023008534
17.492199999506955 0.1236053713555615 0.10534559318301495
17.570979999503972 0.0596357266986386 0.11676182678034275
17.648749999501028 0.12244222369387658 0.1023626873717931
17.726519999498084 0.0597968396270151 0.11409430606865723
17.80428999949514 0.12138070280905122 0.09963891844715356
17.882059999492196 0.05995555565468124 0.11146499020194822
17.960839999489213 0.12026990304103335 0.09679040006141948
18.03860999948627 0.06014254628286286 0.10874291368982991
18.116379999483325 0.11926845393861331 0.09422079145499085
18.19414999948038 0.06032969898343232 0.10626080530067306
18.271919999477436 0.11828183057463994 0.0916894244262556
18.350699999474454 0.06052494672521225 0.10365807331146337
18.42846999947151 0.11726248707552257 0.08907538251257119
18.506239999468566 0.060721536026378864 0.1013145829336981
18.58400999946562 0.11633139771759472 0.08668638991967681
18.661779999462677 0.060931004140139855 0.09900420776769447
18.740559999459695 0.1153571296324678 0.0841881438587544
18.81832999945675 0.06114697472197539 0.09661252885946325
18.896099999453806 0.11447842977921785 0.08193350196141758
18.973869999450862 0.06135530234141973 0.09443046053893012
19.051639999447918 0.11361267416088905 0.07971223455487397
19.130419999444936 0.06159752639312566 0.09214187080757164
19.20818999944199 0.11271787137559841 0.07741789353730155
19.285959999439047 0.06181639524392924 0.09008092532325485
19.363729999436103 0.11190067276134809 0.07532122918211259
19.44149999943316 0.06203207941284172 0.0880489603422685
19.520279999430176 0.11104499542158153 0.07312752981012416
19.598049999427232 0.06228423108573645 0.08594418807902349
19.675819999424288 0.11027366959554018 0.07114865920146984
19.753589999421344 0.06251833635072002 0.084024613489464
19.8313599994184 0.10951369718911518 0.06919917040070223
19.910139999415417 0.06276332314124089 0.08200956362691691
19.987909999412473 0.10872738662561075 0.06718365317445185
20.06567999940953 0.06299206697318138 0.08019622592898568
20.143449999406585 0.10800998485344161 0.06534362727018683
20.22121999940364 0.06323871582286256 0.07840836271861829
20.299999999400658 0.10725779103555033 0.06341596920093062
20.377769999397714 0.0634939216881164 0.07655411522206057
20.45553999939477 0.10658063766232084 0.06167948911014465
20.533309999391825 0.06372682845270183 0.07486495704529528
20.61107999938888 0.10591346421403548 0.05996890006092492
20.688849999385937 0.06396582059936806 0.07319990416160271
20.767629999382955 0.1052219797913656 0.058197252591773996
20.84539999938001 0.06422854613121864 0.0714934497541786
20.923169999377066 0.10459218592568165 0.05658278843199138
21.000939999374122 0.06447104218291955 0.06992024547033404
21.078709999371178 0.10397180542046436 0.05499269781539251
21.157489999368195 0.06472260786270012 0.06828566295948857
21.23525999936525 0.10333608887424485 0.05336427483833006
21.313029999362307 0.06495620397639335 0.06679946945744586
21.390799999359363 0.1027504284778238 0.05186338961614689
21.46856999935642 0.06520623515275215 0.06533466762443929
21.547349999353436 0.10214198769817372 0.05030504418339632
21.625119999350492 0.06546279191957494 0.06383012861723714
21.702889999347548 0.10158917265155354 0.0488884906022502
21.780659999344604 0.06569891705600128 0.062446412004368845
21.85842999934166 0.10104464121474421 0.04749329409887704
21.937209999338677 0.06594463132043826 0.06100518689751144
22.014979999335733 0.10048511371316471 0.04606034840189954
22.09274999933279 0.06618208787566937 0.059698383204298544
22.170519999329844 0.09997108957004552 0.04474338462150396
22.2482899993269 0.06642360435365535 0.0584106490671088
22.327069999323918 0.09943543502132401 0.04337165112058283
22.404839999320973 0.06667223822098489 0.05708415404949152
22.48260999931803 0.09895024138710827 0.04212858879649728
22.560379999315085 0.06690030849645845 0.05586812304728683
22.63814999931214 0.09847230818673758 0.04090417946471803
22.71692999930916 0.06713847099832604 0.05459747548676175
22.794699999306214 0.09797949010599215 0.03964213237758196
22.87246999930327 0.06736670189867167 0.053449380927217405
22.950239999300326 0.09752831259308925 0.03848623914425309
23.02800999929738 0.0675983644965108 0.05231818709724445
23.1067899992944 0.09705636779334748 0.03727762424525771
23.184559999291455 0.06783776998260749 0.051148583495308486
23.26232999928851 0.09663060655437228 0.03618648032032157
23.340099999285567 0.0680565209244397 0.050080602600999224
23.417869999282622 0.0962113802496799 0.035111629652861964
23.49664999927964 0.06828588969074734 0.048960089880401014
23.574419999276696 0.09577726447661283 0.03399900723605187
23.65218999927375 0.06849397808897595 0.04795189927507826
23.729959999270807 0.0953814623968241 0.032984163120042265
23.807729999267863 0.06871487239251695 0.04695855143638239
23.88549999926492 0.09499161234257791 0.03198459946419652
23.964279999261937 0.06894418064031926 0.045926738843260484
24.042049999258992 0.09459189375617527 0.030960069353280772
24.11981999925605 0.06915277037376033 0.044988859671057924
24.197589999253104 0.09422375829245555 0.030016155704537528
24.27535999925016 0.06935825964653675 0.044064914986452486
24.354139999247177 0.09384068668411694 0.02903428716957146
24.431909999244233 0.06956948426891418 0.04311458119764522
24.50967999924129 0.09349307655590744 0.028143001944636037
24.587449999238345 0.0697635522966884 0.04224207747250963
24.6652199992354 0.09315066097313973 0.027265089815908805
24.743999999232418 0.06997920731322371 0.04133105586614505
24.821769999229474 0.09279776051731348 0.026360553340698534
24.89953999922653 0.070177128148178 0.04050717588826025
24.977309999223586 0.09247439013357794 0.02553150177575514
25.05507999922064 0.07037211976457003 0.039695443935150454
25.13385999921766 0.09213610401196481 0.024664456846890115
25.211629999214715 0.07057365296709095 0.038855941358417745
25.28939999921177 0.09183074714080053 0.023881630015409883
25.367169999208826 0.07075781328792441 0.038089306493738206
25.444939999205882 0.0915299307048878 0.02311050457933783
25.5237199992029 0.0709510491734231 0.03728432890320876
25.601489999199956 0.09121817707887092 0.022311506588779118
25.67925999919701 0.071124961117362 0.03656033211609788
25.757029999194067 0.09093408933147795 0.02158331900874444
25.834799999191123 0.07130402470630193 0.035846928408445056
25.91256999918818 0.09065427055946929 0.02086613098446488
25.991349999185196 0.07149555677506159 0.03510484287858606
26.069119999182252 0.09036696412202527 0.020129838113169818
26.146889999179308 0.07166955585397905 0.03443103392157809
26.224659999176364 0.09010269390692549 0.019452550055576445
26.30242999917342 0.07184096575648702 0.033767188905609036
26.381209999170437 0.0898272179236611 0.018746623159549003
26.458979999167493 0.07201752784806392 0.03308306323241972
26.53674999916455 0.08957766838035008 0.018107102782549678
26.614519999161605 0.07217942497644947 0.03245603406936137
26.69228999915866 0.0893318604523029 0.017477209189120657
26.771069999155678 0.07234874999679852 0.0317999086171028
26.848839999152734 0.08907795851676381 0.016826599598251946
26.92660999914979 0.07250163444710389 0.03120777775437178
27.004379999146845 0.0888458298340008 0.016231781557951575
27.0821499991439 0.072652574254644 0.03062441791127357
27.16092999914092 0.08860238593951619 0.015607996900368626
27.238699999137975 0.07281975640499116 0.030019573974238156
27.31646999913503 0.08838320672722444 0.015046374077176683
27.394239999132086 0.07297209057230913 0.02946868591846563
27.472009999129142 0.08816730229425551 0.014493163530659992
27.549779999126198 0.07312213710624427 0.02892605418350902
27.628559999123215 0.08794290314245057 0.013918186449268788
27.70632999912027 0.07327623932012739 0.02836854282718404
27.784099999117327 0.08773902944445966 0.013395806231231155
27.861869999114383 0.07341794351825315 0.027856102077317146
27.93963999911144 0.08753822999291616 0.012881317899138267
28.018419999108456 0.07356572863369693 0.027321436006966238
28.096189999105512 0.08733139361134268 0.012351345360450683
28.173959999102568 0.0736995343076906 0.02683758419740334
28.251729999099624 0.08714176924871297 0.011865488121465262
28.32949999909668 0.07383133871870007 0.026360963126603743
28.408279999093697 0.08694343587007125 0.01135731870904877
28.486049999090753 0.07396756413773087 0.025868137198636898
28.56381999908781 0.08676438893754423 0.010898558515204382
28.641589999084864 0.07409202941881343 0.025418084382922146
28.71935999908192 0.08658802735394389 0.010446687595189186
28.797129999078976 0.07421812615887091 0.024974820769052553
28.875909999075994 0.08640520417699549 0.009978257758813669
28.95367999907305 0.07435214146790559 0.024520600602295772
29.031449999070105 0.08623866645955458 0.009551549960518102
29.10921999906716 0.07447570150736671 0.024102021429284193
29.186989999064217 0.08607464688745425 0.009131301154474691
29.265769999061234 0.07460422242370679 0.02366642266574681
29.34353999905829 0.08590612983875678 0.00869952224281656
29.421309999055346 0.07472089148919259 0.023271212272812924
29.4990799990524 0.0857512333313123 0.008302639270674206
29.576849999049458 0.0748358073959321 0.022881932732843335
29.655629999046475 0.08558963786408058 0.007888601418215568
29.73339999904353 0.07495426481041534 0.022480462652907374
29.811169999040587 0.0854433763364435 0.007513832065497716
29.888939999037643 0.07506277758012392 0.022112891724812567
29.9667099990347 0.08529931250210676 0.007144698343086731
30.045489999031716 0.07517636517065207 0.021727928326242818
30.12325999902877 0.08515035702157603 0.006763028521450387
30.201029999025828 0.07527881613910603 0.021380911109025735
30.278799999022883 0.08501431294018458 0.0064144281561206995
30.35656999901994 0.07537973492254957 0.021039076919049382
30.434339999016995 0.08488032957810032 0.006071110451089101
30.513119999014013 0.07548442626532403 0.020684291382422337
30.59088999901107 0.08474303397956062 0.005719293327510755
30.668659999008124 0.07557971337739877 0.020361556816639315
30.74642999900518 0.08461649851981767 0.005395041835076775
30.824199999002236 0.07567356269298009 0.020043688213911004
30.902979998999253 0.08448483995841116 0.005057662268459495
30.98074999899631 0.07577238350184301 0.019716752981235874
31.058519998993365 0.08436535408847123 0.004751455645435332
31.13628999899042 0.07586667142684023 0.01941663127690285
31.214059998987477 0.08424766720839094 0.004449858731225831
31.292839998984494 0.0759651071051588 0.019103160285416365
31.37060999898155 0.08412630899166196 0.004138844776502282
31.448379998978606 0.07605412513782617 0.018819840577033453
31.52614999897566 0.0840151691148181 0.0038540038316048353
31.603919998972717 0.07614180665250547 0.018540774576880636
31.682699998969735 0.08389880168315833 0.0035557685796661076
31.76046999896679 0.07623252303161798 0.018251923929613056
31.838239998963846 0.08379385827598052 0.003286785178580054
31.916009998960902 0.07631530903368533 0.01798846904181861
31.993779998957958 0.08369048528477252 0.0030218243098123487
32.07154999898043 0.07639684098462984 0.01772900674332778
32.150329999005436 0.083583215947166 0.0027468723671764117
32.22809999903012 0.07648043600199694 0.017462872836060406
32.305869999054806 0.08348559773095998 0.002496636917370676
32.38363999907949 0.07655742052221037 0.017217913996825374
32.46140999910418 0.08338945230470551 0.002250173107165576
32.54018999912918 0.07663757468520482 0.016962754310967387
32.61795999915387 0.0832905743402037 0.001996693618488976
32.69572999917855 0.07671025455105418 0.01673152589569682
32.77349999920324 0.08319977325136951 0.0017639035582495133
32.851269999227924 0.07678183884151357 0.016503786993760095
32.93004999925293 0.08310495707588761 0.0015208203131944487
33.007819999277615 0.07685570085230731 0.016268703867250434
33.0855899993023 0.08301921419390679 0.0013009710389533247
33.163359999326985 0.07692328664069048 0.0160537207122613
33.24112999935167 0.08293475707867526 0.001084413497565162
33.31990999937668 0.07699410155371889 0.01582835879101463
33.39767999940136 0.08284735209839733 0.000860291296678195
33.47544999942605 0.07705790258778633 0.015625450443279565
33.55321999945073 0.08276759251686838 0.0006557505823456822
33.63098999947542 0.07712074665664514 0.015425591232387514
33.7087599995001 0.0826890387360385 0.0004542962918963056
33.78753999952511 0.07718600280329435 0.015217969504599527
33.865309999549794 0.08260846882726713 0.00024765961741390896
33.94307999957448 0.07724533132820621 0.015029327579096918
34.020849999599164 0.08253427743895436 5.7363778960262124e-05
34.09861999962385 0.07730376200648059 0.014843547091991649
34.177399999648856 0.08245982891411774 0.00014081608487037656
34.25516999967354 0.07736416530031265 0.014652290870431628
34.332939999698226 0.08239336110044848 0.00032055137499931163
