0.001020000000000002 0.1193756568723866 0.29784992068787597
0.07879000000000215 0.06403626757445557 0.16624937649154514
0.15858000000001782 0.11561196827549558 0.2934787319456511
0.23534000000009458 0.06188275981374913 0.15818307293368195
0.31412000000017337 0.11322520957789028 0.2874166339529416
0.39189000000025115 0.059380833480293445 0.15210644737769785
0.47067000000032994 0.11079615767241402 0.28067386314092335
0.5484400000001388 0.056936783038658456 0.1462625029027942
0.6272199999997803 0.10839730367509091 0.2743964357155626
0.7049899999994264 0.05460914694612462 0.14038618154189608
0.7837699999990678 0.10605064242844475 0.2684331310777499
0.8615399999987139 0.05235693005775399 0.13463844943951697
0.9403199999983554 0.10377873261233639 0.2626492513661871
1.0180899999982023 0.05016536333995958 0.12906861678935178
1.0968699999987184 0.10157838062974058 0.2570306506226361
1.1746399999992279 0.048034858973523775 0.1236614352945975
1.253419999999744 0.09944351603956825 0.251581174793325
1.3311900000002534 0.04596513150081105 0.11840511551149957
1.4099700000007696 0.09737101815944993 0.2462951973803862
1.487740000001279 0.04395420357106816 0.11329565789144347
1.5665200000017951 0.09535877902939394 0.24116473387623127
1.6442900000023046 0.042000035310243655 0.10832973913057486
1.7230700000028207 0.09340473529017568 0.23618338613179413
1.8008400000033302 0.04010085542871378 0.10350327238880519
1.8786100000038397 0.0916184259234295 0.2316288784461884
1.9573900000043558 0.038255017129540936 0.09881205043676955
2.0351600000048653 0.08977825556860919 0.22693833848069778
2.1139400000053814 0.03646093054769195 0.0942520501283961
2.191710000005891 0.08799060128118785 0.22238215317200716
2.270490000006407 0.034717059512963666 0.08981943124029002
2.3482600000069165 0.08625379823056833 0.2179559823332955
2.4270400000074326 0.03302192358526035 0.08551048979789089
2.504810000007942 0.08456625905818493 0.21365570325257988
2.583590000008458 0.03137409630422339 0.08132164200106429
2.6613600000089677 0.08292646802283143 0.20947739409491462
2.7401400000094838 0.029772202621779376 0.07724942403488644
2.8179100000099933 0.0813329738225339 0.20541731187172507
2.8966900000105094 0.02821491558705591 0.073290486943689
2.974460000011019 0.07978438348284378 0.2014718722277431
3.0522300000115283 0.0267889933669484 0.06966498139175936
3.1310100000120444 0.07827935802708053 0.19763763432938397
3.208780000012554 0.025320439015147578 0.06593149038364166
3.28756000001307 0.07681660846108196 0.19391128711121475
3.3653300000135795 0.023892596185548398 0.06230141643964737
3.4441100000140956 0.07539489258417775 0.19028964123645187
3.521880000014605 0.02250430497012834 0.05877182134598202
3.600660000015121 0.07401314127972791 0.1867696239414962
3.6784300000156307 0.021154443355108188 0.0553398591933707
3.757210000016147 0.07267019987755063 0.18334827003909648
3.8349800000166563 0.019841925245600245 0.05200277517257712
3.9137600000171724 0.07136481087778623 0.18002271496212474
3.991530000017682 0.0185656987230004 0.04875790141851688
4.070310000015075 0.07009589327825305 0.17679018989138484
4.148080000012131 0.017324744627569832 0.04560265262418817
4.225850000009187 0.06893593722950253 0.1738349046510046
4.304630000006204 0.016118075249525243 0.04253452209741493
4.38240000000326 0.06773989185018248 0.17078821817698708
4.461180000000278 0.014944733015361478 0.039551078888588886
4.5389499999973335 0.06657709320109684 0.16782631429284045
4.617729999994351 0.013803789318783455 0.03664996538117471
4.695499999991407 0.06544659676100884 0.16494677885449116
4.7742799999884244 0.012694343182255265 0.03382889423936275
4.85204999998548 0.064347487715251 0.16214727361711923
4.930829999982498 0.011615520048525507 0.031085646114303866
5.008599999979554 0.06327887982280556 0.15942553309027385
5.087379999976571 0.010566470906430259 0.02841806710106587
5.165149999973627 0.062239914173202744 0.15677936185226615
5.242919999970683 0.009607166533166067 0.025978431527762247
5.3216999999677 0.06122975797366814 0.1542066308024892
5.399469999964756 0.008617937930416542 0.023462914845184812
5.478249999961774 0.060247610980826094 0.15170527524991373
5.55601999995883 0.007655905322343948 0.021016523635064566
5.634799999955847 0.059292936315410334 0.14927329322513838
5.712569999952903 0.00672031970911513 0.01863735574757497
5.7913499999499205 0.05836471243339925 0.1469087428694893
5.869119999946976 0.005810453641886371 0.01632356350117492
5.947899999943994 0.05746220175561534 0.1446097400220503
6.02566999994105 0.0049256004608763115 0.014073351955612434
6.104449999938067 0.05658468837985475 0.14237445629413648
6.182219999935123 0.004065073649865303 0.011884977279286169
6.259989999932179 0.05578252676507778 0.14033088057970877
6.338769999929196 0.003228206143822354 0.009756745005684575
6.416539999926252 0.05495530333051224 0.1382237749164239
6.49531999992327 0.0024143496781962037 0.007687008496304326
6.573089999920326 0.05415089362166481 0.13617481488046312
6.651869999917343 0.0016228742087187609 0.005674167402502928
6.729639999914399 0.053368667094158995 0.13418239105787988
6.8084199999114166 0.0009211553252208571 0.003716666208830599
6.886189999908472 0.05260801128050486 0.13224494041472745
6.96496999990549 0.0005907588563027755 0.0018129926960264164
7.042739999902546 0.05186833123871715 0.1303609450517218
7.121519999899563 0.0008447136272810017 3.832363760780666e-05
7.199289999896619 0.05114904901865969 0.1285289304317705
7.277059999893675 0.001500083249056705 0.0017284090979119426
7.3558399998906925 0.05044960318112979 0.1267474636674315
7.433609999887748 0.0021777820907592504 0.0034741649949876496
7.512389999884766 0.04976944814511198 0.12501515245898487
7.590159999881822 0.0028374707818286105 0.00517208394716917
7.668939999878839 0.04910812852726832 0.12333064393147408
7.746709999875895 0.0034798110319190774 0.006823466275285295
7.825489999872913 0.04846521594643316 0.12169262328185493
7.903259999869968 0.004104536590485375 0.008429576619395363
7.982039999866986 0.04784004089865579 0.12009981258757074
8.059809999864042 0.004712333967304305 0.009991644966078628
8.137579999861098 0.047267470046906346 0.11864085832006266
8.216359999858115 0.005304308494614385 0.011510867679476178
8.294129999855171 0.04667811678694589 0.11713934662583858
8.372909999852189 0.005880036979943992 0.012988408470171464
8.450679999849244 0.04610495802417436 0.1156791090294651
8.529459999846262 0.006439960884062846 0.014425399231443592
8.607229999843318 0.04554755138020694 0.11425901707762254
8.686009999840335 0.006984509650187487 0.01582294117038474
8.763779999837391 0.04500546671380401 0.11287797357208973
8.842559999834409 0.007514415095109861 0.01718210560524014
8.920329999831464 0.04447828574416468 0.11153491166361329
8.999109999828482 0.008030269145205549 0.018503934768587804
9.076879999825538 0.043965601708613744 0.11022879394915197
9.154649999822594 0.008501680798416289 0.019712011063166557
9.233429999819611 0.043467019031497967 0.10895861166276832
9.311199999816667 0.00898808745196511 0.020958394747205844
9.389979999813685 0.0429821530022495 0.10772338383445712
9.46774999981074 0.009461179025581634 0.02217066738618989
9.546529999807758 0.04251062944947037 0.10652215636589579
9.624299999804814 0.00992131580893374 0.023349751649059947
9.703079999801831 0.042052084452073424 0.1053540013080112
9.780849999798887 0.010368848371039907 0.024496545294006022
9.859629999795905 0.04160616404519224 0.10421801612789938
9.93739999979296 0.010804648454374455 0.02561192185827066
10.015169999790016 0.04119751573358432 0.10317685992620174
10.093949999787034 0.011228573900311178 0.02669673133846029
10.17171999978409 0.04077713664213034 0.10210595782788046
10.250499999781107 0.011640875035493048 0.027751800855679853
10.328269999778163 0.040368471976715115 0.10106443201624016
10.40704999977518 0.012041866603358597 0.028777935315804637
10.484819999772236 0.039971027290764405 0.10005148452305601
10.563599999769254 0.012431854885316174 0.029775917907226557
10.64136999976631 0.039584488702055776 0.09906633902486695
10.720149999763327 0.012811137919708337 0.03074651064151057
10.797919999760383 0.03920856012667817 0.09810824022129516
10.8766999997574 0.013180005734369058 0.031690455196486944
10.954469999754457 0.03884295349081901 0.09717645333284786
11.032239999751512 0.013517176326793057 0.03255337640284406
11.11101999974853 0.03848738850838551 0.0962702635462942
11.188789999745586 0.013864978930766436 0.03344341923005034
11.267569999742603 0.0381415924778723 0.09538897543027725
11.34533999973966 0.014203606503111144 0.03430911501149936
11.424119999736677 0.03780530006741656 0.0945319123950572
11.501889999733732 0.014533031274314046 0.035151120703380556
11.58066999973075 0.037478253113666926 0.09369841613507957
11.658439999727806 0.01485343621548918 0.03597007567287536
11.737219999724823 0.037160200429040335 0.092887846114309
11.81498999972188 0.015165064896406346 0.03676660221997308
11.892759999718935 0.03686873838212279 0.09214495496616681
11.971539999715953 0.015468154377890841 0.03754130602056094
12.049309999713008 0.0365688962394316 0.09138080382600222
12.128089999710026 0.015762935392304778 0.038294776591352164
12.205859999707082 0.03627726883898852 0.09063759135764515
12.2846399997041 0.01604963250952507 0.039027587691797816
12.362409999701155 0.03599363390022958 0.08991475076658428
12.441189999698173 0.016328464299752543 0.03974029773575749
12.518959999695229 0.035717775107326544 0.08921173048545006
12.597739999692246 0.01659964349327392 0.04043345024155043
12.675509999689302 0.03544948194195485 0.08852799377325749
12.75428999968632 0.016863377140862612 0.04110757422484124
12.832059999683375 0.03518854953424244 0.08786301828748178
12.909829999680431 0.017104398602378446 0.04172371264998809
12.988609999677449 0.034934778509735365 0.08721629570895839
13.066379999674504 0.017353068194831733 0.04235933442371387
13.145159999671522 0.03468797483288899 0.08658733136399643
13.222929999668578 0.017594935278473445 0.042977570696844936
13.301709999665595 0.034447949672058886 0.08597564385438572
13.379479999662651 0.017830183268312427 0.04357889005582871
13.458259999659669 0.03421451925943486 0.08538076468075362
13.536029999656725 0.01805919374631726 0.04416374857982852
13.614809999653742 0.03398750475936707 0.08480223787976637
13.692579999650798 0.018281965049326887 0.04473259030033372
13.770349999647854 0.03377954132071603 0.08427219863571533
13.849129999644871 0.018498632428565087 0.04528584746883446
13.926899999641927 0.033565535436634875 0.08372678946890755
14.005679999638945 0.01870936071438567 0.045823940849265554
14.083449999636 0.033357499407638214 0.08319631619725376
14.162229999633018 0.018914310346043184 0.046347280004210845
14.239999999630074 0.03315516193309087 0.08268037520506866
14.318779999627091 0.01911363748876982 0.04685626358978956
14.396549999624147 0.03295836900798421 0.08217857366253911
14.475329999621165 0.019307494149756632 0.047351279650642564
14.55309999961822 0.03276697073878432 0.08169052923471254
14.631879999615238 0.019496028281757005 0.047832705885486604
14.709649999612294 0.03258082123745443 0.08121586980797124
14.78741999960935 0.01966825015768492 0.04827252845667207
14.866199999606367 0.0323997785115836 0.08075423321207698
14.943969999603423 0.019846015314073706 0.048726456655978634
15.02274999960044 0.03222370436378741 0.08030526696412021
15.100519999597497 0.02001891766359154 0.04916796871843321
15.179299999594514 0.03205246428953901 0.07986862800263284
15.25706999959157 0.02018708827052751 0.049597399232648165
15.335849999588588 0.03188592737823637 0.07944398244075224
15.413619999585643 0.020350654718777172 0.05001507390292037
15.492399999582661 0.03172396622137552 0.079031005325092
15.570169999579717 0.02050974120585103 0.050421309789272506
15.647939999576773 0.031575674219201266 0.07865283856107741
15.72671999957379 0.02066446862732929 0.05081641551564209
15.804489999570846 0.03142297995363197 0.0782634933000903
15.883269999567863 0.02081495466975425 0.05120069151155482
15.96103999956492 0.03127446540016443 0.07788480638399875
16.03981999956194 0.020961313889227062 0.05157443021893693
16.117589999558994 0.031130017744108063 0.077516490070062
16.196369999556012 0.02110365779349488 0.05193791630337952
16.274139999553068 0.030989527173803096 0.07715826428811301
16.352919999550085 0.02124209492082274 0.05229142686016264
16.43068999954714 0.030852886803630963 0.07680985643958582
16.50946999954416 0.0213767309204983 0.0526352316153722
16.587239999541215 0.03071999259494851 0.07647100119024808
16.66500999953827 0.021499647227760654 0.052949144938652104
16.743789999535288 0.030590743282804204 0.07614144028093017
16.821559999532344 0.021626593539030403 0.05327331348957687
16.90033999952936 0.03046504030178454 0.07582092234817983
16.978109999526417 0.021750067046024446 0.053588614526045575
17.056889999523435 0.030342787715854077 0.07550920273948769
17.13465999952049 0.021870161336661753 0.05389528699248913
17.213439999517508 0.03022389214793586 0.07520604332343916
17.291209999514564 0.02198696751535989 0.05419356349275484
17.36998999951158 0.03010826271489686 0.0749112123262119
17.447759999508637 0.022100574269510176 0.05448367045617353
17.525529999505693 0.03000245817610314 0.07464140129339603
17.60430999950271 0.022211067931187656 0.05476582829925247
17.682079999499766 0.02989344241712277 0.07436343533567813
17.760859999496784 0.022318532538653013 0.05504025158508119
17.83862999949384 0.02978741022360532 0.07409307717611835
17.917409999490857 0.02242313648327532 0.05530714917530988
17.995179999487913 0.029684281112618116 0.07383012156582103
18.07395999948493 0.02252487550777893 0.05556672438146171
18.151729999481987 0.029583976739725903 0.07357436871541223
18.230509999479004 0.022623821973220437 0.055819175105498164
18.30827999947606 0.029486420843923614 0.07332562414523736
18.387059999473077 0.022720051395185403 0.05606469398498071
18.464829999470133 0.029391539194271732 0.07308369855795194
18.54259999946719 0.022807847022675576 0.056288720846320306
18.621379999464207 0.029299259534257938 0.07284840768964074
18.699149999461262 0.022898581155855635 0.05652021899492654
18.77792999945828 0.029209511532921062 0.07261957218938075
18.855699999455336 0.0229868329230023 0.05674538399655926
18.934479999452353 0.029122226731083445 0.07239701747883132
19.01224999944941 0.023072669222244713 0.056964386507041276
19.091029999446427 0.029037338495252474 0.07218057363866937
19.168799999443483 0.02315615517424041 0.05717739265002075
19.2475799994405 0.028954781968242527 0.07197007527741661
19.325349999437556 0.023237354175041247 0.05738456415153026
19.40311999943461 0.028879291319580117 0.07177757065550683
19.48189999943163 0.023316327936058978 0.05758605844015108
19.559669999428685 0.02880145522594213 0.07157910914300514
19.638449999425703 0.023393136529655467 0.05778202876406402
19.71621999942276 0.02872574918474946 0.07138607887197113
19.794999999419776 0.02346783843283251 0.05797262430179417
19.872769999416832 0.028652115753831864 0.07119833336466375
19.95154999941385 0.0235404905685912 0.058157990268103976
20.029319999410905 0.028580499016546357 0.0710157300324088
20.108099999407923 0.0236111483446122 0.0583382680134914
20.18586999940498 0.02851084454329622 0.0708381300824068
20.263639999402034 0.02367590137898068 0.058503499359641165
20.342419999399052 0.02844309935058975 0.07066539840646646
20.420189999396108 0.02374251721621523 0.05867346424821562
20.498969999393125 0.028377211864726082 0.07049740349405198
20.57673999939018 0.023807311137018727 0.05883878086163641
20.6555199993872 0.028313131883172193 0.07033401733098632
20.733289999384255 0.023870332221974655 0.058999574409102085
20.812069999381272 0.028250810540447535 0.0701751153138086
20.889839999378328 0.023931628250450365 0.05915596678127688
20.968619999375345 0.028190200272415034 0.07002057615578261
21.0463899993724 0.0239912457338054 0.05930807663685478
21.12516999936942 0.02813125478035161 0.06987028180049926
21.202939999366475 0.024049229950340423 0.05945601948548207
21.28070999936353 0.028077392285024594 0.06973293161085525
21.359489999360548 0.02410562497621971 0.059599907773066896
21.437259999357604 0.028021816116867493 0.06959122865898282
21.51603999935462 0.02416047371742458 0.05973985096010548
21.593809999351677 0.02796776079033725 0.0694534034826444
21.672589999348695 0.02421381793995614 0.05987595559812098
21.75035999934575 0.027915185298663655 0.06931935151864854
21.829139999342768 0.024265698298616245 0.06000832540616896
21.906909999339824 0.02786404972468592 0.06918897098452392
21.98568999933684 0.02431615436805923 0.06013706134589958
22.063459999333897 0.0278143152107394 0.06906216279727317
22.141229999330953 0.024362361280251044 0.06025496941020059
22.22000999932797 0.027765943932497872 0.068938830510068
22.297779999325027 0.024409931662047746 0.06037634249841384
22.376559999322044 0.02771889906963243 0.06881888023616556
22.4543299993191 0.024456200896292857 0.06049439589300709
22.533109999316117 0.027673144782233598 0.06870222058996678
22.610879999313173 0.02450120403709044 0.0606092190245211
22.68965999931019 0.02762864618415306 0.06858876261750524
22.767429999307247 0.024544975209826014 0.060720898955468616
22.846209999304264 0.027585369316548206 0.06847841972992263
22.92397999930132 0.024587547635046114 0.06082952043791057
23.002759999298338 0.02754328112563209 0.0683711076453597
23.080529999295393 0.02462895365143869 0.06093516597568405
23.15829999929245 0.02750485429021221 0.06827310820313182
23.237079999289467 0.024669224739886423 0.061037915883110916
23.314849999286523 0.027465200170634693 0.06817192856051202
23.39362999928354 0.024708391544106756 0.0611378483407754
23.471399999280596 0.027426631186259764 0.0680735177303049
23.550179999277614 0.024746483894229957 0.061235039453266804
23.62794999927467 0.027389118081250326 0.06797780106176932
23.706729999271687 0.024783530828086264 0.06132956330359152
23.784499999268743 0.027352632375923672 0.06788470588345863
23.86327999926576 0.024819560609599778 0.06142149200012437
23.941049999262816 0.027317146347093146 0.06779416145572537
24.018819999259872 0.024852532506382308 0.06150562833155959
24.09759999925689 0.027282633007846613 0.06770609891706414
24.175369999253945 0.02488650215047517 0.06159230051024922
24.254149999250963 0.027249066089259255 0.06762045123995808
24.33191999924802 0.024919542574116216 0.06167660188457491
24.410699999245036 0.027216420019237856 0.06753715317161513
24.488469999242092 0.024951678815067435 0.061758596331118465
24.56724999923911 0.027184669907320717 0.06745614120148291
24.645019999236165 0.02498293524536055 0.06183834603084026
24.723799999233183 0.027153791524861855 0.06737735350582641
24.80156999923024 0.02501333559216978 0.061915911517163025
24.880349999227256 0.02712376128847338 0.06730072990972502
24.958119999224312 0.02504290295215195 0.06199135171864878
25.035889999221368 0.027096360126326102 0.06723080641662937
25.114669999218385 0.025071659809983826 0.06206472399833407
25.19243999921544 0.027068045379492256 0.06715856021553002
25.27121999921246 0.025099628051639674 0.062136084195496544
25.348989999209515 0.027040505483068578 0.06708829108725833
25.427769999206532 0.0251268289825487 0.062205486666111476
25.505539999203588 0.027013719547266838 0.06701994572658743
25.584319999200606 0.025153283340916044 0.06227298431993322
25.66208999919766 0.026987667235448987 0.06695347224520143
25.74086999919468 0.025179011314072963 0.06233862866166229
25.818639999191735 0.026962328753091902 0.06688882013400343
25.89640999918879 0.02520253873219724 0.06239866527789628
25.975189999185808 0.026937684829857145 0.06682594022319188
26.052959999182864 0.025226795970965554 0.06246055695120489
26.13173999917988 0.026913716708294233 0.06676478465120761
26.209509999176937 0.025250389613092897 0.06252075551329561
26.288289999173955 0.026890406129165045 0.0667053068280743
26.36605999917101 0.025273337539712837 0.06257930658380984
26.44483999916803 0.026867735317916978 0.06664746140082611
26.522609999165084 0.02529565715766091 0.06263625457522126
26.6013899991621 0.026845686975121023 0.06659120422867204
26.679159999159157 0.02531736541409213 0.06269164272320049
26.756929999156213 0.026825479799182483 0.06653963891219972
26.83570999915323 0.025338478803341835 0.06274551311165055
26.913479999150287 0.026804693027769777 0.06648660085381008
26.992259999147304 0.02535901338544033 0.06279790671619434
27.07002999914436 0.026784474880859777 0.06643501365846127
27.148809999141378 0.025378984792228446 0.06284886341625384
27.226579999138433 0.02676481003474851 0.06638483822797303
27.30535999913545 0.02539840823826422 0.06289842203295315
27.383129999132507 0.0267456835723473 0.06633603649993658
27.461909999129524 0.025417298536234093 0.06294662035462029
27.53967999912658 0.02672708097278431 0.06628857142272349
27.618459999123598 0.025435670103196913 0.06299349516684094
27.696229999120654 0.02670898809991029 0.06624240692797434
27.77399999911771 0.02545245814136876 0.06303633458411007
27.852779999114727 0.026691391192743996 0.0661975079049304
27.930549999111783 0.025469779766094436 0.06308053038756034
28.0093299991088 0.02667427685776147 0.06615384017804038
28.087099999105856 0.025486627492913416 0.06312351707074004
28.165879999102874 0.026657632055788527 0.06611137047691784
28.24364999909993 0.02550301409256484 0.0631653272170074
28.322429999096947 0.026641444095234834 0.06607006641968782
28.400199999094003 0.025518951997570816 0.0632059925457229
28.47897999909102 0.026625700621673465 0.06602989648230029
28.556749999088076 0.025534453311115035 0.0632455439374291
28.634519999085132 0.02661128228943188 0.06599310343327058
28.71329999908215 0.025549529813971406 0.06328401144843898
28.791069999079205 0.02659643937629208 0.06595523141538218
28.869849999076223 0.025564192975482958 0.06332142434194443
28.94761999907328 0.02658200250960252 0.06591839543222955
29.026399999070296 0.02557845395997904 0.06335781110278216
29.104169999067352 0.02656796074616452 0.06588256756128175
29.18294999906437 0.025592323633874644 0.06339319945426469
29.260719999061426 0.02655430343409715 0.06584772062406818
29.339499999058443 0.025605812575590248 0.0634276163865688
29.4172699990555 0.026541020203791454 0.06581382816195358
29.496049999052516 0.02561893108204283 0.0634610881708686
29.573819999049572 0.026528100960601545 0.06578086441954012
29.651589999046628 0.0256309101309401 0.06349165617679509
29.730369999043646 0.026515535878466667 0.06574880432417274
29.8081399990407 0.02564327910313791 0.06352321545727291
29.88691999903772 0.026503315392268023 0.06571762347080679
29.964689999034775 0.02565530965051721 0.06355391126460219
30.043469999031792 0.026491430190288434 0.06568729810042528
30.121239999028848 0.02566701089579926 0.06358376687407574
30.200019999025866 0.026479871209917568 0.0656578050883927
30.27778999902292 0.025678391716648655 0.06361280493598631
30.35656999901994 0.02646862962939156 0.06562912192670245
30.434339999016995 0.02568946075731482 0.0636410475049698
30.51210999901405 0.026458341743723527 0.06560286910664015
30.59088999901107 0.02570022643186909 0.06366851605066337
30.668659999008124 0.02644774302419517 0.0655758262985695
30.74743999900514 0.025710696931360747 0.06369523146899647
30.825209999002197 0.026437434258780756 0.06554952330950492
30.903989998999215 0.0257208802284562 0.06372121410350706
30.98175999899627 0.02642740763367102 0.0655239402029495
31.06053999899329 0.025730784084536662 0.06374648375536696
31.138309998990344 0.026417655542474328 0.06549905757222696
31.217089998987362 0.025740416054165546 0.06377105970056807
31.294859998984418 0.026408170578743673 0.06547485652008689
31.373639998981435 0.025749783490688016 0.06379496070025859
31.45140999897849 0.026398945535225146 0.06545131865463016
31.529179998975547 0.0257583310542383 0.06381677232202287
31.607959998972564 0.026389973393954103 0.06542842607099031
31.68572999896962 0.025767163416644756 0.0638393080266475
31.764509998966638 0.026381247324107963 0.06540616134003141
31.842279998963694 0.025775754102633327 0.06386122710464459
31.92105999896071 0.02637276067673255 0.06538450749723479
31.998829998957767 0.025784109626863616 0.06388254617658573
32.07760999898235 0.026364506980334546 0.06536344802945404
32.15537999900704 0.025792236329915456 0.06390328142015234
32.234159999032045 0.026356479934060987 0.06534296686121488
32.31192999905673 0.025800140385167758 0.06392344858749954
32.389699999081415 0.02634913921980475 0.06532423471626858
32.46847999910642 0.025807827801397117 0.06394306300775421
32.546249999131106 0.026341571080417906 0.06530492451155556
32.62502999915611 0.02581530442900104 0.0639621396083756
32.7027999991808 0.02633420999708636 0.06528614261014365
32.7815799992058 0.02582257596101267 0.06398069291444486
32.85934999923049 0.026327050389167606 0.06526787477294516
32.938129999255494 0.025829647940628142 0.06399873707040316
33.01589999928018 0.026320086825136313 0.06525010714144575
33.094679999305185 0.025836525763271223 0.0640162858400295
33.17244999932987 0.026313314015300904 0.06523282621938575
33.250219999354556 0.025842829400245293 0.06403237143199902
33.32899999937956 0.02630672681259383 0.0652160188738149
33.40676999940425 0.02584931370771859 0.06404891610820584
33.48554999942925 0.02630032020631412 0.06519967232054835
33.56331999945394 0.02585562065090752 0.06406500824580608
33.642099999478944 0.026294089317338565 0.06518377410908993
33.71986999950363 0.025861755008320775 0.06408066003642521
33.798649999528635 0.02628802939829222 0.06516831212718399
33.87641999955332 0.025867721432508373 0.0640958833519778
33.955199999578326 0.026282135826831476 0.06515327458126441
34.03296999960301 0.025873524451124452 0.06411068974393475
34.11174999962802 0.02627640410408527 0.06513864999294627
34.1895199996527 0.025879168474507334 0.06412509046462844
34.26728999967739 0.026271166274823177 0.06512528403550544
34.346069999702394 0.025884657793162402 0.06413909646164617
34.42383999972708 0.02626576214435083 0.06511149534254024
34.502619999752085 0.02588999658477764 0.0641527183932844
34.58038999977677 0.026260505872622072 0.06509808390984251
34.659169999801776 0.02589518891616782 0.06416596663612051
34.73693999982646 0.02625539347485506 0.06508503957097789
34.81571999985147 0.02590023874557201 0.06417885128889855
34.89348999987615 0.02625042107164122 0.06507235242668719
34.97226999990116 0.025905149925755436 0.0641913821825213
35.05003999992584 0.026245584885857376 0.06506001284041218
35.12780999995053 0.025909647832241145 0.06420285993196106
35.206589999975535 0.026240881241579972 0.06504801143307759
35.28436000000022 0.025914278092999957 0.06421467402852876
