0.001020000000000002 1.193756135740615 2.978499235048948
0.07980000000000176 0.6804215636406871 1.8257517847841132
0.15959000000001883 1.0515454493539966 2.6152278737857193
0.23837000000009761 0.6637736516736369 1.7827486064097897
0.3171500000001764 0.9861033511608923 2.4305414545466975
0.3959300000002552 0.6397252845347243 1.736455216434829
0.47370000000033297 0.9411174709299893 2.3011421252369657
0.5524800000001204 0.6175872355409464 1.6877647055085099
0.6312599999997619 0.9028109886632191 2.1957771127144587
0.7100399999994034 0.5947383775588477 1.6336694208036073
0.7878099999990494 0.869933025936583 2.1074152560545234
0.8665899999986909 0.5743246242208017 1.5841375625451848
0.944359999998337 0.8396118483738273 2.026737470807194
1.0231399999982353 0.5545263565053228 1.5356702452870685
1.1019199999987515 0.8104169687216851 1.9493487604734794
1.179689999999261 0.5354451152888965 1.488718944234213
1.258469999999777 0.784176016033736 1.8801821824447007
1.3362400000002865 0.5170627258295956 1.4433798350709015
1.4150200000008026 0.7594355214110683 1.8151231109411747
1.4938000000013187 0.4982786357597071 1.3971748612550572
1.5715700000018282 0.7360514215147028 1.7536827308572533
1.6503500000023443 0.4811892179649096 1.355013455753551
1.7281200000028538 0.7139314167004809 1.6956034632779615
1.80690000000337 0.4645932405842149 1.314033136013626
1.8846700000038794 0.6929926991965071 1.640651040784058
1.9634500000043955 0.44850666744687406 1.2742571532277758
2.041220000004905 0.6731902245778331 1.588741433863683
2.120000000005421 0.43293871225142344 1.2356952813950328
2.1977700000059306 0.6544754620632555 1.539736818904025
2.2765500000064467 0.41786371875941647 1.1982633142502364
2.354320000006956 0.6367152466217294 1.4932494718194467
2.4331000000074723 0.4033004530994839 1.162026449547826
2.5108700000079818 0.6198140652553201 1.449027679117565
2.589650000008498 0.38927652507530364 1.1270866293649595
2.6674200000090074 0.6036847377862075 1.4068320230795295
2.745190000009517 0.3766425393407262 1.0955294634742319
2.823970000010033 0.5882541600410511 1.3664686081426458
2.9017400000105424 0.36365594890654085 1.0631367263058245
2.9805200000110585 0.5734552518148646 1.327777408828712
3.058290000011568 0.3511070052568678 1.0318076847593782
3.137070000012084 0.5592267240666338 1.2906104005622976
3.2148400000125936 0.3389666404055769 1.0014630554501136
3.2936200000131097 0.5455158610272277 1.2548428213186136
3.371390000013619 0.3272098879501354 0.9720398419227227
3.4491600000141287 0.5329958774970454 1.2222460655126888
3.527940000014645 0.3158116016436632 0.9434754553149016
3.6057100000151543 0.5202666152563391 1.1891722387672221
3.6844900000156704 0.3047485466318228 0.9157063377262298
3.76226000001618 0.5079630781940295 1.1572623473249721
3.841040000016696 0.29399630311467195 0.8886770938338562
3.9188100000172055 0.49606776797917423 1.126453694344054
3.9975900000177216 0.28353509994839776 0.8623507141897191
4.075360000014884 0.4845609779174669 1.0966822086838746
4.1541400000119015 0.2733464096367144 0.8366857738648648
4.231910000008957 0.47342099889540146 1.0678821777225123
4.309680000006013 0.26413909269140745 0.8133755064967163
4.388460000003031 0.46262492799825944 1.0399894147507305
4.4662300000000865 0.25453165030116554 0.7891366785398701
4.545009999997104 0.45215239623863696 1.0129455311970847
4.62277999999416 0.24517995173806642 0.7655353469271597
4.700549999991216 0.442539661427584 0.9881896634570397
4.779329999988233 0.2360791327641657 0.742566576766801
4.857099999985289 0.4327312000803283 0.9628578536710619
4.935879999982307 0.2272248014919721 0.7202225293471143
5.0136499999793624 0.4232065661532908 0.9382633836354737
5.09242999997638 0.21862138223443872 0.6985157251302776
5.170199999973436 0.41395601824710476 0.9143805547034312
5.248979999970453 0.2102685868918883 0.6774447599769973
5.326749999967509 0.40497114009644547 0.8911866207694574
5.404519999964565 0.20269490167320248 0.6582987424783915
5.483299999961583 0.3962433425234787 0.8686608653659444
5.561069999958638 0.19486064362000888 0.6385486397259221
5.639849999955656 0.3877618712379134 0.8467788562910528
5.717619999952712 0.18723918809544116 0.6193332005717367
5.796399999949729 0.37951554824739087 0.8255123880300697
5.874169999946785 0.1798133579285226 0.6006065239240965
5.951939999943841 0.37194463155719026 0.8060116526501293
6.0307199999408585 0.17256927576101955 0.5823324273792507
6.108489999937914 0.3641780605293867 0.7859943318796137
6.187269999934932 0.16549909210756664 0.5644914534607914
6.265039999931988 0.3566141714222707 0.7665062442780313
6.343819999929005 0.15859473151943337 0.5470637916167531
6.421589999926061 0.34924840514553823 0.7475351383691708
6.500369999923079 0.151887118169162 0.5300274608937672
6.578139999920134 0.34207659103463384 0.7290692898787698
6.656919999917152 0.1453996765491664 0.51337051324718
6.734689999914208 0.3350953799594124 0.7110996860873797
6.812459999911264 0.13952728461999309 0.4981549488572323
6.891239999908281 0.32830370193586356 0.6936176231909785
6.969009999905337 0.1334776462526287 0.48234424493073247
7.0477899999023546 0.32169411201495424 0.6766092237151078
7.12555999989941 0.1276447374877101 0.4669246163552354
7.204339999896428 0.31526099274289976 0.6600591682989432
7.282109999893484 0.12203195069625372 0.4518942606017817
7.360889999890501 0.3089997946964331 0.6439553695911648
7.438659999887557 0.11664523291422468 0.4372482280967649
7.516429999884613 0.30325203894491193 0.6291965057103499
7.5952099998816305 0.1114815612265121 0.422980270507578
7.672979999878686 0.2973423894532441 0.6140026496829543
7.751759999875704 0.10653250877354892 0.40908337638717596
7.82952999987276 0.29159186026746453 0.5992211622816712
7.908309999869777 0.10180184750105392 0.3955485671536585
7.986079999866833 0.2859978684160722 0.5848442789260555
8.06485999986385 0.09730714744533908 0.38236524113632875
8.142629999860906 0.28055743154584 0.5708637080112933
8.221409999857924 0.09305018564942824 0.3695240309306458
8.29917999985498 0.2752675622318259 0.5572718285424272
8.377959999851997 0.0890184101841669 0.35701625908785006
8.455729999849053 0.2701253225630199 0.5440615941737503
8.53450999984607 0.08519001182958974 0.3448336504061844
8.612279999843127 0.2651275729985978 0.5312256078869981
8.690049999840182 0.08179877979565653 0.3337174541817256
8.7688299998372 0.26027027363076083 0.5187537567333589
8.846599999834256 0.07836874038239472 0.32218580217504567
8.925379999831273 0.25554843258348203 0.506632956370523
9.003149999828329 0.07513128754647092 0.3109517456376887
9.081929999825347 0.2509571091292986 0.49484962580373937
9.159699999822402 0.07208447909960036 0.300007016943038
9.23847999981942 0.24649224450043694 0.48339251844402575
9.316249999816476 0.06920483030533964 0.2893451877966635
9.395029999813493 0.24215203961217568 0.4722515692543783
9.47279999981055 0.06649429502000725 0.2789610724796776
9.551579999807567 0.23793095280485063 0.46141711547567077
9.629349999804623 0.06395745910493855 0.26885015447128957
9.70812999980164 0.23382553021648478 0.4508802067247686
9.785899999798696 0.061577105594437076 0.2590081901895802
9.864679999795714 0.22983257534377866 0.4406321761064369
9.94244999979277 0.059349436406784244 0.2494306792035883
10.020219999789825 0.22617303004980405 0.43122543396624247
10.098999999786843 0.057273575629526396 0.24011270566390852
10.176769999783899 0.222398225426235 0.4215360551554803
10.255549999780916 0.05535468467224913 0.23104841065826331
10.333319999777972 0.21872610221466757 0.4121099366327874
10.41209999977499 0.053583531787016574 0.22223055371506373
10.489869999772045 0.21515367688292186 0.4029395999766816
10.568649999769063 0.051954058679245185 0.21365152560381961
10.646419999766119 0.21167803353948192 0.3940180870604548
10.725199999763136 0.05046190531361073 0.20530406081116226
10.802969999760192 0.20829674115122812 0.3853399054488227
10.88174999975721 0.049100528280693 0.19718062196270036
10.959519999754265 0.20500746613733664 0.37689978524294565
11.038299999751283 0.047861460603470074 0.189272681287056
11.116069999748339 0.20180773234706448 0.3686921667261922
11.194849999745356 0.04674025718356889 0.1815698854407577
11.272619999742412 0.19869486262425376 0.3607109661477148
11.35139999973943 0.04573844710655073 0.17406452866297606
11.429169999736486 0.19566620240810684 0.3529500598832169
11.507949999733503 0.04484641909414888 0.16675411182116573
11.585719999730559 0.1927193364370101 0.34540263230617985
11.664499999727576 0.044057401147537645 0.15963586960155984
11.742269999724632 0.189851921419261 0.338061635913367
11.82104999972165 0.04337000141124803 0.15270657261683418
11.898819999718706 0.1870616901125406 0.33092040336494266
11.977599999715723 0.04277997204171502 0.1459627686391185
12.055369999712779 0.18434645087572787 0.32397264483576826
12.134149999709797 0.0422825992082575 0.13940075977438848
12.211919999706852 0.1817040821460023 0.3172124653649355
12.29069999970387 0.04187374488752171 0.13301653208018793
12.368469999700926 0.17913251610681014 0.31063429865206826
12.447249999697943 0.04155354272267808 0.1268055066389273
12.525019999695 0.1766297375600402 0.30423287101749574
12.603799999692017 0.041319100310934775 0.1207620669565368
12.681569999689073 0.17419372128009958 0.29800288259728136
12.76034999968609 0.041163190307819564 0.1148809143519447
12.838119999683146 0.17182263494041328 0.29193947679266863
12.916899999680163 0.041081363038166896 0.10915750577679129
12.99466999967722 0.16951596635345845 0.28603820381625233
13.073449999674237 0.04106911551081582 0.10358803486506529
13.151219999671293 0.16727134744554306 0.280295084856097
13.22999999966831 0.04112343652417383 0.09816942771567749
13.307769999665366 0.1650872213848944 0.27470678847358876
13.386549999662384 0.04124103990621364 0.09289876814753129
13.46431999965944 0.16296228440453842 0.26926987764613886
13.543099999656457 0.04141867468185567 0.08777313762581285
13.620869999653513 0.16089516992737407 0.2639807504149272
13.69964999965053 0.04165305375819006 0.08278946435414936
13.777419999647586 0.15888453020369153 0.25883587255361995
13.856199999644604 0.04194094865597364 0.07794454699139308
13.93396999964166 0.15692906681839325 0.2538318519026972
14.012749999638677 0.042287433923753115 0.07323519619933938
14.090519999635733 0.155027496430308 0.24896536186106433
14.16929999963275 0.042686526660294044 0.06865817793341167
14.247069999629806 0.15317854933285502 0.2442331341777071
14.325849999626824 0.04313153129900971 0.06421020725068116
14.40361999962388 0.15138097041264276 0.23963196611300752
14.482399999620897 0.04361972354903776 0.05988809641036541
14.560169999617953 0.14963348915801433 0.235158622566356
14.63894999961497 0.04414822225336679 0.05568868653911263
14.716719999612026 0.14793482978798111 0.23080984584623598
14.795499999609044 0.04471525948838029 0.05160888809818687
14.8732699996061 0.1462836930264505 0.2265823141399781
14.952049999603117 0.045320172425511895 0.04764559357252063
15.029819999600173 0.14467874738418862 0.22247262790057176
15.10859999959719 0.04597037300069862 0.043795570032689746
15.186369999594246 0.1431185875258284 0.2184772200298779
15.265149999591264 0.04665239540793653 0.040055411478812086
15.34291999958832 0.14160181793581184 0.21459256514071434
15.421699999585337 0.04736398374935835 0.03642173546040128
15.499469999582393 0.14012713184547887 0.21081536790389377
15.57824999957941 0.048103333434120876 0.03289126677149534
15.656019999576467 0.13869328594355168 0.20714251932150152
15.734799999573484 0.0488684653766388 0.029460840382933284
15.81256999957054 0.13729909806970553 0.20357107857688073
15.891349999567558 0.04966445624026472 0.026127414501098123
15.969119999564613 0.13594344185127172 0.20009824172120272
16.047899999561633 0.05048942385727606 0.022888048512326176
16.12566999955869 0.13462519832038689 0.19672122520065782
16.204449999555706 0.05133457635878569 0.019739750693914537
16.282219999552762 0.13334323140094917 0.19343715038109277
16.36099999954978 0.05219841292434024 0.016679503166960874
16.438769999546835 0.13209639584578536 0.19024309543139717
16.517549999543853 0.053079416269605995 0.013704437294592697
16.59531999954091 0.13088360727215398 0.1871362789236275
16.674099999537926 0.05398406951653312 0.010811844173674867
16.751869999534982 0.12970384073710006 0.18411407209072417
16.830649999532 0.0549106416963947 0.007999166690775272
16.908419999529055 0.12855612460714927 0.1811739832027981
16.987199999526073 0.05584988553952607 0.005263984900349961
17.06597999952309 0.12738163556645066 0.1781648835260774
17.143749999520146 0.05680045539799139 0.0026040025113749365
17.222529999517164 0.12629918503851356 0.17539193093998318
17.30029999951422 0.057761285408531864 1.703495717819692e-05
17.379079999511237 0.12524607064350468 0.172694140304408
17.456849999508293 0.05874576257346775 0.0024990019318216206
17.53562999950531 0.12422147912038928 0.17006942333263053
17.613399999502366 0.059703610964897846 0.004946101856784235
17.692179999499384 0.1232246275739377 0.16751577087400493
17.76994999949644 0.06063524078045779 0.007326175607247354
17.848729999493457 0.1222547608750939 0.1650312453238434
17.926499999490513 0.0615413741155485 0.009641059075604641
18.00527999948753 0.12131114889398541 0.1626139713630903
18.083049999484587 0.06242270511348291 0.011892510168498571
18.161829999481604 0.12039308279862282 0.16026212969745268
18.23959999947866 0.06327990125658722 0.01408222277109461
18.318379999475678 0.11949987644335647 0.15797396377446038
18.396149999472733 0.06411360613447725 0.016211849985581228
18.47492999946975 0.11863087286237017 0.1557477624340775
18.552699999466807 0.06492443508294876 0.018282983606576764
18.631479999463824 0.11778544257415911 0.1535818876486683
18.710259999460842 0.06575434230074628 0.020401807623382506
18.788029999457898 0.1169629863201681 0.15147479355933635
18.866809999454915 0.06651729352440294 0.02235061250931425
18.94457999945197 0.11616293860548077 0.14942502305868022
19.02335999944899 0.06725914813906897 0.024245525808885837
19.101129999446044 0.11538475181110375 0.14743116808645373
19.179909999443062 0.0679804328274708 0.02608789043160309
19.257679999440118 0.11462789019322528 0.14549185566830047
19.336459999437135 0.0686816601059802 0.027879015056342382
19.41422999943419 0.11389183129582912 0.14360574753893296
19.49300999943121 0.06936332785288235 0.029620171249744587
19.570779999428265 0.11317606714466823 0.14177154418227866
19.649559999425282 0.07002591686381776 0.03131258944956139
19.727329999422338 0.11248010566481881 0.13998799485543945
19.806109999419355 0.07066989159339776 0.03295746054797766
19.884889999416373 0.11177187949808864 0.13817286542923135
19.96265999941343 0.07129570805184693 0.034555948201731024
20.041439999410446 0.11111771650002601 0.13649631166945397
20.119209999407502 0.07190381339190599 0.03610919332910356
20.19798999940452 0.11048182977241117 0.13486653148883088
20.275759999401576 0.07249464593310084 0.03761831456261522
20.354539999398593 0.10986376847161829 0.13328238413355953
20.43230999939565 0.07306863564846355 0.03908440793015666
20.511089999392667 0.1092630919125992 0.1317427554125561
20.588859999389722 0.0736262037441181 0.04050854354614719
20.66763999938674 0.1086793695530056 0.130246543024104
20.746419999383757 0.07419494919232739 0.04196063858585841
20.824189999380813 0.10811218063364357 0.12879266677788825
20.90296999937783 0.0747174997805965 0.04329531629563288
20.980739999374887 0.10756111424923809 0.12738008106581988
21.059519999371904 0.07522495629785064 0.04459142901419577
21.13728999936896 0.10702577287858252 0.1260077770526391
21.216069999365978 0.07571769448904009 0.04584993923631986
21.293839999363033 0.10650605604179451 0.12467476349755646
21.37261999936005 0.07619608294132929 0.04707179149542329
21.450389999357107 0.10600136120175763 0.12338006631785747
21.529169999354124 0.07666048329360853 0.048257910878657384
21.607949999351142 0.10548926279948391 0.1220665390177289
21.685719999348198 0.07711125015263998 0.049409203648165256
21.764499999345215 0.10501640464887485 0.1208534712100584
21.84226999934227 0.0775487310583648 0.05052655779109738
21.92104999933929 0.10455726029527213 0.11967556458870598
21.998819999336344 0.07797326651946657 0.05161084329332599
22.077599999333362 0.1041114803618749 0.11853192409105873
22.155369999330418 0.07838519008081357 0.052662912340273316
22.234149999327435 0.10367872260296507 0.11742167293801176
22.312929999324453 0.07880408207765066 0.05373238145359727
22.39069999932151 0.10325865184539061 0.11634395248264484
22.469479999318526 0.07918893881655586 0.05471530980014627
22.547249999315582 0.10285093991797321 0.11529792204356681
22.6260299993126 0.0795622729092017 0.05566880390578399
22.703799999309656 0.10245526557920014 0.11428275873602844
22.782579999306673 0.07992438758096787 0.056593638506419186
22.86034999930373 0.10207131443856199 0.11329765721862506
22.939129999300746 0.08027557946839214 0.05749057137164337
23.017909999297764 0.10168239009572067 0.11230000143567231
23.09567999929482 0.08061613871934648 0.05836034367111553
23.174459999291837 0.10132351475965284 0.11137919436554622
23.252229999288893 0.08094634908067966 0.05920368034515455
23.33100999928591 0.100975336555159 0.1104858200435932
23.408779999282967 0.08126648804132275 0.060021290243494896
23.487559999279984 0.1006375711123153 0.10961914988221189
23.56532999927704 0.08157682693197088 0.06081386637938335
23.644109999274058 0.10030994042339858 0.10877847110573047
23.722889999271075 0.08189091676903204 0.06161568917375515
23.80065999926813 0.09999217274412131 0.10796308634244411
23.87943999926515 0.08218018048062226 0.06235442452663387
23.957209999262204 0.09968400255454701 0.10717231354306911
24.035989999259222 0.08246053701605105 0.0630704072435484
24.113759999256278 0.09938517053210572 0.10640548633367164
24.192539999253295 0.08273223028801524 0.06376426019281123
24.271319999250313 0.09908283054266565 0.10562984661718344
24.34908999924737 0.08299549852219901 0.06443659168184901
24.427869999244386 0.0988040207394364 0.10491434813487688
24.505639999241442 0.08325057435467731 0.06508799562088274
24.58441999923846 0.09853369679782974 0.10422060481323214
24.662189999235515 0.08349768506688515 0.0657190517574624
24.740969999232533 0.09827162609941364 0.10354802020230425
24.81974999922955 0.08374858810232577 0.06635952204737672
24.897519999226606 0.09801758140774275 0.1028960122784972
24.976299999223624 0.08397849888297526 0.06694663683913804
25.05406999922068 0.09777134079065264 0.10226401303743415
25.132849999217697 0.08420119752647814 0.0675153264712458
25.210619999214753 0.09753268758850198 0.10165146800783509
25.28939999921177 0.0844168868532571 0.06806610887039044
25.367169999208826 0.09730141028782013 0.10105783596126017
25.445949999205844 0.08462576478720274 0.06859948951234429
25.52472999920286 0.09706852251151554 0.1004602559453005
25.602499999199917 0.08482802444658721 0.06911596162081368
25.681279999196935 0.09685304915727522 0.09990714334356943
25.75904999919399 0.08502385422330483 0.06961600630139841
25.83782999919101 0.09664425481704408 0.0993711602833125
25.916609999188026 0.0852227903355135 0.070123763541452
25.99437999918508 0.09644195125686794 0.09885182434594686
26.0731599991821 0.08540470977805659 0.07058826695962583
26.150929999179155 0.09624595485756915 0.09834866469267123
26.229709999176173 0.08558082602968198 0.07103794409726305
26.30747999917323 0.09605608652740216 0.09786122193838898
26.386259999170246 0.08575130620815963 0.07147322176279669
26.464029999167302 0.09587217156432204 0.09738904770677514
26.54280999916432 0.08591631321709225 0.07189451612139575
26.621589999161337 0.09568715143075324 0.096914205706089
26.699359999158393 0.08607600584145514 0.07230223290234372
26.77813999915541 0.09551599680711831 0.09647475043736975
26.855909999152466 0.08623053897580879 0.07269676756793686
26.934689999149484 0.09535021868767113 0.09604908536341439
27.0134699991465 0.08638727049179062 0.07309673440654141
27.091239999143557 0.0951896622407038 0.0956368137516983
27.170019999140575 0.08653064081458439 0.07346274748259995
27.24778999913763 0.09503417647316303 0.09523754866983536
27.326569999134648 0.0866693680982139 0.07381689725286522
27.404339999131704 0.09488361414216673 0.09485091275929225
27.48311999912872 0.0868035892595379 0.07415953312689405
27.56189999912574 0.09473154007109208 0.09446055415727184
27.639669999122795 0.08693343774848239 0.07449099551062321
27.718449999119812 0.09459155397203312 0.09410104114101481
27.796219999116868 0.08705904367092743 0.07481161679178117
27.874999999113886 0.09445600331967563 0.09375290715940565
27.95276999911094 0.08718053381764646 0.07512172114965132
28.03154999910796 0.0943247580105292 0.09341581875645932
28.110329999104977 0.08730335554087232 0.0754350806422166
28.188099999102032 0.09419769131753253 0.0930894511425806
28.26687999909905 0.0874159526488335 0.07572246165016283
28.344649999096106 0.09407467981985751 0.09277348800871277
28.423429999093123 0.08752485588639891 0.07600040444259992
28.50119999909018 0.09395560333092534 0.09246762132907316
28.579979999087197 0.0876301765037033 0.07626919348584504
28.658759999084214 0.093835775160099 0.09215996048169695
28.73652999908127 0.08773202279661507 0.07652910568821669
28.815309999078288 0.09372513436359531 0.09187573162066087
28.893079999075344 0.08783050016987415 0.07678041056096152
28.97185999907236 0.09361803164240046 0.09160058193596887
29.05063999906938 0.08793035337295074 0.07703511403556185
29.128409999066434 0.09351436149473968 0.09133424098726195
29.207189999063452 0.08802153912253852 0.0772677893133511
29.284959999060508 0.09341402122581577 0.0910764455149371
29.363739999057525 0.08810970718779743 0.07749275528946553
29.44150999905458 0.09331691087930583 0.09082693926445451
29.5202899990516 0.08819494973991937 0.07771024760044876
29.599069999048616 0.09321897810350799 0.09057543984083427
29.676839999045672 0.08827735646353152 0.07792049549752988
29.75561999904269 0.09312879763133008 0.09034371174271305
29.833389999039746 0.08835701461428636 0.07812372199719197
29.912169999036763 0.09304151676876038 0.09011942610898105
29.98993999903382 0.08843400907728383 0.07832014402652243
30.068719999030836 0.09295704800372284 0.08990235851801254
30.147499999027854 0.08851167389591608 0.07851818396925614
30.22526999902491 0.09287530617574224 0.08969229055436623
30.304049999021927 0.08858291874093926 0.07869991795624864
30.381819999018983 0.09279620841324954 0.08948900964960149
30.460599999016 0.088651782130589 0.07887556874027757
30.538369999013057 0.09271967407240056 0.08929230892524842
30.617149999010074 0.08871833813932806 0.07904532548415055
30.69592999900709 0.09264289065701481 0.08909506166351333
30.773699999004148 0.08878265884056258 0.07920937221143065
30.852479999001165 0.09257183756402165 0.08891242531148258
30.93024999899822 0.08884481437570535 0.07936788808291517
31.00902999899524 0.09250308182416622 0.08873568696511347
31.087809998992256 0.0889076214414719 0.07952799283196255
31.165579998989312 0.0924365526841644 0.08856466517963568
31.24435999898633 0.08896510063453467 0.07967456340793877
31.322129998983385 0.09237218146073012 0.08839918376051248
31.400909998980403 0.08902064803023435 0.07981619987265098
31.47867999897746 0.0923099014579899 0.08823907162627265
31.557459998974476 0.08907432463688425 0.07995305823155219
31.636239998971494 0.09224734294446602 0.08807832297423879
31.71400999896855 0.08912618968269659 0.08008528994303266
31.792789998965567 0.09218953535978125 0.08792968913360344
31.870559998962623 0.08917630065883597 0.08021304202104895
31.94933999895964 0.09213360013261307 0.08778586337568894
32.028119998966645 0.08922700888967083 0.08034226091329089
32.10588999899133 0.09207947942772732 0.08764669733596353
32.184669999016336 0.08927332765678797 0.0804603282560934
32.26243999904102 0.09202711708118116 0.08751204693473458
32.34121999906603 0.089318082840676 0.08057440305637709
32.41898999909071 0.09197645855426528 0.08738177225542376
32.49776999911572 0.08936132408742647 0.08068461224647328
