0.001020000000000002 0.23875130414653212 0.5956998420021842
0.07879000000000215 0.12876301805600854 0.3352109975217177
0.15858000000001782 0.22945591103753715 0.5817168710470999
0.2363500000000956 0.124129312532279 0.31836607668909167
0.3151300000001744 0.22295319116898826 0.5646835297177577
0.39290000000025216 0.11894215919400998 0.3066409105313306
0.47168000000033095 0.21716360002159552 0.5482836922398371
0.5494500000001342 0.11397241062419904 0.29502624899757635
0.6282299999997757 0.21162501533827385 0.5336249033231377
0.7059999999994218 0.10926915507371539 0.28330240802632023
0.7847799999990632 0.20635866581248252 0.5200400987083964
0.8635599999987047 0.1045037425434796 0.2713086467618697
0.9413299999983508 0.20136667457151194 0.5071395193457673
1.0201099999982155 0.10013964174458811 0.2603679575377216
1.097879999998725 0.19660888967422707 0.4948335360031919
1.176659999999241 0.09591000984803988 0.24975089824410546
1.2544299999997506 0.19205281544589303 0.48307534702367594
1.3332100000002667 0.0918119102728282 0.23943896645464147
1.4109800000007762 0.1876786275711435 0.4718100828053351
1.4897600000012923 0.08783936424525107 0.2294272857644608
1.5685400000018084 0.1832638995693443 0.4604581900023441
1.6463100000023179 0.08398717776234388 0.2197090948137137
1.725090000002834 0.17923317550985496 0.4501012841172103
1.8028600000033435 0.08025093243186321 0.21027559731053858
1.8816400000038596 0.17534379436991787 0.4401166711054283
1.959410000004369 0.07662651358818562 0.20111797555530941
2.038190000004885 0.17158721984240832 0.43048044861457857
2.1159600000053946 0.07311001618640545 0.19222779583042415
2.1947400000059107 0.16795610718370513 0.4211720809456865
2.2725100000064202 0.06969775384592902 0.18359687667693914
2.3512900000069363 0.1644440672782399 0.41217387559945307
2.429060000007446 0.06638623678133138 0.17521723071993733
2.507840000007962 0.16104544385615882 0.4034703823460939
2.5856100000084714 0.06317214678055127 0.16708111741629006
2.6643900000089875 0.1577551379636719 0.39504774652769914
2.742160000009497 0.06005230943620754 0.1591810682566086
2.820940000010013 0.15456851538990712 0.38689342747962874
2.8987100000105226 0.05702368065030505 0.15150984345196905
2.9774900000110387 0.1514813258929989 0.3789960155244243
3.055260000011548 0.05408334258495684 0.14406041486402232
3.1340400000120643 0.14848964908427675 0.3713450835044929
3.2118100000125738 0.05122849716893463 0.1368259677185124
3.29059000001309 0.14558984184011525 0.3639309940099311
3.3683600000135994 0.04845645429729539 0.1297999042435216
3.4471400000141155 0.14277895199134394 0.35674475444725795
3.524910000014625 0.045764622266459165 0.12297583806829548
3.603690000015141 0.1400533745777388 0.34977791254382495
3.6814600000156505 0.0431505024716442 0.11634759646308446
3.7602400000161667 0.13740999137437182 0.34302251344644485
3.838010000016676 0.04061168592009978 0.10990921827118694
3.9167900000171922 0.13484594210404655 0.3364710836993412
3.9945600000177017 0.038145850496381195 0.10365495943319702
4.07334000001496 0.132358538356655 0.33011662066433356
4.151110000012016 0.03575076050598469 0.09757926877188572
4.229890000009034 0.12994523795679047 0.3239526191229247
4.30766000000609 0.03342422818257251 0.09167663064154619
4.386440000003107 0.12760362685582194 0.3179729591621938
4.464210000000163 0.03116412196850915 0.08594156783318097
4.542989999997181 0.1253311687777554 0.31217100562879185
4.620759999994236 0.028968396730283397 0.08036905287761575
4.699539999991254 0.12312550151188284 0.3065405198745874
4.77730999998831 0.026835074733205122 0.0749542122195912
4.856089999985327 0.12098439373347347 0.3010756497382361
4.933859999982383 0.024762254512325055 0.06969230977325047
5.012639999979401 0.1189057241266187 0.29577087307184335
5.0904099999764565 0.022748108591680305 0.06457876371585014
5.169189999973474 0.1168874720706836 0.29062095570270285
5.24695999997053 0.020790878753391473 0.05960915108568221
5.325739999967547 0.11492803420661302 0.2856209143273447
5.403509999964603 0.0188888702592237 0.05477920250345214
5.482289999961621 0.11302543441133261 0.2807659928851347
5.560059999958677 0.017040449136153213 0.050084799925409484
5.638839999955694 0.11117770169403374 0.2760516508999
5.71660999995275 0.015244038804115623 0.04552197298060001
5.795389999949768 0.10938316028879902 0.2714735778004407
5.873159999946823 0.013498120098839772 0.04108691299480327
5.951939999943841 0.10764018698788182 0.26702760731508457
6.029709999940897 0.01180121991102645 0.036775926313870055
6.108489999937914 0.10594718836597584 0.2627096476723989
6.18625999993497 0.010151900686341198 0.032585410526564385
6.265039999931988 0.10430261300095256 0.2585157032874319
6.3428099999290435 0.008548762507152752 0.028511863238456225
6.421589999926061 0.10270495497398989 0.2544418946909599
6.499359999923117 0.006990443814484548 0.024551874772260618
6.578139999920134 0.10115275087074814 0.25048446891091647
6.65590999991719 0.005566217794374051 0.020702096276692394
6.734689999914208 0.09964457897101854 0.24663976598058301
6.812459999911264 0.004384661831578485 0.0169592959643583
6.891239999908281 0.09817909077473064 0.24290427512385637
6.969009999905337 0.003415310822208251 0.013320397306582077
7.0477899999023546 0.09675500070279885 0.23927465346380572
7.12555999989941 0.002665913039214929 0.00978244658239591
7.204339999896428 0.09537107447145143 0.23574770382783772
7.282109999893484 0.0022613122762461524 0.006342595913044757
7.360889999890501 0.09402615608633125 0.23232035187623623
7.438659999887557 0.0023441168088029762 0.00299809332429124
7.517439999884575 0.09271951557546931 0.22898963490728397
7.5952099998816305 0.0031368377482617893 0.00025372638687848337
7.672979999878686 0.09152368577551429 0.2259412667014571
7.751759999875704 0.004367054363044964 0.003415450625665617
7.82952999987276 0.09028974934550504 0.22279627535802815
7.908309999869777 0.0055650155563969905 0.006489592287617363
7.986079999866833 0.08909037984028179 0.2197395349071818
8.06485999986385 0.006730023691131404 0.00947859236894999
8.142629999860906 0.08792457671038323 0.21676846762788138
8.221409999857924 0.007862739174485878 0.012384822714373023
8.29917999985498 0.086791372355561 0.21388058379137043
8.377959999851997 0.008964065332200066 0.015210588053593543
8.455729999849053 0.08568983089977833 0.21107347795998876
8.53450999984607 0.010034988780920906 0.01795812796595575
8.612279999843127 0.08461904734685055 0.20834482711210578
8.691059999840144 0.011077785062741596 0.020629620066270338
8.7688299998372 0.08357814762000704 0.2056923913842934
8.847609999834217 0.01209169865193327 0.023227180468265995
8.925379999831273 0.0825662875563502 0.20311401214450076
9.00415999982829 0.013077531003188203 0.02575286379341568
9.081929999825347 0.08158264699157991 0.20060759606682632
9.160709999822364 0.0140360601453432 0.028208665240314623
9.23847999981942 0.08062643016969995 0.1981711123066665
9.317259999816438 0.014968041333951798 0.030596521083636752
9.395029999813493 0.07969686583534963 0.19580259270208789
9.473809999810511 0.015874206377314293 0.032918305682339
9.551579999807567 0.07879320712785032 0.19350012978346376
9.630359999804584 0.016756052929724263 0.035175828965228195
9.70812999980164 0.0779147310310443 0.19126187147615603
9.785899999798696 0.017563243898519154 0.03724168009177076
9.864679999795714 0.07706073783115985 0.18908602007533526
9.94244999979277 0.018396764773824792 0.03937450567453871
10.021229999789787 0.07623090330402404 0.18697083461908237
10.098999999786843 0.019207190689144005 0.04144825985105127
10.17777999978386 0.07542425060987412 0.18491463114734819
10.255549999780916 0.019995144590562952 0.04346452712649107
10.334329999777934 0.0746401013017608 0.18291578100657624
10.41209999977499 0.020761231587075213 0.04542484890290854
10.490879999772007 0.07387783808862713 0.18097270714888536
10.568649999769063 0.02150604153794644 0.047330729453332054
10.64742999976608 0.07313686105786599 0.17908388603102843
10.725199999763136 0.022230153890714255 0.049183648962891624
10.803979999760154 0.07241658487871583 0.17724783142535339
10.88174999975721 0.022934134943263684 0.05098505563118083
10.960529999754227 0.07171643718543363 0.17546308452646153
11.038299999751283 0.023619040702419603 0.052736348841453395
11.1170799997483 0.07103586173979348 0.17372822656304132
11.194849999745356 0.024285189279134922 0.054438891662533795
11.273629999742374 0.07037431797752502 0.17204187994518394
11.35139999973943 0.024932785819165693 0.05609401760682253
11.430179999736447 0.06973127975563387 0.17040270747350483
11.507949999733503 0.025562340640999492 0.05770303443625169
11.585719999730559 0.0691424583724175 0.16890113759602254
11.664499999727576 0.02617435452310224 0.05926722720671629
11.742269999724632 0.06853541788132533 0.16735377523713346
11.82104999972165 0.02676931960652773 0.06078785616573379
11.898819999718706 0.06794533127107683 0.16584964723957984
11.977599999715723 0.0273477112996644 0.06226613587495544
12.055369999712779 0.0673717226491165 0.16438753658558625
12.134149999709797 0.02790999058008581 0.06370324252050752
12.211919999706852 0.0668141297721846 0.16296626154792548
12.29069999970387 0.02845660579932907 0.06510032035430546
12.368469999700926 0.06627210376904558 0.16158467579785452
12.447249999697943 0.028987992928280137 0.06645848263783227
12.525019999695 0.06574520855756194 0.1602416662050965
12.603799999692017 0.029504575616645212 0.06777881127987273
12.681569999689073 0.06523302045781976 0.15893615144174644
12.76034999968609 0.030006765544808967 0.06906235742509814
12.838119999683146 0.06473512785309854 0.15766708091827786
12.916899999680163 0.03049496275191066 0.07031014217190323
12.99466999967722 0.06425113084751966 0.15643343389237785
13.073449999674237 0.03096955592113926 0.07152315726142167
13.151219999671293 0.06378064098243263 0.1552342189780065
13.22999999966831 0.03143127156149883 0.07270236547843867
13.307769999665366 0.06332328100337703 0.1540684740905851
13.385539999662422 0.03185364019612491 0.07378096666510459
13.46431999965944 0.06287868454322132 0.15293526474294827
13.542089999656495 0.03228967565930119 0.07489426204647653
13.620869999653513 0.06244659255444085 0.15183368161143518
13.698639999650569 0.032713582863213464 0.07597658360015691
13.777419999647586 0.06202671452522868 0.1507628390299387
13.855189999644642 0.033125699033716316 0.07702879188001832
13.93396999964166 0.06161855279905837 0.14972187744436427
14.011739999638715 0.03352635202374088 0.07805172444972364
14.090519999635733 0.06122178040046977 0.14870996307733142
14.168289999632789 0.03391586033976823 0.07904619584092609
14.247069999629806 0.060836079632465394 0.14772628631700702
14.324839999626862 0.034294533497363555 0.08001299768736203
14.40361999962388 0.06046114181019058 0.14677006044111485
14.481389999620935 0.034662672391068905 0.08095289943331752
14.560169999617953 0.0600966669337718 0.14584052075056197
14.637939999615009 0.03502056941900522 0.08186664869074267
14.716719999612026 0.05974236345340411 0.1449369240102416
14.794489999609082 0.035368508700023504 0.08275497174405899
14.8732699996061 0.05939794807006426 0.144058547861603
14.951039999603156 0.035706766367119336 0.083618574300659
15.028809999600211 0.05908292217126776 0.14325485713284625
15.107589999597229 0.03603561081705664 0.0844581422060342
15.185359999594285 0.05875780746216419 0.14242571685354477
15.264139999591302 0.03635530294509215 0.08527434208017715
15.341909999588358 0.058441745402234346 0.1416196664105196
15.420689999585376 0.03666609636982954 0.08606782189398698
15.498459999582431 0.05813448463503623 0.1408360647505491
15.577239999579449 0.036968237653192015 0.08683921154002405
15.655009999576505 0.05783578082814633 0.14007428871259942
15.733789999573522 0.03726196650406921 0.08758912335750102
15.811559999570578 0.057545396468914996 0.13933373250798464
15.890339999567596 0.037547515979805435 0.08831815265272214
15.968109999564652 0.05726310066253337 0.13861380721064132
16.04688999956167 0.03782511267957511 0.08902687819793975
16.124659999558727 0.05698866893809684 0.13791394026084758
16.203439999555744 0.03809497692631458 0.08971586270307697
16.2812099995528 0.05672188306405512 0.13723357500305955
16.359989999549818 0.03835732294969729 0.09038565328608472
16.437759999546874 0.056462530870500356 0.13657217023105295
16.51653999954389 0.03861235905651039 0.09103678191307862
16.594309999540947 0.056210406073746944 0.13592919974184658
16.672079999538003 0.038845469299927826 0.09163203725819358
16.75085999953502 0.05596530810979251 0.1353041519192799
16.828629999532076 0.03908622371352066 0.09224670305123528
16.907409999529094 0.055727041973032014 0.13469652931593634
16.98517999952615 0.03932028456960035 0.09284428087834584
17.063959999523167 0.055495418058676305 0.13410584826200056
17.141729999520223 0.03954783696785047 0.09342524335950175
17.22050999951724 0.055270252012613486 0.1335316384797114
17.298279999514296 0.03976906090691579 0.09399005007759698
17.377059999511314 0.05505136458234661 0.13297344270497558
17.45482999950837 0.039984131431058834 0.09453914795363172
17.533609999505387 0.05483858147530996 0.13243081633165232
17.611379999502443 0.04019335967887283 0.09507297158419803
17.69015999949946 0.05463173322156978 0.13190332705727004
17.767929999496516 0.040396807844008564 0.09559194359380907
17.846709999493534 0.054430655037416065 0.1313905545409999
17.92447999949059 0.04059459436753787 0.09609647496123808
18.003259999487607 0.05423518669693772 0.1308920900726318
18.081029999484663 0.040786875938988776 0.09658696533966227
18.15879999948172 0.05405620818857259 0.13043553538423236
18.237579999478736 0.04097380493584801 0.09706380336427234
18.315349999475792 0.05387171337023766 0.12996506322437984
18.39412999947281 0.041155529546348935 0.09752736695443076
18.471899999469866 0.05369235357508462 0.12950768780063404
18.550679999466883 0.04133219388262055 0.09797802359635677
18.62844999946394 0.0535179865089458 0.12906304611453034
18.707229999460957 0.04150393809126851 0.0984161306649689
18.784999999458012 0.05334847381414675 0.12863078516685
18.86377999945503 0.04167089845891947 0.09884203570555972
18.941549999452086 0.053183680948953656 0.12821056170930767
19.020329999449103 0.04183320751156949 0.09925607671317227
19.09809999944616 0.053023477083541166 0.12780204200254497
19.176879999443177 0.04199099412117413 0.09965858237453995
19.254649999440232 0.0528677349982375 0.1274049015263401
19.33342999943725 0.04214438361282946 0.10004987232404838
19.411199999434306 0.05271633098563011 0.12701882472405668
19.489979999431323 0.04229349785804715 0.1004302573785476
19.56774999942838 0.05256914475436892 0.12664350475531938
19.646529999425397 0.042438455373438266 0.1008000397864861
19.724299999422453 0.05242605933154432 0.12627864324936677
19.80206999941951 0.04257097718531444 0.10113816891927918
19.880849999416526 0.05228696096994889 0.1259239500659315
19.958619999413582 0.04270780523624995 0.10148721333912425
20.0373999994106 0.05215173905633674 0.12557914304812678
20.115169999407655 0.04284082813736656 0.10182655182131573
20.193949999404673 0.052020286045664 0.12524394784438897
20.27171999940173 0.04297015116403158 0.10215645286855146
20.350499999398746 0.05189249737143508 0.12491809771402185
20.428269999395802 0.04309587668304926 0.10247717758000707
20.50704999939282 0.05176827136788853 0.12460133332569123
20.584819999389875 0.04321810423144157 0.1027889798443038
20.663599999386893 0.05164750919022675 0.12429340254002108
20.74136999938395 0.043336930595670675 0.10309210653726142
20.820149999380966 0.0515301147411188 0.12399406022236548
20.897919999378022 0.043452449883425226 0.10338679769166248
20.97669999937504 0.05141599460104462 0.12370306805218334
21.054469999372095 0.04356475359106027 0.10367328665903397
21.133249999369113 0.05130505795130468 0.12342019434713469
21.21101999936617 0.04367393067983938 0.10395180033976326
21.288789999363225 0.051203507289179884 0.12316118011130861
21.367569999360242 0.04378006766014875 0.10422255939137592
21.445339999357298 0.05109880086925722 0.12289419658063627
21.524119999354316 0.04388324865958626 0.10448577838840789
21.60188999935137 0.050997008353624196 0.12263464377584299
21.68066999934839 0.04398355548293631 0.10474166598080092
21.758439999345445 0.05089804912083307 0.12238231606305217
21.837219999342462 0.0440810676828608 0.10499042506355583
21.914989999339518 0.050801844774175375 0.12213701347872918
21.993769999336536 0.04417586262831197 0.10523225295142602
22.07153999933359 0.05070831906759788 0.12189854155549851
22.15031999933061 0.04426801556175042 0.10546734154844861
22.228089999327665 0.05061739785141361 0.12166671117715966
22.306869999324682 0.044357599659736624 0.10569587749229559
22.384639999321738 0.05052900901300184 0.12144133842496574
22.463419999318756 0.04444468608531871 0.10591804228387014
22.54118999931581 0.05044308242212947 0.1212222444381017
22.61996999931283 0.044529344047175456 0.10613401244038423
22.697739999309885 0.0503595979654875 0.12100925527914752
22.776519999306903 0.04461164084988689 0.10634395962254573
22.85428999930396 0.05027845255564933 0.12080220179292445
22.932059999301014 0.04468683660712269 0.10653583574709025
23.01083999929803 0.05019956871440889 0.12060091948522533
23.088609999295088 0.044764515761158696 0.10673400275645895
23.167389999292105 0.05012288376325603 0.1204052483877005
23.24515999928916 0.04484003353667454 0.10692665636742316
23.32393999928618 0.050048336750669664 0.12021503293844216
23.401709999283234 0.044913449712702946 0.10711394904877602
23.480489999280252 0.04997586840282964 0.12003012186143636
23.558259999277308 0.0449848224260887 0.10729602908264857
23.637039999274325 0.04990542107883822 0.11985036804692539
23.71480999927138 0.0450542082176848 0.1074730406790847
23.7935899992684 0.04983693872681438 0.1196756284424616
23.871359999265454 0.04512166207428314 0.10764512408579785
23.950139999262472 0.049770366839870905 0.11950576393939816
24.027909999259528 0.04518723747192466 0.10781241569832734
24.106689999256545 0.049705652413167045 0.11934063926478666
24.1844599992536 0.045250986415653616 0.10797504816163483
24.26323999925062 0.04964274390321832 0.11918012287395197
24.341009999247675 0.04531295948253944 0.10813315047600858
24.41877999924473 0.04958519521511106 0.1190332430904828
24.497559999241748 0.04537320585633786 0.10828684809154332
24.575329999238804 0.04952582021816221 0.11888174449073974
24.65410999923582 0.04543177336962312 0.10843626301169085
24.731879999232877 0.049468098112046215 0.11873446360993745
24.810659999229895 0.04548870853756304 0.10858151387929116
24.88842999922695 0.04941198313199857 0.11859128365526717
24.967209999223968 0.045544056595348215 0.10872271607292872
25.044979999221024 0.049357430774542244 0.11845209105424415
25.12375999921804 0.04559786153178014 0.10885998179208656
25.201529999215097 0.049304397759039394 0.11831677535648621
25.280309999212115 0.04565016612665096 0.10899342015330271
25.35807999920917 0.049252841997843515 0.11818522915312268
25.436859999206188 0.04570101197993659 0.10912313726294531
25.514629999203244 0.049202722563683854 0.11805734800059975
25.59340999920026 0.045750439545453214 0.10924923630563077
25.671179999197317 0.049153999653834816 0.11793303032453517
25.749959999194335 0.045798488162328455 0.10937181762221693
25.82772999919139 0.04910663456522324 0.11781217735440386
25.905499999188446 0.045842494687838076 0.10948411389135604
25.984279999185464 0.04906058965947501 0.11769469303943847
26.06204999918252 0.04588784364109688 0.10959980749714049
26.140829999179537 0.04901582833595575 0.11758048397558785
26.218599999176593 0.04593193049814481 0.10971228145482126
26.29737999917361 0.048972315004246814 0.11746945933575059
26.375149999170667 0.04597479018847739 0.10982162486335989
26.453929999167684 0.048930015054034055 0.11736153079504597
26.53169999916474 0.04601645667832832 0.10992792436502752
26.610479999161758 0.04888889483061699 0.11725661246594354
26.688249999158813 0.04605696300218309 0.11003126422465259
26.76702999915583 0.04884892160617992 0.11715462082733108
26.844799999152887 0.046096341282106934 0.11013172638278945
26.923579999149904 0.04881006355780404 0.11705547466699384
27.00134999914696 0.04613462275801028 0.11022939053508818
27.080129999143978 0.048772289738751584 0.1169590950143462
27.157899999141033 0.04617183780899692 0.11032433418176613
27.23667999913805 0.0487355700561789 0.1168654050824669
27.314449999135107 0.04620801597716928 0.11041663268603896
27.393229999132124 0.04869987524727515 0.11677433020539363
27.47099999912918 0.04624318599256838 0.1105063593344946
27.548769999126236 0.048667245131537085 0.11669105287299697
27.627549999123254 0.046277375793851494 0.11059358539170505
27.70531999912031 0.04863355493718102 0.1166050935458407
27.784099999117327 0.04631061254995672 0.11067838015907938
27.861869999114383 0.04860080275959555 0.11652152761540968
27.9406499991114 0.046342922683830334 0.11076081103705837
28.018419999108456 0.04856896261956478 0.11644028878908808
28.097199999105474 0.0463743318868064 0.11084094355826579
28.17496999910253 0.04853800925382468 0.11636131260180926
28.253749999099547 0.0464048651448008 0.11091884145780773
28.331519999096603 0.04850791809517918 0.11628453636544078
28.41029999909362 0.0464345467552183 0.11099456671482821
28.488069999090676 0.04847866525166611 0.11620989911350632
28.566849999087694 0.0464634003437121 0.11106817959293247
28.64461999908475 0.04845022749144612 0.11613734156487032
28.723399999081767 0.046491448885252695 0.11113973870072735
28.801169999078823 0.04842258222024676 0.11606680606738307
28.87994999907584 0.046518714722166954 0.111209301028381
28.957719999072896 0.04839570746949162 0.115998236562187
29.035489999069952 0.04654366891790629 0.11127298151573095
29.11426999906697 0.048369581873201506 0.11593157853253544
29.192039999064026 0.04656940295700274 0.11133863557671875
29.270819999061043 0.04834418465648249 0.11586677896670006
29.3485899990581 0.046594420634416656 0.11140246210444849
29.427369999055117 0.048319495615691155 0.11580378631302901
29.505139999052172 0.04661874178554626 0.11146451169739002
29.58391999904919 0.04829549510521214 0.115742550442266
29.661689999046246 0.046642385700375044 0.11152483356424714
29.740469999043263 0.048272164021090025 0.11568302261054653
29.81823999904032 0.04666537113783931 0.11158347555759729
29.897019999037337 0.04824948378619953 0.11562515541362339
29.974789999034392 0.04668771634021329 0.11164048421201667
30.05356999903141 0.04822743633744142 0.11556890276147591
30.131339999028466 0.0467094390464049 0.1116959047794186
30.210119999025483 0.04820600410997278 0.11551421983724275
30.28788999902254 0.046730556507105336 0.11174978126544666
30.366669999019557 0.048185170023320345 0.11546106305597714
30.444439999016613 0.04675108549779372 0.1118021564635141
30.52220999901367 0.04816607987868726 0.11541234317928861
30.600989999010686 0.0467710423311708 0.11185307198822159
30.67875999900774 0.04814641698920474 0.11536217503402835
30.75753999900476 0.046790442870561666 0.11190256830637679
30.835309999001815 0.04812730150988043 0.11531340357963105
30.914089998998833 0.04680930254118443 0.11195068476899106
30.99185999899589 0.04810871827864005 0.11526599012894323
31.070639998992906 0.04682763634415088 0.11199745964288743
31.148409998989962 0.04809065255257838 0.11521989706470004
31.22718999898698 0.04684545886492286 0.11204293013646893
31.304959998984035 0.04807308999295601 0.11517508780078956
31.383739998981053 0.04686278428858004 0.11208713243709978
31.46150999897811 0.048056016657327394 0.11513152676306815
31.540289998975126 0.046879626406855945 0.11213010172671511
31.618059998972182 0.04803941898731212 0.11508917935624252
31.6968399989692 0.04689599863276017 0.11217187222354319
31.774609998966255 0.048023283799499605 0.11504801194381908
31.853389998963273 0.04691191400775663 0.11221247719753746
31.93115999896033 0.048007598272209684 0.11500799180986787
32.009939998960874 0.046927385213437645 0.11225194900011948
32.08770999898556 0.0479923499386129 0.11496908714599963
32.165479999010245 0.04694153463501294 0.11228805758654037
32.24425999903525 0.047977526674342075 0.11493126701521694
32.322029999059936 0.046956136872303156 0.11232531220358721
32.40080999908494 0.047963116691958074 0.11489450134355428
32.47857999910963 0.04697033258890215 0.11236152970133251
32.55735999913463 0.04794910852693912 0.11485876087835578
32.63512999915932 0.046984133042771936 0.11239673879848144
32.713909999184324 0.04793549103093231 0.11482401717481938
32.79167999920901 0.04699754918251742 0.11243096742773462
32.870459999234015 0.04792225336466871 0.11479024257696757
32.9482299992587 0.04701059165539312 0.11246424274896638
33.027009999283706 0.04790938498823971 0.1147574101927451
33.10477999930839 0.04702327081329771 0.1124965911724618
33.1835599993334 0.04789687565175604 0.11472549386799535
33.26132999935808 0.04703559672568458 0.11252803838579517
33.34010999938309 0.047884715388339605 0.11469446817443663
33.41787999940777 0.04704757918288471 0.11255860936508766
33.49665999943278 0.04787289450743448 0.11466430838650288
33.574429999457465 0.047059227705586015 0.11258832839906585
33.65219999948215 0.047862070836061754 0.11463668576502384
33.730979999507156 0.04707055155156936 0.11261721910599265
33.80874999953184 0.0478509142691359 0.11460822111635238
33.88752999955685 0.04708155972360706 0.11264530445246335
33.96529999958153 0.047840068305718964 0.11458054893925818
34.04407999960654 0.047092260976273836 0.11267260677192414
34.12184999963122 0.047829524341909124 0.11455364727995798
34.20062999965623 0.04710266382265682 0.11269914778319068
34.278399999680914 0.047819274011993596 0.11452749479552438
34.35717999970592 0.04711277654112245 0.11272494860590232
34.434949999730605 0.04780930918077575 0.11450207073012697
34.51372999975561 0.0471226071815386 0.11275002977590987
34.5914999997803 0.047799621936664205 0.11447735489636957
34.6702799998053 0.04713216357067518 0.11277441126085197
34.74804999982999 0.04779020458702332 0.11445332766772953
34.82682999985499 0.047141453320569404 0.11279811247943972
34.90459999987968 0.04778104965043828 0.11442996995555399
34.983379999904685 0.04715048383286713 0.11282115231486811
35.06114999992937 0.047772149852674306 0.11440726320035566
35.139929999954376 0.04715926230517953 0.11284354912971528
35.21769999997906 0.0477634981191295 0.1143851893521175
35.295470000003746 0.047167285042711726 0.1128640229924982
35.37425000002875 0.04775508757087188 0.11436373086036733
35.45202000005344 0.04717557058687705 0.11288516207020871
35.53080000007844 0.0477469115192698 0.11434287065935633
35.60857000010313 0.04718362545079546 0.11290571262490001
35.687350000128134 0.04773896345908046 0.1143225921517721
35.76512000015282 0.04719145602402053 0.11292569095584515
35.843900000177825 0.04773123706488347 0.11430287919803606
35.92167000020251 0.047199068518934295 0.11294511291223275
36.00045000022752 0.04772372618653831 0.11428371610657795
36.0782200002522 0.04720646897810721 0.1129639939089433
36.15700000027721 0.047716424843253 0.1142650876183704
