0.001020000000000002 0.9550049857325222 2.3827993830346283
0.07980000000000176 0.5369020856285065 1.4209443418074064
0.15959000000001883 0.8578363622876226 2.1474496294055623
0.2373600000000966 0.5216499311985582 1.3782931398397924
0.3161400000001754 0.8107685908943901 2.015613630726232
0.3949200000002542 0.5024353529486397 1.33946434363994
0.47370000000033297 0.7739271143980612 1.9123749188372674
0.5524800000001204 0.48362463035032777 1.297910303565153
0.6302499999997665 0.7436157094190159 1.8305330734850411
0.709029999999408 0.46674254209079746 1.2578794797906467
0.7878099999990494 0.7161482716623494 1.7580845044573024
0.8655799999986955 0.4502727783199492 1.2179247083547118
0.944359999998337 0.6924610150876952 1.6957721202327969
1.0231399999982353 0.4337914487890028 1.1773394764046263
1.1009099999987448 0.6707669400848089 1.6388362633570464
1.179689999999261 0.4188429533979506 1.1405917106953933
1.258469999999777 0.6500660293594028 1.584696290950105
1.3362400000002865 0.40445796694612046 1.1051116489999457
1.4150200000008026 0.6316104470224372 1.5363285561418416
1.4938000000013187 0.38992425086586213 1.069032969895567
1.5715700000018282 0.614238230174264 1.4909115165749443
1.6503500000023443 0.37663921900744257 1.0360991822181087
1.7291300000028604 0.5970164993085909 1.446059270658706
1.80690000000337 0.36369103894970056 1.003894794445792
1.885680000003886 0.581525472698772 1.4057334574595126
1.9634500000043955 0.35106503915398524 0.9724359863178211
2.0422300000049116 0.5666907728904712 1.3671799395945095
2.1210100000054277 0.3380608845532991 0.939964751011102
2.198780000005937 0.5524487502892691 1.3302170675939418
2.2775600000064533 0.3261948733882537 0.9103373162814288
2.355330000006963 0.5387429107342464 1.2946834472956636
2.434110000007479 0.3146194030778088 0.8813973849854051
2.512890000007995 0.5248481833352395 1.258739136841236
2.5906600000085045 0.30332689088424736 0.8531349015777234
2.6694400000090206 0.5122501720872097 1.226133122991968
2.74721000000953 0.2923213004479278 0.8255683548227588
2.825990000010046 0.5000927123940905 1.1946767446409878
2.9037600000105557 0.28160718423112485 0.7987175674614266
2.982540000011072 0.48834992671892713 1.1642933888494467
3.061320000011588 0.27063088985977757 0.7711515397269997
3.1390900000120974 0.47698612928892425 1.134893558544836
3.2178700000126135 0.2605846574971127 0.745944545931454
3.295640000013123 0.4659666566311381 1.1063835900701702
3.374420000013639 0.2508075206798619 0.7213946449909137
3.453200000014155 0.45468949418831056 1.077265726565535
3.5309700000146647 0.24130492643757603 0.6975282081579937
3.6097500000151808 0.44439864279514857 1.0506292407777673
3.6875200000156902 0.2320712904978159 0.6743409445408188
3.7663000000162064 0.43439394319341357 1.0247345165205646
3.844070000016716 0.22309081385331297 0.6517899040091479
3.922850000017232 0.424664955174563 0.9995589470097821
4.001630000017675 0.21387150175493427 0.6286183945996338
4.079400000014731 0.41520116807714513 0.9750786072962425
4.158180000011749 0.20543516073210866 0.6074243864774731
4.235950000008804 0.40599266444972576 0.9512697981740037
4.314730000005822 0.19720346041936543 0.5867298136343568
4.392500000002878 0.39703132133537666 0.9281120006682464
4.471279999999895 0.1891734391583303 0.566528664196797
4.550059999996913 0.3878947568494734 0.9045286566596977
4.627829999993969 0.18134280824437465 0.546818323063003
4.706609999990986 0.37948917135908977 0.8828179228139055
4.784379999988042 0.17370900120789123 0.5275954679527461
4.86315999998506 0.37130728768512833 0.8616879302705382
4.941939999982077 0.16583853548363292 0.5077743630102605
5.019709999979133 0.36333894654422294 0.8411159147765912
5.098489999976151 0.1586632466779564 0.4896990714501559
5.176259999973206 0.35557881997336394 0.8210868582522624
5.255039999970224 0.1516677865482533 0.4720704283379895
5.33280999996728 0.34802260981116706 0.8015884047966715
5.411589999964297 0.14484494256219216 0.45487120341222154
5.490369999961315 0.3402846089048629 0.7816140735812716
5.568139999958371 0.13818858660335798 0.43808599315455776
5.646919999955388 0.3331922895582602 0.7633170701563774
5.724689999952444 0.13169458001862722 0.4217059046954019
5.803469999949462 0.32628906462926943 0.7455130089968565
5.8812399999465175 0.12535997381554154 0.4057268178255802
5.960019999943535 0.3195702220365454 0.7281875501209512
6.038799999940553 0.11884328830011305 0.3892871836931433
6.116569999937608 0.31302722691777485 0.711317594439409
6.195349999934626 0.11288219906732788 0.3742446197713911
6.273119999931682 0.30665380389230135 0.6948872759089064
6.351899999928699 0.10707200099133563 0.35958333534690246
6.429669999925755 0.3004465789063998 0.6788882971605403
6.508449999922773 0.10145993720606639 0.34529798092047814
6.58722999991979 0.2940884093473838 0.662517389288364
6.664999999916846 0.09604977418131055 0.3313797296570442
6.743779999913864 0.28826130532707694 0.6475032900174593
6.8215499999109195 0.09082200109901695 0.31781787115082727
6.900329999907937 0.28259480160470174 0.6329016503739293
6.978099999904993 0.08579272454127229 0.30460260903932834
7.05687999990201 0.2770841809788427 0.618705206608583
7.134649999899066 0.08095825648781241 0.2917249155111712
7.213429999896084 0.2717253772633955 0.6049027331059831
7.292209999893101 0.07609400984156267 0.2785387118838467
7.369979999890157 0.26651258336643524 0.5914778446277302
7.448759999887175 0.07168836077823915 0.26641317078299753
7.5265299998842305 0.26144077298000756 0.5784168472825368
7.605309999881248 0.06749539210205036 0.25458832001225007
7.683079999878304 0.25650633324140115 0.5657107000435868
7.7618599998753215 0.06354452226519836 0.24305803794868464
7.840639999872339 0.25147153045594584 0.5527681081469504
7.918409999869395 0.059839406689222836 0.23181770306065497
7.997189999866412 0.24684004760519837 0.5408437074741257
8.074959999863468 0.05635379192206924 0.22086322761689647
8.153739999860486 0.24233377484531338 0.5292420278804055
8.231509999857542 0.05307075553933438 0.21019105541764116
8.31028999985456 0.23795012327706477 0.5179556505010785
8.389069999851577 0.04981152102594021 0.19921960450440812
8.466839999848633 0.2336879269001743 0.506981430509279
8.54561999984565 0.04694525855731391 0.1891883350542245
8.623389999842706 0.2295461348518958 0.49631752749672575
8.702169999839724 0.04426155024961931 0.17941901517867231
8.77993999983678 0.22552393232842838 0.48596391963848795
8.858719999833797 0.041751960638434116 0.16990331278685655
8.936489999830853 0.2216193321215523 0.475917699289663
9.01526999982787 0.03943584963845104 0.16063673910927667
9.094049999824888 0.21763690214025386 0.4656913327626855
9.171819999821944 0.03729069928825113 0.15161975063410216
9.250599999818961 0.21398465849993675 0.4562975734872743
9.328369999816017 0.03532155862152142 0.14285232831692252
9.407149999813035 0.2104372450495441 0.4471753267162204
9.48491999981009 0.03353455549439588 0.1343316768637859
9.563699999807108 0.2069919667557033 0.4383168766803669
9.641469999804164 0.03192205243238522 0.12605338359203966
9.720249999801181 0.20364634362967726 0.4297155983785772
9.799029999798199 0.030419200671102264 0.11757637804921117
9.876799999795255 0.2003980376795087 0.42136551690853397
9.955579999792272 0.029197063767195996 0.1098220980310316
10.033349999789328 0.1972447757043039 0.4132609751124172
10.112129999786346 0.02816815865231137 0.10228792531559172
10.189899999783401 0.19418423119708816 0.4053960885774144
10.268679999780419 0.02732013888358964 0.0949656943593169
10.346449999777475 0.1912140039781558 0.3977646825606085
10.425229999774492 0.026654442113599356 0.08784811765769618
10.502999999771548 0.18833162467855624 0.39036030369045127
10.581779999768566 0.026162769737114067 0.08092883571818588
10.660559999765583 0.18539109091033024 0.38281271883080503
10.73832999976264 0.025835249904203716 0.07420190338156551
10.817109999759657 0.1826925018558445 0.37588212642944985
10.894879999756713 0.025666662974686894 0.0676615967509564
10.97365999975373 0.18007216106393065 0.36915320411373687
11.051429999750786 0.025646883333632523 0.06130252796499036
11.130209999747803 0.1775276688458366 0.36261946785844934
11.20797999974486 0.025785297446645705 0.0551195688778261
11.286759999741877 0.17505675500235118 0.35627485591074315
11.364529999738933 0.026064421337168246 0.04910771543387149
11.44330999973595 0.17265724808227778 0.350113744689895
11.521079999733006 0.026480937488424616 0.04326194993877763
11.599859999730024 0.1703270498041357 0.3441308298063106
11.678639999727041 0.02707174008137303 0.037285850444868096
11.756409999724097 0.1680641210404803 0.3383209941602461
11.835189999721115 0.02778140675414409 0.03178793485237863
11.91295999971817 0.16586644852243604 0.33267909324670164
11.991739999715188 0.028634631222218213 0.026439114558285404
12.069509999712244 0.163732114045393 0.3272001838299232
12.148289999709261 0.02963091053136302 0.021235325881163725
12.226059999706317 0.16165933342111616 0.32187967591224
12.304839999703335 0.0307740085256385 0.016173088714388495
12.38260999970039 0.15964643762019115 0.31671326032730596
12.461389999697408 0.03206590028749978 0.011249541541324959
12.539159999694464 0.15769227220758975 0.3116968828680955
12.617939999691481 0.033507297029693794 0.006462294655129597
12.695709999688537 0.15579565916111737 0.30682664072734234
12.774489999685555 0.03510356661882297 0.0018088717677833266
12.853269999682572 0.15386281915496047 0.3018659417745928
12.931039999679628 0.036843069782579674 0.0027133178332805485
13.009819999676646 0.15208363561664195 0.29729754072135295
13.087589999673702 0.0385681844561131 0.0071068645248306694
13.166369999670719 0.15035626285586878 0.29286238053655156
13.244139999667775 0.04024378657353056 0.011374409052000711
13.322919999664792 0.14867927935633662 0.288556777614124
13.400689999661848 0.04187095419675324 0.015518688299165362
13.479469999658866 0.14705117814437407 0.2843768299394367
13.557239999655922 0.04345077944942899 0.019542460651078564
13.63601999965294 0.14547048365402393 0.2803186941734537
13.713789999649995 0.04498434636859949 0.023448412368654026
13.792569999647013 0.14393582217185596 0.2763787807792961
13.870339999644068 0.04647271953447585 0.02723916198807963
13.949119999641086 0.1424458872586215 0.27255369486385295
14.026889999638142 0.0479169548112377 0.030917339097802365
14.10566999963516 0.14099943717829466 0.2688402465078177
14.184449999632177 0.049391794247117704 0.03467384528373918
14.262219999629233 0.13959528498691953 0.2652354021782988
14.34099999962625 0.05074542128597537 0.03812082756975421
14.418769999623306 0.13823227970639862 0.26173618410856303
14.497549999620324 0.05205850700923787 0.04146429618856473
14.57531999961738 0.1369093132870991 0.2583397318543734
14.654099999614397 0.053332097746231044 0.04470695632141641
14.731869999611453 0.13562534352051103 0.25504337342349137
14.81064999960847 0.054567236674326954 0.047851507651619496
14.888419999605526 0.13437937951824408 0.2518445715753548
14.967199999602544 0.055764973506905346 0.05090066424783268
15.0449699995996 0.13317046479854777 0.24874088367233815
15.123749999596617 0.05692637381890231 0.053857176825400366
15.201519999593673 0.13199766025589688 0.24572991310288783
15.28029999959069 0.05805253986838588 0.056723893113985735
15.358069999587746 0.13086002943036334 0.2428092660339609
15.436849999584764 0.05914464107241946 0.0595038374404222
15.51461999958182 0.12975662239186736 0.2399765116785968
15.593399999578837 0.06020378392665061 0.06219986634294905
15.671169999575893 0.12868648820705686 0.23722921617723713
15.74994999957291 0.06123099757541728 0.06481463151717382
15.827719999569966 0.127648687226104 0.23456497401084242
15.906499999566984 0.06222725537181795 0.06735064044530725
15.98426999956404 0.12664229724363896 0.23198142188702864
16.06304999956106 0.0631934884698595 0.06981028972291581
16.141829999558077 0.12561679966553851 0.22934980470157296
16.219599999555133 0.06413059175787961 0.07219587316126264
16.29837999955215 0.12467395956048356 0.22692946722727703
16.376149999549206 0.06503944573145459 0.07450960046204713
16.454929999546223 0.12375972220782905 0.22458264157821928
16.53269999954328 0.06592163092724979 0.0767536068273178
16.611479999540297 0.122873266288975 0.22230722163979477
16.689249999537353 0.06677717325113064 0.07892995975051775
16.76802999953437 0.1220137923897654 0.22010115658921414
16.845799999531426 0.06760685872730954 0.08104066302033752
16.924579999528444 0.12118052244349997 0.21796245009434445
17.0023499995255 0.06841144994813375 0.08308766000103551
17.081129999522517 0.12037269904483905 0.2158891591932277
17.158899999519573 0.06919168709189805 0.08507283665172283
17.23767999951659 0.1195895846762861 0.21387939275833157
17.315449999513646 0.06994828895109495 0.08699802389230404
17.394229999510664 0.11883046090151216 0.21193130904456625
17.47199999950772 0.07068195387535203 0.08886499993546737
17.550779999504737 0.11809462751991862 0.21004311392844865
17.628549999501793 0.07139336071018887 0.09067549242085526
17.70732999949881 0.11738140162339883 0.20821305864284767
17.785099999495866 0.07208316973841788 0.09243118061404987
17.863879999492884 0.11669011654948348 0.2064394368942568
17.94164999948994 0.07275202364318079 0.09413369763645596
18.020429999486957 0.11602012077764146 0.20472058097152912
18.098199999484013 0.07340054852871991 0.09578463283487215
18.17697999948103 0.11537077692811593 0.20305485869213102
18.255759999478048 0.07406239210335575 0.09746966670884927
18.333529999475104 0.11474146110132444 0.20144067360484685
18.41230999947212 0.0746700089452651 0.09901676555339467
18.490079999469177 0.11413156095420751 0.19987645275570953
18.568859999466195 0.07525919627373268 0.10051709710715562
18.64662999946325 0.11354047358723585 0.19836063986989894
18.72540999946027 0.07583051571920008 0.10197207710166412
18.803179999457324 0.1129676010039712 0.19689168760030906
18.88195999945434 0.07638451675700875 0.10338308971579169
18.959729999451397 0.11241235161194606 0.19546806342922718
19.038509999448415 0.07692173719012707 0.10475148736640572
19.11627999944547 0.11187415751635867 0.1940882935644428
19.19505999944249 0.07744269771404333 0.10607857952883437
19.272829999439544 0.11135247176361175 0.19275095929137676
19.351609999436562 0.07794790195374923 0.1073656357151509
19.429379999433618 0.11084676681622731 0.1914546953221241
19.508159999430635 0.07843783736139343 0.10861388663960803
19.58592999942769 0.11035653327371242 0.1901981854894097
19.66470999942471 0.07891297621679327 0.10982452598851111
19.742479999421764 0.10988127871772503 0.18898015930091105
19.821259999418782 0.07937377667163403 0.11099871256269322
19.899029999415838 0.10942052659014356 0.18779938871000823
19.977809999412855 0.07982068382965524 0.11213757239738609
20.05557999940991 0.10897381508201676 0.18665468432425003
20.13435999940693 0.08025413129044212 0.11324220227214576
20.212129999403984 0.1085406957557713 0.18554489031493704
20.290909999401002 0.08067454477125502 0.11431367782698265
20.368679999398058 0.10812073067466732 0.1844688751967305
20.447459999395075 0.08108233803501075 0.11535304514479483
20.52522999939213 0.10771357127129322 0.18342554045439607
20.60400999938915 0.08147790851002534 0.11636131063527122
20.681779999386205 0.10731893996794961 0.1824138298563871
20.760559999383222 0.08186163895810694 0.11733944276307584
20.83933999938024 0.1069160072985168 0.1813811512306751
20.917109999377296 0.0822338985025114 0.11828837644995982
20.995889999374313 0.10654597095368856 0.18043258531026396
21.07365999937137 0.08259504318872624 0.11920901428179587
21.152439999368386 0.10618705302453513 0.1795125683415444
21.230209999365442 0.08294541643743303 0.1201022274321728
21.30898999936246 0.10583890460289436 0.17862020026623293
21.386759999359516 0.08328534965146694 0.12096885707941762
21.465539999356533 0.10550118928788332 0.17775461410777238
21.54330999935359 0.08361516283316939 0.12180971573310106
21.622089999350607 0.10517358255590359 0.17691497390078803
21.699859999347662 0.08393516510056043 0.1226255883461369
21.77863999934468 0.10485577117888877 0.1761004725873816
21.856409999341736 0.08424565514015647 0.12341723357555123
21.935189999338753 0.10454745274579824 0.17531033129304374
22.01295999933581 0.084546921685276 0.12418538495393427
22.091739999332827 0.10424833516440536 0.17454379801161712
22.169509999329883 0.08483924395441167 0.12493075196794434
22.2482899993269 0.10395813619409155 0.1738001463199912
22.326059999323956 0.08512289206129764 0.12565402105848555
22.404839999320973 0.10367658302628403 0.17307867439523283
22.48260999931803 0.08539812741931774 0.126355856569782
22.561389999315047 0.1034034119030256 0.1723787039417446
22.639159999312103 0.08566520309794234 0.12703690165409842
22.71793999930912 0.10313836769935791 0.17169957862169793
22.795709999306176 0.08592436405980752 0.12769777909664715
22.874489999303194 0.1028812036191268 0.17104066359551195
22.95225999930025 0.08617584750020224 0.12833909204073013
23.031039999297267 0.10263168086776929 0.17040134470787116
23.108809999294323 0.08641988314247517 0.1289614247199422
23.18758999929134 0.10238956833288326 0.16978102770365266
23.265359999288396 0.08665669351848593 0.12956534316126422
23.344139999285414 0.10215464228845339 0.16917913744471935
23.42190999928247 0.08688649423006922 0.1301513958345435
23.500689999279487 0.10192668611742105 0.16859511716795783
23.578459999276543 0.0871094942017081 0.13072011427734953
23.65723999927356 0.10170549005158847 0.16802842780595517
23.735009999270616 0.08732589591754103 0.1312720136940615
23.813789999267634 0.10149085091781661 0.16747854732162004
23.89256999926465 0.08754704258603363 0.1318360510984662
23.970339999261707 0.10128257190203994 0.16694497009522857
24.049119999258725 0.08775022322818071 0.1323542445426984
24.12688999925578 0.10108046232424261 0.1664272063316541
24.205669999252798 0.087947403087278 0.13285713968840263
24.283439999249854 0.10088433742330027 0.16592478150618817
24.36221999924687 0.0881387599476986 0.13334518904865034
24.439989999243927 0.10069401815319999 0.1654372358295908
24.518769999240945 0.08832446622489609 0.13381883150415108
24.596539999238 0.10050933098654036 0.16496412373969704
24.67531999923502 0.0885046891427218 0.13427849275809978
24.753089999232074 0.10033010772747997 0.16450501341678248
24.83186999922909 0.0886795908993081 0.1347245857587942
24.909639999226147 0.10015618533382863 0.16405948631900147
24.988419999223165 0.08884932883116203 0.13515751112002095
25.06618999922022 0.0999874057441631 0.16362713673401252
25.14496999921724 0.08901405556625885 0.13557765751014417
25.222739999214294 0.0998236157139968 0.1632075713644543
25.301519999211312 0.08917391916990403 0.1359854020254292
25.379289999208368 0.09966466666045692 0.16280040892802106
25.458069999205385 0.08932906328460855 0.1363811105564272
25.53583999920244 0.09951041450433451 0.16240527975495134
25.61461999919946 0.08947962727786074 0.1367651381529167
25.692389999196514 0.09936071952629599 0.16202182542690569
25.771169999193532 0.08962574637485143 0.1371378292984171
25.848939999190588 0.09921544623482392 0.16164969838294851
25.927719999187605 0.08976755178625462 0.13749951824535422
26.00548999918466 0.09907446323190527 0.16128856157239246
26.08426999918168 0.08990517083268668 0.13785052934884856
26.162039999178734 0.09893764308032771 0.1609380881307798
26.240819999175752 0.09003872705953186 0.13819117736818542
26.318589999172808 0.09880486217868145 0.16059796106026036
26.397369999169825 0.09016834035342047 0.13852176776395497
26.47513999916688 0.09867600064118931 0.1602678729181961
26.5539199991639 0.09029412705208817 0.1388425969732654
26.631689999160955 0.0985509421824885 0.15994752552067615
26.710469999157972 0.09041620005189965 0.13915395268749853
26.788239999155028 0.09842957400422515 0.1596366296482854
26.867019999152046 0.09053466891221906 0.13945611410877135
26.945799999149063 0.09830549512086961 0.1593188349772956
27.02356999914612 0.09064963995562192 0.13974935221071627
27.102349999143136 0.09819152242918937 0.15902687727065157
27.180119999140192 0.09076121636493961 0.14003392998122033
27.25889999913721 0.0980809069230868 0.15874351727868108
27.336669999134266 0.09086949827723512 0.14031010266284394
27.415449999131283 0.09797354927894697 0.15846850040358573
27.49321999912834 0.0909745828735542 0.14057811797711928
27.571999999125357 0.09786935313382948 0.1582015796517955
27.649769999122412 0.09107656446878931 0.14083821635630933
27.72854999911943 0.09776822499645654 0.15794251540881543
27.806319999116486 0.09117553459623973 0.14109063115562703
27.885099999113503 0.09767007416181937 0.15769107521512726
27.96286999911056 0.0912715820901362 0.14133558886174624
28.041649999107577 0.09757481262410062 0.1574470335442335
28.119419999104633 0.09136479316509738 0.1415733092966276
28.19819999910165 0.09748235499504687 0.15721017159278095
28.275969999098706 0.09145525149402067 0.1418040058127401
28.354749999095723 0.09739261842759595 0.15698027708012097
28.43251999909278 0.09154303828465116 0.1420278854871948
28.511299999089797 0.09730552253527625 0.15675714404561614
28.589069999086853 0.09162823235138684 0.14224514930741838
28.66784999908387 0.09722098932179768 0.15654057266319965
28.745619999080926 0.0917109101850958 0.14245599234296025
28.824399999077944 0.09713894310616822 0.15633036904997288
28.902169999075 0.09179114602323268 0.1426606039291567
28.980949999072017 0.09705931045547345 0.15612634509437617
29.058719999069073 0.09186901191511465 0.14285916782422747
29.13749999906609 0.09698202011367507 0.1559283182699711
29.215269999063146 0.09194457778611231 0.14305186237749679
29.294049999060164 0.09690700294166044 0.1557361114828515
29.37181999905722 0.09201791150248495 0.14323886070660707
29.450599999054237 0.09683419185002173 0.15554955289698302
29.528369999051293 0.09208907893092066 0.1434203308357307
29.60714999904831 0.09676352173880398 0.15536847578014878
29.684919999045366 0.09215814399444988 0.14359643584004322
29.763699999042384 0.09669492943841862 0.15519271835311432
29.84146999903944 0.09222516873452946 0.14376733400079944
29.920249999036457 0.09662835364962341 0.1550221236315763
29.999029999033475 0.0922937534492867 0.1439422188162065
30.07679999903053 0.09656373489185266 0.15485653929782073
30.155579999027548 0.09235668578896772 0.14410267266817822
30.233349999024604 0.09650101544434808 0.15469581754643524
