0.001020000000000002 0.4775025698646752 1.191399686509742
0.07879000000000215 0.2617529570254393 0.6851542967641566
0.15959000000001883 0.4517462167633197 1.142655252292868
0.2363500000000956 0.25279554653391234 0.6536910510005822
0.3161400000001754 0.436483756707433 1.1004209641293006
0.39391000000025317 0.24222881397274643 0.6302743614281736
0.47269000000033196 0.4228515927102287 1.0620652205971082
0.551470000000125 0.2320615808278439 0.6068430836363548
0.6302499999997665 0.4094881497940555 1.0265828781707786
0.7080199999994126 0.2228931946051419 0.5843508456313762
0.786799999999054 0.3975536434082281 0.9953846873225314
0.8655799999986955 0.21360906117025902 0.5614719029066184
0.944359999998337 0.3858461680942403 0.9647303596879819
1.0221299999982287 0.20505807919928187 0.5404773451731737
1.1009099999987448 0.37541420779708123 0.9373795110298677
1.179689999999261 0.19629996769012092 0.5188827022050146
1.2574599999997704 0.3654967304855846 0.9114515558140024
1.3362400000002865 0.18834393556379947 0.49921959940377736
1.4150200000008026 0.3556434447433797 0.8857711003139701
1.4927900000013121 0.1805943057806585 0.48001228584048095
1.5715700000018282 0.3467667798739086 0.8626481689951615
1.6503500000023443 0.17263566551422083 0.460228642378957
1.7281200000028538 0.3382683495717569 0.8405439740275189
1.80690000000337 0.165426536697603 0.44229535839067635
1.8846700000038794 0.3301202042717357 0.8193788161446558
1.9634500000043955 0.15841598039569016 0.42482723267573963
2.0422300000049116 0.32194678997616066 0.7981846717081575
2.120000000005421 0.15160395843258323 0.40783143224979446
2.198780000005937 0.31451427353487416 0.7789111961182815
2.2765500000064467 0.14498888271653732 0.3913103512054761
2.355330000006963 0.3073552474700284 0.7603601032446838
2.434110000007479 0.13824203685418124 0.374442222913407
2.5118800000079884 0.3004555838359121 0.7424929971237115
2.5906600000085045 0.13208033797872476 0.35902944280231663
2.668430000009014 0.29380241805113794 0.7252755137099665
2.74721000000953 0.12609495740675714 0.3440440581359505
2.825990000010046 0.2870563240107137 0.707838462769006
2.9037600000105557 0.12028188502568382 0.3294777027850526
2.982540000011072 0.2809181607408545 0.6919723655599008
3.0603100000115813 0.11463702145868926 0.3153220810887203
3.1390900000120974 0.27498643125232114 0.6766478251035046
3.216860000012607 0.10915641999189707 0.3015693139680864
3.295640000013123 0.26925180650104097 0.6618387002714998
3.374420000013639 0.1035357314297004 0.28744720514424227
3.4521900000141486 0.2637029693087516 0.6475154192042032
3.5309700000146647 0.09841514920369121 0.2745839837131725
3.608740000015174 0.25833065075986583 0.633652108027638
3.6875200000156902 0.09344109256571276 0.26208457903483806
3.7652900000161997 0.25312694098297606 0.6202274055514434
3.844070000016716 0.08860927228265558 0.24993901261337603
3.9218400000172253 0.24808377205069368 0.6072195426092497
4.0006200000177135 0.08391545783070842 0.2381370093067825
4.079400000014731 0.2429272158376601 0.5939446364366718
4.157170000011787 0.07935583283453562 0.22666953305885418
4.235950000008804 0.23821822334092405 0.5818025697730933
4.31372000000586 0.0749268864152498 0.215528026014411
4.392500000002878 0.23364937724839416 0.5700237571253375
4.470269999999934 0.07062514455779256 0.20470400896120955
4.549049999996951 0.22921571259253362 0.558595428387687
4.626819999994007 0.0664469928114112 0.19418879760436658
4.7055999999910245 0.22491354991365864 0.5475086585276068
4.78336999998808 0.062388525442858216 0.18397254062956225
4.862149999985098 0.2207394455504266 0.5367554135919272
4.939919999982154 0.058446133899928476 0.17404567434710083
5.018699999979171 0.2166897939327638 0.5263258701870166
5.097479999976189 0.05440690106408441 0.16385702049644957
5.175249999973245 0.21276127032487757 0.5162107702831209
5.254029999970262 0.050707479650225484 0.15453635276027056
5.331799999967318 0.20894990095177757 0.5064017943293919
5.410579999964336 0.04711277860513963 0.14547613917530455
5.488349999961391 0.20525233208240767 0.4968903050975415
5.567129999958409 0.043619947108833435 0.13666915662721157
5.644899999955465 0.20166459872629572 0.48766550044451185
5.723679999952482 0.04022599026769025 0.1281083126881355
5.801449999949538 0.19818312733301358 0.4787174579557685
5.880229999946556 0.03692806960779249 0.11978692639085242
5.9579999999436115 0.1948045307766273 0.47003704000758706
6.036779999940629 0.03372362843651899 0.11169887660610334
6.114549999937685 0.1915254301599627 0.46161507794515444
6.1933299999347025 0.030610090900104577 0.10383807400753398
6.27210999993172 0.18816454201708743 0.4529952123096481
6.349879999928776 0.02762942840299032 0.09619832007027318
6.428659999925793 0.1850874749197864 0.44509451584485715
6.506429999922849 0.02486856374413682 0.0887732985625389
6.585209999919867 0.18209815855006162 0.437419962086838
6.662979999916923 0.022259348922919586 0.08155654024178949
6.74175999991394 0.1791934521954175 0.4299631265017867
6.819529999910996 0.019833439695724597 0.07454164910447592
6.8983099999080135 0.17637026028397185 0.4227157578499674
6.976079999905069 0.017612483018074276 0.06772225459179548
7.054859999902087 0.17362557729464612 0.4156698586637919
7.132629999899143 0.015583645734060791 0.06109190094037986
7.21140999989616 0.17095774495932414 0.4088188210592536
7.289179999893216 0.01376110245977402 0.054644018589833365
7.367959999890234 0.168363901356403 0.40215784164153723
7.4457299998872895 0.01216190484903057 0.04837234720219685
7.524509999884307 0.16584200317919595 0.39568217607317546
7.602279999881363 0.010785607350325521 0.04227110791295008
7.68105999987838 0.1633899821774577 0.38938669593467923
7.758829999875436 0.009665498084841073 0.03633492496715185
7.837609999872454 0.16100581510207634 0.38326624688889144
7.916389999869471 0.008791463491390039 0.030228250083641495
7.994159999866527 0.15868767554685048 0.3773162088465454
8.072939999863545 0.008287116502762149 0.02463182412973941
8.1507099998606 0.1564338229385306 0.3715322423057832
8.229489999857618 0.008097303069007578 0.01918481086028434
8.307259999854674 0.15424254851074648 0.3659100829353501
8.386039999851691 0.008250752024979602 0.013882881894677901
8.463809999848747 0.1521120702125427 0.36044515747351014
8.542589999845765 0.008801494485360717 0.008722049574061419
8.62035999984282 0.15004047663781295 0.3551323724254152
8.699139999839838 0.009844486170162758 0.0036985164429959028
8.776909999836894 0.14802621968184915 0.349967678766927
8.855689999833912 0.011506069977718303 0.0011914469181806275
8.933459999830967 0.14606794841019144 0.34494770133852715
9.012239999827985 0.013372467278781941 0.005951380642144066
9.09000999982504 0.1441642129866535 0.3400687920255385
9.168789999822058 0.01518858646209653 0.010584606971686394
9.246559999819114 0.14231347679479867 0.33532697140807866
9.325339999816132 0.016956286919543873 0.015094179393493334
9.403109999813188 0.14051430358072647 0.3307183732352392
9.481889999810205 0.018677838446365724 0.019482789338409745
9.559659999807261 0.13876533223602927 0.3262392105969236
9.638439999804278 0.020352459360999275 0.02375286273981203
9.717219999801296 0.13697487555771082 0.3216535172421153
9.794989999798352 0.02198112145136999 0.027906639145269807
9.87376999979537 0.1353302515634246 0.3174409576316095
9.951539999792425 0.023564673454415264 0.03194609754022526
10.030319999789443 0.13373218816234111 0.3133481182597042
10.108089999786499 0.02510400487973763 0.03587333350080213
10.186869999783516 0.132179572428762 0.30937201147889226
10.264639999780572 0.02660006505782675 0.03969060102628763
10.34341999977759 0.13067126020625697 0.3055095771935856
10.421189999774645 0.028053840508516337 0.04340025581160978
10.499969999771663 0.1292060701015575 0.30175765536272214
10.577739999768719 0.02946634434335038 0.047004728062882695
10.656519999765736 0.12778278155805345 0.2981129652395942
10.734289999762792 0.030839087678208418 0.050506511541759114
10.81306999975981 0.12640020827337595 0.29457235143588445
10.890839999756865 0.03217381878287651 0.05390824234838831
10.969619999753883 0.12505719094536705 0.29113280029725574
11.047389999750939 0.03347050778546634 0.05721286435113049
11.126169999747956 0.1237525890572353 0.2877914326998465
11.203939999745012 0.03473034780073292 0.060423480101190474
11.28271999974203 0.12248528046996865 0.2845454751516874
11.360489999739086 0.035954481296197494 0.06354308154445931
11.439269999736103 0.12125415938332362 0.28139218892816453
11.51804999973312 0.03721074197941465 0.06674551306796728
11.595819999730177 0.12005813444845902 0.2783288585757493
11.674599999727194 0.03836221127476902 0.06968006716150388
11.75236999972425 0.11889610570600893 0.2753527356386565
11.831149999721267 0.03948141698975427 0.0725324807494876
11.908919999718323 0.11776699380197664 0.2724611040317515
11.98769999971534 0.040569485173082676 0.07530567179490077
12.065469999712397 0.11666975110466395 0.2696513238810261
12.144249999709414 0.041627481752902984 0.07800242445172856
12.22201999970647 0.11560336450749518 0.26692086070124743
12.300799999703488 0.04265635950852187 0.08062523045827552
12.378569999700543 0.11456687384565967 0.2642672890097786
12.457349999697561 0.04365700167949138 0.08317637265701228
12.535119999694617 0.11355937159306718 0.26168829104040725
12.613899999691634 0.04463023866825433 0.08565797405074571
12.69166999968869 0.11257999570149801 0.25918165055931475
12.770449999685708 0.04557685791292132 0.08807203244157735
12.848219999682764 0.11162792267130162 0.25674524257973674
12.926999999679781 0.046497910400359554 0.09042044461908816
13.004769999676837 0.11070236183385695 0.25437702008654917
13.083549999673854 0.047394450051841064 0.09270502359924881
13.16131999967091 0.10980254999036143 0.25207500073881617
13.240099999667928 0.048266514675055494 0.09492750743013145
13.317869999664984 0.10892817489550188 0.2498372497845902
13.396649999662001 0.04911477653027973 0.09708956055860529
13.475429999659019 0.10802964752127052 0.2475390947940359
13.553199999656075 0.049939886929520554 0.09919278834894518
13.631979999653092 0.10720630736470481 0.24543208303332564
13.709749999650148 0.050742476749748744 0.10123874956763368
13.788529999647166 0.10640570652322744 0.24338340481689924
13.866299999644221 0.05152315762566495 0.10322896628862654
13.945079999641239 0.10562720196296671 0.24139138061199938
14.022849999638295 0.05228252260109845 0.10516492529508703
14.101629999635312 0.10487017312483192 0.23945439831067894
14.179399999632368 0.05302114730484231 0.10704807589871912
14.258179999629386 0.10413402036153274 0.23757090511662415
14.335949999626441 0.05373959070122269 0.10887982904252969
14.414729999623459 0.1034181636747693 0.2357394023563053
14.492499999620515 0.054438395497975134 0.11066155727392779
14.571279999617532 0.1027220417418383 0.23395844195216453
14.649049999614588 0.05511808844023713 0.11239459466121371
14.727829999611606 0.10204511123860116 0.23222662413769912
14.805599999608662 0.05577918045697927 0.11408023658011635
14.88437999960568 0.10138684646229491 0.23054259673929156
14.962149999602735 0.05642216635482622 0.11571973872165353
15.040929999599753 0.1007467391975828 0.22890505428033725
15.118699999596808 0.05704752318343186 0.11731431375094914
15.197479999593826 0.10012429931199286 0.22731273805175478
15.275249999590882 0.05765571629667266 0.11886514544121596
15.3540299995879 0.09951905184535591 0.2257644283077842
15.431799999584955 0.05824719838204918 0.12037338365606942
15.510579999581973 0.09893053377918615 0.22425893306448064
15.58935999957899 0.05885432305412241 0.12192185204080719
15.667129999576046 0.09835829006005449 0.22279507398109688
15.745909999573064 0.059411531654505634 0.12334268861182718
15.82367999957012 0.09780188517538135 0.22137172504339553
15.902459999567137 0.059953406902624184 0.12472441823363489
15.980229999564193 0.09726090249400765 0.2199878154410806
16.059009999561212 0.060480346817974096 0.12606805540077426
16.136779999558268 0.09673493474586103 0.21864230383168426
16.215559999555285 0.06099274039333591 0.12737459456645395
16.29332999955234 0.09622358421094668 0.21733417550219292
16.37210999954936 0.061490968755756985 0.1286450114961979
16.449879999546415 0.09572646267184692 0.21606244162866162
16.528659999543432 0.06197540511977451 0.12988026306164357
16.606429999540488 0.09524319126105651 0.2148261388980277
16.685209999537506 0.06244641468675005 0.13108128678808173
16.76297999953456 0.09477340042897009 0.2136243292332196
16.84175999953158 0.06290435463515176 0.13224900067878576
16.919529999528635 0.09431673003991836 0.2124560998453151
16.998309999525652 0.06334957418980502 0.1333843034169946
17.076079999522708 0.0938728297299517 0.21132056437083158
17.154859999519726 0.063782414686534 0.13448807404499163
17.23262999951678 0.0934413605248694 0.21021686819224783
17.3114099995138 0.06420326799335774 0.13556117304159843
17.389179999510855 0.0930219927311966 0.209144179844023
17.467959999507872 0.06461270272363284 0.13660444073372302
17.54673999950489 0.0925921186807892 0.20804514073347047
17.624509999501946 0.06501072332305469 0.13761868976672753
17.703289999498963 0.09219753922884166 0.20703596081613762
17.78105999949602 0.06539763699576417 0.13860470598472396
17.859839999493037 0.09181403929088083 0.20605518867868877
17.937609999490093 0.06577374360290367 0.13956325284987248
18.01638999948711 0.09144131796797372 0.20510205322198383
18.094159999484166 0.06613933565708696 0.1404950734674837
18.172939999481184 0.09107908133714382 0.20417580011513614
18.25070999947824 0.06649469838241406 0.14140089147253176
18.329489999475257 0.0907270424566653 0.2032756920900769
18.407259999472313 0.06684010986935429 0.14228141156878982
18.48603999946933 0.09038492128348752 0.20240100879883594
18.563809999466386 0.06717584128289422 0.14313732055708517
18.642589999463404 0.09005244449716776 0.20155104648316158
18.72035999946046 0.06750215701163276 0.14396928734213832
18.799139999457477 0.08972934517628084 0.20072511716467956
18.876909999454533 0.06781931468394997 0.14477796207285065
18.95568999945155 0.08941536197333999 0.1999225457958831
19.033459999448606 0.06812756561403588 0.14556397822619305
19.112239999445624 0.08911023995501388 0.1991426730141077
19.19000999944268 0.06842715492080553 0.14632795362551354
19.268789999439697 0.08881373180517682 0.19838485998608935
19.347569999436715 0.06873454416480251 0.14711184707280056
19.42533999943377 0.08852559717481867 0.19764848719745487
19.504119999430788 0.06901638876190663 0.14783064621201047
19.581889999427844 0.08824560237770773 0.19693295316439707
19.66066999942486 0.0692903195552027 0.14852929776941748
19.738439999421917 0.08797352015154791 0.19623767337871856
19.817219999418935 0.06955655494290869 0.14920835517320263
19.89498999941599 0.08770912944583231 0.19556207963442596
19.97376999941301 0.06981530754416954 0.14986835748036498
20.051539999410064 0.08745221523649682 0.19490561946627905
20.13031999940708 0.07006678433732794 0.1505098296583962
20.208089999404137 0.08720256835952456 0.19426775567332744
20.286869999401155 0.07031118679468851 0.15113328289815264
20.36463999939821 0.08695998534885507 0.19364796589353972
20.44341999939523 0.07054871101895965 0.1517392149428587
20.521189999392284 0.08672426828712543 0.19304574221806758
20.5999699993893 0.07077954787254992 0.1523281103958607
20.677739999386358 0.08649522465579973 0.19246059080377798
20.756519999383375 0.07100388311220596 0.15290044105329414
20.83428999938043 0.08627266719436488 0.19189203150967726
20.91306999937745 0.0712218975178569 0.15345666622705867
20.990839999374504 0.0860564137548494 0.19133959751159724
21.069619999371522 0.07143376702391402 0.1539972330683259
21.147389999368578 0.08584628715259923 0.19080283488834837
21.226169999365595 0.071639662850568 0.15452257689702042
21.304949999362613 0.08563109591792639 0.19025332473396883
21.38271999935967 0.07183975163756517 0.15503312151531334
21.461499999356686 0.0854334959728218 0.1897485919469255
21.539269999353742 0.07203419559010427 0.1555292795343166
21.61804999935076 0.08524148419562139 0.18925815142559754
21.695819999347815 0.07222315273408353 0.15601145293333563
21.774599999344833 0.08505490325752452 0.18878160068837024
21.85236999934189 0.07240677695507969 0.1564800331507077
21.931149999338906 0.08487373142354748 0.18831854704922657
22.008919999335962 0.07258521763582937 0.15693540054944055
22.08769999933298 0.08469768567436997 0.18786860905095626
22.165469999330035 0.07275861980551457 0.15737792389493022
22.244249999327053 0.08452662095203867 0.1874314162485069
22.32201999932411 0.07292712438337734 0.15780796137871977
22.400799999321126 0.08436039709044707 0.1870066088320299
22.478569999318182 0.07309086837142553 0.15822586130522787
22.5573499993152 0.0841988779038787 0.18659383727840373
22.635119999312256 0.07324998497230184 0.1586319623895549
22.713899999309273 0.08404193105783886 0.186192762052384
22.79166999930633 0.07340460369518087 0.15902659404415376
22.870449999303347 0.08388942794496868 0.18580305329100044
22.948219999300402 0.07355485045956955 0.15941007663921036
23.02699999929742 0.08374124357305324 0.18542439049435977
23.105779999294437 0.07370880937632518 0.15980301131913732
23.183549999291493 0.08359725645854077 0.1850564622381201
23.26232999928851 0.07385011018405507 0.1601636770137138
23.340099999285567 0.08345734852085385 0.18469896588799717
23.418879999282584 0.07398742189256957 0.16051416838305244
23.49664999927964 0.08332140498447993 0.18435160733668576
23.575429999276658 0.07412085606174623 0.16085476946894328
23.653199999273713 0.08318931428522336 0.18401410075946645
23.73197999927073 0.0742505211731741 0.161185756516391
23.809749999267787 0.08306096797579077 0.18368616836098584
23.888529999264804 0.0743765227126868 0.16150739817589743
23.96629999926186 0.08293626064029602 0.18336754014934842
24.045079999258878 0.07449896325216232 0.16181995570777596
24.122849999255934 0.08281508980555441 0.1830579537057342
24.20162999925295 0.07461794252988974 0.1621236831846895
24.279399999250007 0.08269735586098104 0.18275715397100267
24.358179999247024 0.07473355752736 0.16241882767702442
24.43594999924408 0.08258296197952586 0.18246489303984648
24.514729999241098 0.0748459025437358 0.16270562944796785
24.592499999238154 0.08247181403604742 0.18218092995265778
24.67127999923517 0.07495506926933748 0.16298432213179836
24.749049999232227 0.08236382053682578 0.18190503050253826
24.827829999229245 0.07506114685530674 0.16325513290870175
24.906609999226262 0.08225312609262814 0.1816223023758945
24.984379999223318 0.07516422198506933 0.16351828268692525
25.063159999220336 0.0821515857974503 0.1813628953212798
25.14092999921739 0.07526437893949844 0.16377398626666873
25.21970999921441 0.08205292195545022 0.1811108405912587
25.297479999211465 0.07536169966394224 0.1640224525068401
25.376259999208482 0.0819570535966303 0.18086593097417225
25.454029999205538 0.07545626383140858 0.16426388448799178
25.532809999202556 0.08186390200910498 0.18062796505603496
25.61057999919961 0.07554814890363981 0.16449847966507614
25.68935999919663 0.08177339067632328 0.1803967470549006
25.767129999193685 0.07563743019416347 0.16472643003015985
25.845909999190702 0.08168544521778598 0.18017208666682993
25.92367999918776 0.07572418092363364 0.16494792224752697
26.002459999184776 0.08159999332723555 0.17995379890402008
26.08022999918183 0.07580847228138698 0.16516313781496095
26.15900999917885 0.08151696471709691 0.17974170395678168
26.236779999175905 0.07589037347749106 0.16537225319005477
26.315559999172923 0.08143629106031247 0.17953562704166037
26.39332999916998 0.07596995180082844 0.16557543994308865
26.472109999166996 0.08135790593837189 0.17933539826499034
26.54987999916405 0.0760472726711251 0.16577286488207443
26.62865999916107 0.08128174478654204 0.17914085248592615
26.707439999158087 0.07612655798511525 0.16597527876013318
26.785209999155143 0.08120774483907345 0.1789518291694936
26.86398999915216 0.07619925932086669 0.1661609127058261
26.941759999149216 0.08113584507931493 0.17876817226133435
27.020539999146234 0.07626990212384377 0.1663412921397489
27.09830999914329 0.08106598619259853 0.1785897300659589
27.177089999140307 0.0763385443184631 0.16651656477727483
27.254859999137363 0.08099811052508776 0.17841635513836662
27.33363999913438 0.07640524221567302 0.16668687422084494
27.411409999131436 0.08093216203564024 0.17824790416289815
27.490189999128454 0.07647005056255507 0.16685236008279203
27.56795999912551 0.08086808625209074 0.17808423784116956
27.646739999122527 0.07653302258210959 0.16701315809068973
27.724509999119583 0.08080583022349119 0.17792522076931494
27.8032899991166 0.0765942100186654 0.1671694002069124
27.881059999113656 0.08074534247923093 0.17777072133046135
27.959839999110674 0.07665366318018096 0.16732121472331496
28.03760999910773 0.08068657297788484 0.1776206115684964
28.116389999104747 0.07671143097491928 0.16746872635970966
28.194159999101803 0.08062947305619228 0.17747476705730625
28.27293999909882 0.07676756096386805 0.16761205643093247
28.350709999095876 0.08057399542398991 0.17733306688583195
28.429489999092894 0.07682209938434914 0.16775132290229866
28.50826999908991 0.08051709002363672 0.1771877506211439
28.586039999086967 0.07687509117649194 0.16788664045472856
28.664819999083985 0.08046493163814405 0.17705452858719495
28.74258999908104 0.07692658001876496 0.1680181205658049
28.82136999907806 0.08041425195571927 0.17692508394859807
28.899139999075114 0.07697660836261822 0.16814587159407202
28.97791999907213 0.08036500919219947 0.17679930992998694
29.055689999069187 0.07702521746783975 0.16826999885815042
29.134469999066205 0.08031716274170086 0.17667710277076143
29.21223999906326 0.07707244743371022 0.1683906047193373
29.29101999906028 0.08027067314251546 0.17655836164083283
29.368789999057334 0.07711833723211214 0.1685077886655062
29.447569999054352 0.0802255020447471 0.1764429885485752
29.525339999051408 0.0771629247396508 0.16862164738740137
29.604119999048425 0.08018161218021924 0.17633088827281318
29.68188999904548 0.07720624676643961 0.16873227485714182
29.7606699990425 0.08013896732873083 0.1762219682702959
29.838439999039554 0.07724833908828677 0.1688397624079796
29.917219999036572 0.08009753229126204 0.17611613860891717
29.994989999033628 0.07728923647292718 0.16894419880016942
30.073769999030645 0.08005727286204123 0.17601331189506242
30.1515399990277 0.0773289727091151 0.16904567029625284
30.23031999902472 0.08001815579777782 0.1759134031958154
30.309099999021736 0.07736974811326314 0.16914977861750558
30.386869999018792 0.07998014879299209 0.1758163299750093
30.46564999901581 0.07740710791098893 0.1692451824380936
30.543419999012865 0.07994322045205349 0.1757220120210734
30.622199999009883 0.07744340921715864 0.16933788344143386
30.69996999900694 0.07990734026508206 0.17563037138857984
30.778749999003956 0.07747868190482099 0.1694279578972946
30.856519999001012 0.07987247858166435 0.1755413323273225
30.93529999899803 0.07751295500674604 0.16951547992805072
31.013069998995086 0.07983860658814723 0.17545482122421907
31.091849998992103 0.07754625673968274 0.16960052157477534
31.16961999898916 0.07980569628236145 0.1753707665426707
31.248399998986176 0.0775786145274916 0.1696831528551268
31.326169998983232 0.07977372045196895 0.175289098763165
31.40494999898025 0.07761005502274188 0.16976344181581782
