0.001020000000000002 1.6712583195510073 4.169898946573724
0.08081000000000137 0.9848813225338472 2.6758611103752328
0.16060000000001984 1.4018839333938402 3.4402521861832125
0.23837000000009761 0.9707609006560193 2.6635611662882197
0.3171500000001764 1.2967090083710584 3.1343389962442347
0.3949200000002542 0.9373114713405654 2.6011229585530926
0.47370000000033297 1.2269039820487735 2.9357672790797706
0.5524800000001204 0.9010192141019769 2.5232640426595787
0.6302499999997665 1.1691641093736238 2.7760906641416394
0.709029999999408 0.8680965708401309 2.4475616133030287
0.786799999999054 1.117866978029741 2.6362243791865025
0.8655799999986955 0.836748142337479 2.3738533082097835
0.9433499999983416 1.0710359274329941 2.509267151439565
1.0211199999982221 0.8090873201435222 2.308027645458921
1.0998999999987382 1.0278437244398946 2.3927478188021767
1.1776699999992477 0.7814459277683294 2.2416895674253423
1.2554399999997572 0.9894212396221936 2.2895971236005397
1.3342200000002733 0.7550755721336477 2.1779618617935204
1.4119900000007828 0.9531285681740824 2.192565413626335
1.490770000001299 0.729755646273289 2.116259027989953
1.5685400000018084 0.9194011852064662 2.1026938151310626
1.6463100000023179 0.7071144898648276 2.0601896302651856
1.7240800000028274 0.8890714494087789 2.0224259816261636
1.8028600000033435 0.6838236734683909 2.002654340134624
1.880630000003853 0.8596312476060152 1.9444718860625376
1.9584000000043624 0.6627020524756719 1.9496402848761862
2.036170000004872 0.8328633654478241 1.8740360972403503
2.114950000005388 0.6408677667648488 1.8951537470974444
2.1927200000058975 0.8067183994922126 1.805121886429517
2.270490000006407 0.6211033267252822 1.845101540914984
2.3482600000069165 0.7828408512469897 1.7426195724954963
2.4270400000074326 0.6008868064462788 1.7942142283041806
2.504810000007942 0.7591942233450734 1.68068347184277
2.5825800000084516 0.5828119766801126 1.7483078901703752
2.660350000008961 0.7376774628597981 1.6245946213906737
2.7381200000094705 0.5652702436748135 1.7037482815038807
2.81589000000998 0.7170291302410728 1.5708700678562004
2.894670000010496 0.5473312675804216 1.6584427804091972
2.9724400000110056 0.6965620493654691 1.5175850757104925
3.050210000011515 0.5310623749788748 1.6170896058199435
3.1279800000120246 0.6778534159184118 1.4691728133453097
3.205750000012534 0.5151855592778993 1.576709105094598
3.2835200000130436 0.6598036511220478 1.4226195485540272
3.3623000000135597 0.49876680461279155 1.5351231108942764
3.440070000014069 0.6416095612085819 1.375579853269726
3.5178400000145786 0.48387368338175796 1.497194568308724
3.595610000015088 0.6249429157721027 1.3327111218192855
3.6733800000155976 0.46930041957803126 1.4600915765399347
3.751150000016107 0.6087765608071708 1.291145881281608
3.8289200000166166 0.4550572882519148 1.4238670137421083
3.906690000017126 0.5931079801298433 1.2508447017630098
3.985470000017642 0.44033979523468947 1.3866739133521655
4.063240000015343 0.5772491109203244 1.209873421661256
4.141010000012399 0.4269997365418273 1.3528189056321693
4.218780000009454 0.5627208361062535 1.1724652555297532
4.29655000000651 0.4140044687862161 1.3198860091565345
4.374320000003566 0.5486312112338354 1.1361321658598822
4.452090000000622 0.4013579918191628 1.2878826293900358
4.529859999997678 0.5349751942464854 1.1008661563114086
4.607629999994733 0.3890540932200144 1.256784056002136
4.685399999991789 0.5217366257647484 1.0666424978332256
4.764179999988807 0.37636170543756875 1.2247841778075697
4.841949999985863 0.5082387100634994 1.0317241034256353
4.919719999982918 0.36487673113209595 1.1957761579139192
4.997489999979974 0.4959039580205402 0.9997998372339056
5.07525999997703 0.35371342037914144 1.1675748401654973
5.153029999974086 0.48392563886220574 0.9687933094951195
5.230799999971142 0.3428562857949339 1.140142443056491
5.3085699999681975 0.47228902281301544 0.9386694774060733
5.386339999965253 0.3322880091684062 1.1134418132112023
5.464109999962309 0.4609811306705065 0.909382637810896
5.541879999959365 0.3219961892700277 1.087430210264273
5.619649999956421 0.4499937521585994 0.8809190995654359
5.6974199999534765 0.3119731426370428 1.0620779837819727
5.775189999950532 0.43931751580098544 0.8532708499754627
5.85396999994755 0.30157713739923964 1.0358172656178
5.931739999944606 0.42834926424288494 0.82489641105844
6.0095099999416615 0.2921574873444891 1.0119574587959201
6.087279999938717 0.4183429407751087 0.7989988336406739
6.165049999935773 0.2830541283780301 0.9886926087387504
6.242819999932829 0.40861367234154244 0.7738278015018585
6.320589999929885 0.2742918235052838 0.9660089814145567
6.3983599999269405 0.3991536256655246 0.7493628890025916
6.476129999923996 0.26585074135990105 0.9439089246686572
6.553899999921052 0.3899510074880995 0.7255750658013982
6.631669999918108 0.2577656219749719 0.9223999490406087
6.709439999915164 0.38099573089449734 0.7024399830123818
6.7872099999122195 0.2499778713099613 0.9014718391898602
6.864979999909275 0.372279514882666 0.679939623229564
6.942749999906331 0.24244869425706703 0.8811048539082988
7.020519999903387 0.36379716100978077 0.65805931589209
7.098289999900443 0.23518529894773055 0.8612784511171534
7.1760599998974985 0.3555439338501586 0.6367887412786155
7.253829999894554 0.22817475569938717 0.8419742214136772
7.33159999989161 0.347513311695383 0.6161066079837574
7.409369999888666 0.22141235124367187 0.8231732311063444
7.487139999885722 0.3396973752373347 0.5959874251510677
7.564909999882778 0.21489207962756665 0.804858897027505
7.642679999879833 0.33209012091037304 0.5764146185957553
7.720449999876889 0.2086186669456137 0.7870152951714338
7.798219999873945 0.3246864484897546 0.5573759654092569
7.875989999871001 0.20259248705063296 0.7696220085561367
7.953759999868057 0.3174816632886779 0.5388615652425655
8.032539999865074 0.19645371354097407 0.7516399563689546
8.11030999986213 0.3100872488344053 0.5198506509788481
8.188079999859186 0.19091454218861237 0.7351805143565371
8.265849999856242 0.30330053867989193 0.5024329220183588
8.343619999853297 0.18558757070184884 0.7191298427122739
8.421389999850353 0.2966970036311839 0.4854914993920656
8.499159999847409 0.18046633858033145 0.7034820659883589
8.576929999844465 0.2902721601873648 0.46901241411854144
8.65469999984152 0.17554511721927324 0.6882304825843621
8.732469999838576 0.28402092401535917 0.452980910642109
8.810239999835632 0.17082405815040835 0.6733687037175473
8.888009999832688 0.27793736252873114 0.4373777902034859
8.965779999829744 0.16630184868740727 0.6588910968780226
9.0435499998268 0.2720170023701264 0.4221875779144013
9.121319999823855 0.16196610013488444 0.6447920346682623
9.199089999820911 0.2662587003271054 0.4073990878698863
9.276859999817967 0.15780851120425687 0.6310677474931969
9.354629999815023 0.26065899330271314 0.39300117505691734
9.432399999812079 0.15381845238511416 0.6177126911000808
9.510169999809134 0.25521314977323417 0.3789834058278374
9.58793999980619 0.14998982316480602 0.6047195707516662
9.665709999803246 0.24991723653476414 0.3653408244660872
9.743479999800302 0.14634180233762772 0.5920803397618024
9.821249999797358 0.24476737256334727 0.3520679686007444
9.899019999794413 0.14284541875467416 0.579785725200721
9.97678999979147 0.23975975458580104 0.339157271707069
10.054559999788525 0.13949324600213753 0.5678257424934552
10.132329999785581 0.23489058860278222 0.3266011554896142
10.210099999782637 0.13629454561910037 0.5561910880500509
10.287869999779693 0.23015655111741626 0.3143929058162076
10.365639999776748 0.13324615799800077 0.5448737713381058
10.443409999773804 0.22555420860358222 0.30252536031586397
10.52117999977086 0.13031393631154897 0.5338663979396086
10.598949999767916 0.22108016743862613 0.29099071551431654
10.676719999764972 0.1275235801448179 0.5231608971811741
10.754489999762027 0.2167305132943501 0.27978022087375987
10.832259999759083 0.12485962038609122 0.512748136232033
10.910029999756139 0.21250178718753288 0.2688860933404036
10.987799999753195 0.12230402850396194 0.5026188265823017
11.06556999975025 0.20839147964516555 0.25830192271211194
11.143339999747306 0.1198860544892939 0.4927645011580939
11.221109999744362 0.20439757878727183 0.24802112339111781
11.298879999741418 0.11757032199872376 0.48317864294483703
11.376649999738474 0.2005178252328791 0.23803695748596532
11.455429999735491 0.1152189323214119 0.47326945986220226
11.532189999732585 0.19674966469609112 0.22834204887166587
11.610969999729603 0.11312997168422001 0.4642278611808548
11.687729999726697 0.19309036390448286 0.2189288838549297
11.766509999723715 0.11111591706950362 0.45543584658610525
11.843269999720809 0.1895370442602784 0.20979006293952995
11.922049999717826 0.1092239703897353 0.4468875012680118
11.99880999971492 0.18608657494013303 0.20091784437213933
12.077589999711938 0.10739480202084505 0.438576236435384
12.154349999709032 0.1827354247539873 0.1923032287764026
12.23312999970605 0.10568416216312593 0.43049471493443736
12.309889999703143 0.17947985078130502 0.1839365471946519
12.388669999700161 0.10403288964677115 0.4226350756822428
12.466439999697217 0.17613089640810908 0.1753122995715728
12.544209999694273 0.1024843469174783 0.4149903016678169
12.621979999691328 0.1730616549134073 0.16743011934795549
12.699749999688384 0.10099138184454105 0.40755364089081203
12.77751999968544 0.17007808831869553 0.15977082100885331
12.855289999682496 0.0995925545052968 0.4003189872569868
12.933059999679552 0.16717749200626797 0.1523272356228511
13.010829999676607 0.0982451679920372 0.39328063033151617
13.088599999673663 0.16435781728746723 0.1450926277931308
13.166369999670719 0.09698603485209933 0.386433308784373
13.243129999667813 0.1617815472333357 0.1384975516960929
13.32190999966483 0.09577486818371261 0.3797722636352141
13.398669999661925 0.15911355052301512 0.13165274172632913
13.477449999658942 0.0946462324077203 0.3732928236317212
13.554209999656036 0.15651937816502381 0.12499919063985176
13.632989999653054 0.09355412011995667 0.366990382733301
13.709749999650148 0.1539969134089756 0.1185310691542707
13.788529999647166 0.09254732005181276 0.36086043780957366
13.86528999964426 0.15154402788104349 0.11224262769167215
13.944069999641277 0.09156808754719725 0.3548984066523708
14.020829999638371 0.14915861624451643 0.10612827952258819
14.098599999635427 0.09072367093882772 0.3494775779379622
14.176369999632483 0.14683860447541675 0.10018256491671762
14.254139999629539 0.08985387152584001 0.3438315367123357
14.331909999626594 0.14458193133315012 0.09440000696536721
14.40967999962365 0.08903071460555478 0.33833971077257274
14.487449999620706 0.14238646765391327 0.0887749608483368
14.565219999617762 0.08826330114021486 0.3329971148273936
14.642989999614818 0.1402500591948862 0.0833017326145491
14.720759999611873 0.08751651105126557 0.32779873030921447
14.79852999960893 0.1381706982269857 0.07797505576030428
14.876299999605985 0.08683897961635245 0.3227398632275613
14.95406999960304 0.13614650339273526 0.0727899714701441
15.031839999600097 0.08618418366996206 0.317816101444246
15.109609999597152 0.1341757015130961 0.06774176085723171
15.187379999594208 0.08556117045750078 0.3130233111175662
15.265149999591264 0.13225662774444946 0.06282603872617143
15.34291999958832 0.08499171678067396 0.3083575681000039
15.420689999585376 0.13038771964813312 0.058038702753204774
15.498459999582431 0.08443728115407667 0.3038151171957826
15.576229999579487 0.12856750638402692 0.05337589438637602
15.653999999576543 0.08392101144525266 0.29939237213952863
15.731769999573599 0.12679458437416358 0.04883393235862732
15.809539999570655 0.08344374379319353 0.2950858927287414
15.88730999956771 0.12506756753529125 0.04440922655556401
15.965079999564766 0.08297902285450476 0.29089229438358233
16.042849999561824 0.12338508308149909 0.040098302714841605
16.12061999955888 0.08254882769468008 0.28680821587457883
16.198389999555936 0.12174587800270387 0.035897996848166525
16.27615999955299 0.08215378731525946 0.2828304764408429
16.353929999550047 0.12014877940029223 0.03180534342268615
16.431699999547103 0.08176904912078264 0.2789560749364428
16.50946999954416 0.11859268160334036 0.027817568309884688
16.587239999541215 0.08140512726123428 0.2751821711662994
16.66500999953827 0.11707654112241529 0.023932073568389
16.742779999535326 0.0810835986693661 0.27150604442297555
16.820549999532382 0.11559935746597626 0.020146315084879074
16.898319999529438 0.0807714619733727 0.2679251102480351
16.976089999526494 0.11416017691345683 0.016457844661110776
17.05385999952355 0.0804674385776577 0.26443683548411645
17.131629999520605 0.11275806322379765 0.012864272600443538
17.20939999951766 0.08020808655784639 0.2610387312672824
17.287169999514717 0.11139209373736492 0.009363261484351959
17.364939999511773 0.07995943501104852 0.25772834941644174
17.44270999950883 0.11006135848927379 0.005952511994100629
17.520479999505884 0.07971721013661026 0.25450327478093726
17.59824999950294 0.10876496000653146 0.0026297589038715152
17.676019999499996 0.07949244248748266 0.25136112844282854
17.75378999949705 0.10751415404284415 0.0006072481472441105
17.831559999494107 0.0793001636236409 0.24829955434464424
17.909329999491163 0.10634683226605725 0.0037607860260746584
17.98709999948822 0.07911280048842873 0.24531618947218892
18.064869999485275 0.10522391469296732 0.006833172926845599
18.14263999948233 0.07893020584316635 0.24240875525703975
18.220409999479386 0.10417488406850983 0.009826620548070153
18.298179999476442 0.07876482100063686 0.2395750843304234
18.375949999473498 0.10315964249450016 0.012743248452717904
18.453719999470554 0.07862606312232057 0.23681310596027627
18.53148999946761 0.10221897268234692 0.015585107374715967
18.609259999464665 0.07849079909249468 0.23412083470153444
18.68702999946172 0.10130238526805914 0.018354174811541224
18.764799999458777 0.07835892992046578 0.23149635765603582
18.842569999455833 0.10045124100568192 0.02105237473783994
18.92033999945289 0.0782313068178061 0.22893782250823502
18.998109999449944 0.09963131070338349 0.02368157509519131
19.075879999447 0.07813797103635978 0.2264434491047962
19.153649999444056 0.09884584773214812 0.02624359267691112
19.231419999441112 0.07804695346328616 0.22401151341042702
19.309189999438168 0.09811438621639501 0.02874019901610847
19.386959999435224 0.07795818961266487 0.2216403415872037
19.46472999943228 0.09740156499969732 0.03117312791545146
19.542499999429335 0.07787161680176946 0.2193283087651543
19.62026999942639 0.09672822185272045 0.03354407797681036
19.698039999423447 0.07779701758900537 0.21707383942642933
19.775809999420503 0.09609418499757905 0.03585471742337809
19.85357999941756 0.07774346544600153 0.21487538655078353
19.931349999414614 0.09547622107907239 0.03810669646768794
20.00911999941167 0.07769120945812924 0.21273142688064128
20.086889999408726 0.09488922367345831 0.04030167519657457
20.16465999940578 0.07764020868881094 0.21064044588684494
20.242429999402837 0.09434124089948026 0.04244128227670618
20.320199999399893 0.0775904221199567 0.20860096210226775
20.396959999396987 0.09384253826317424 0.04438796423514857
20.474729999394043 0.07754495910294057 0.2067485441734851
20.5524999993911 0.09332192703556763 0.04642056397552441
20.630269999388155 0.0775216055955783 0.20480888471006153
20.70803999938521 0.09284448674170187 0.04840240369025084
20.785809999382266 0.07750060446290163 0.20291644377848916
20.863579999379322 0.09238425662977112 0.05033486301290191
20.941349999376378 0.07748004032622258 0.2010699255366899
21.019119999373434 0.09193537538759455 0.05221927634704304
21.09688999937049 0.07745989504129158 0.19926806944678965
21.174659999367545 0.09149752294331615 0.05405694299298602
21.2524299993646 0.07744015513681057 0.19750964265041748
21.330199999361657 0.09109978065030999 0.05584913920013701
21.407969999358713 0.07742081744797791 0.19579342968742974
21.48573999935577 0.09071413300860987 0.05759717898033978
21.563509999352824 0.07741890697876774 0.19411826800608267
21.64127999934988 0.09033785574556641 0.05930232769285615
21.719049999346936 0.07742266360073169 0.19248305795769305
21.79681999934399 0.08997069688573178 0.060965768560727884
21.874589999341048 0.07742626686749132 0.19088676013820916
21.952359999338103 0.08962489503473858 0.06258861320550535
22.03012999933516 0.07742972200749032 0.1893283921342359
22.107899999332215 0.0893029732306615 0.06417190896514935
22.18566999932927 0.07743303419973446 0.18780702655346593
22.263439999326327 0.08898881950781035 0.06571665661748716
22.341209999323382 0.07743620844190102 0.18632177302805308
22.418979999320438 0.0886822437853052 0.06722382035050378
22.496749999317494 0.07743924961226056 0.18487177255498422
22.57451999931455 0.08838306237502669 0.06869433128673386
22.652289999311606 0.07745304005520959 0.18345619448264516
22.73005999930866 0.08809651153086873 0.07012909087260599
22.807829999305717 0.0774750464820465 0.18207423225313768
22.885599999302773 0.0878356951727115 0.0715289739962599
22.96336999929983 0.07749647635800672 0.18072510232599592
23.041139999296885 0.0875811685143576 0.07289483182073564
23.11890999929394 0.07751734643373853 0.17940804443917768
23.196679999290996 0.08733278198135563 0.07422749381020832
23.274449999288052 0.0775376737232637 0.17812231916218835
23.352219999285108 0.08709038974044614 0.07552776923850368
23.429989999282164 0.07755747548668446 0.17686720589614735
23.50775999927922 0.08685384944159491 0.07679644957720999
23.585529999276275 0.07757676927197232 0.17564200120556706
23.66329999927333 0.0866236677516713 0.0780343095592495
23.741069999270387 0.07759557290872343 0.1744460180410523
23.818839999267443 0.08641888028105549 0.07924210922083397
23.8966099992645 0.07761601165095122 0.17327858322655487
23.974379999261554 0.08621903591971403 0.08042059523278855
24.05214999925861 0.07765003758010514 0.17213903430151056
24.129919999255666 0.08602417965852127 0.08157050270904964
24.20768999925272 0.07768323708672376 0.17102671188210516
24.285459999249777 0.0858341670627163 0.08269255675465992
24.363229999246833 0.077715631170724 0.16994094929605463
24.44099999924389 0.08564872514024313 0.08378746447256225
24.518769999240945 0.07774724149307077 0.1688810995650658
24.596539999238 0.0854677411918282 0.08485591398313952
24.674309999235057 0.07777808911467188 0.16784653861835475
24.752079999232112 0.08529110671915496 0.08589856920225847
24.829849999229168 0.07780819439020126 0.1668366638856278
24.907619999226224 0.08512738298374645 0.08691607041437788
24.98538999922328 0.07783757697166693 0.16585089406522258
25.063159999220336 0.08497569021198759 0.08790903430583308
25.14092999921739 0.07786625576159611 0.16488866937457436
25.218699999214447 0.08482764771284246 0.08887805258581682
25.296469999211503 0.07789424877812157 0.16394945285927998
25.37423999920856 0.08468317443528273 0.08982368623629
25.452009999205615 0.07792157294272128 0.1630327345176763
25.52876999920271 0.08455130056440652 0.09068614204773562
25.606539999199764 0.07795503969429829 0.1621975115738139
25.68430999919682 0.08441373160693644 0.09158668520241608
25.762079999193876 0.07799369571471193 0.1613242710177265
25.839849999190932 0.08427949588497297 0.09246548081840444
25.917619999187988 0.07803142425559517 0.16047204648054203
25.995389999185043 0.0841485188576202 0.093323003139123
26.0731599991821 0.07806824380903843 0.15964038868758745
26.150929999179155 0.0840207276238435 0.09415971577159121
26.22869999917621 0.07810417369758604 0.1588288537068938
26.306469999173267 0.08389605083600482 0.09497607794716201
26.384239999170322 0.07813923330444739 0.1580370036715406
26.46200999916738 0.08378668732002703 0.09577254233334997
26.539779999164434 0.07817344174274599 0.15726440697610977
26.61754999916149 0.08368076555731063 0.09654955481323002
26.695319999158546 0.07820681786936168 0.1565106365017499
26.7730899991556 0.08357743973325393 0.09730755515690026
26.850859999152657 0.07823938032452937 0.1557752703894688
26.928629999149713 0.08347665015569972 0.09804697678161833
27.00639999914677 0.0782711475353215 0.15505789260562564
27.084169999143825 0.08337833808594786 0.0987682457198602
27.16193999914088 0.07830213778775175 0.1543580934167066
27.239709999137936 0.08328244594203338 0.09947178146357816
27.317479999134992 0.07833236913467878 0.15367546947080424
27.395249999132048 0.0831889173272693 0.10015799795307645
27.473019999129104 0.07836185917494165 0.15300962370859983
27.55078999912616 0.08309769684718327 0.10082730174467702
27.628559999123215 0.07839095239253857 0.15236016594651902
27.70632999912027 0.08300873012378651 0.10148009248537315
27.784099999117327 0.0784283385696728 0.15172671294960693
27.861869999114383 0.08292196369796145 0.10211676116550494
27.93963999911144 0.07846480404417155 0.151108888654361
28.017409999108494 0.08283734515537877 0.1027376907811739
28.09517999910555 0.07850037051852765 0.15050632418838195
28.172949999102606 0.0827548231514641 0.10334325666151445
28.250719999099662 0.07853505927502347 0.1499186578712619
28.328489999096718 0.08267441069929848 0.10393382646693983
28.406259999093773 0.07856889117124821 0.14934553522527594
28.48402999909083 0.08260521131978771 0.10450976021797453
28.561799999087885 0.07860188664145273 0.14878660895973894
28.63956999908494 0.08253773059453007 0.10507141034993284
28.717339999081997 0.07863406569802411 0.14824153894236192
28.795109999079052 0.08247192692715899 0.10561912174134047
28.87287999907611 0.07866544793362296 0.14770999215076852
28.950649999073164 0.08240775962685498 0.10615323179402614
29.02841999907022 0.07869605252597422 0.14719164263261586
29.106189999067276 0.0823451888979051 0.10667407051959676
29.18395999906433 0.07872589823821663 0.1466861715066492
29.261729999061387 0.0822841758303966 0.10718196062710073
29.339499999058443 0.07875500342048813 0.14619326678146916
29.4172699990555 0.08222468238667313 0.10767721762109383
29.495039999052555 0.07878338601846835 0.14571262328865187
29.57280999904961 0.08216667139003586 0.10816014989708522
29.650579999046666 0.07881106357957923 0.14524394263440987
29.728349999043722 0.08211010651119 0.10863105885153823
29.806119999040778 0.078838053258386 0.14478693310356894
29.883889999037834 0.08205495225407122 0.109090238994769
29.96165999903489 0.07886437182246697 0.14434130956103575
30.039429999031945 0.08200117394342621 0.10953797805663967
30.117199999029 0.07889003565873032 0.1439067933506788
30.194969999026057 0.08194873770900313 0.10997455710801685
30.272739999023113 0.0789150607784388 0.14348311220243604
30.35050999902017 0.08189761047164035 0.11040025068184134
30.428279999017224 0.07893946282517494 0.14307000010680415
30.50604999901428 0.08184775992883475 0.11081532688317353
30.583819999011336 0.07896325708079943 0.14266719722328958
30.66158999900839 0.08179915454031139 0.11122004751551451
30.739359999005448 0.07898645847215202 0.14227444976584458
30.817129999002503 0.08175176351255686 0.11161466820734933
30.89489999899956 0.07901314475910037 0.14189150988748178
30.972669998996615 0.08170555678459013 0.111999438520749
31.05043999899367 0.0790408056053915 0.14151813557117254
31.128209998990727 0.08166050501276967 0.11237460208556316
31.205979998987782 0.07906777635984508 0.14115409051719263
31.283749998984838 0.08161657955671198 0.11274039671034242
31.361519998981894 0.07909407405346247 0.14079914402767013
31.43928999897895 0.08157434976999389 0.11309705450837093
31.517059998976006 0.07911971531210182 0.14045307089912695
31.59482999897306 0.08153809974995241 0.11344480201590512
31.672599998970117 0.07914471636605447 0.14011565130692683
31.750369998967173 0.08150275659617767 0.11378386031511978
31.82813999896423 0.07916909305681596 0.13978667069601824
31.905909998961285 0.08146829775144193 0.11411444513903524
31.98367999895834 0.07919286084662513 0.13946591966169652
32.061449998977224 0.08143470120628071 0.11443676700111372
32.13921999900191 0.07921603482545858 0.1391531938571
32.216989999026595 0.08140194548715884 0.11475103130430542
32.29475999905128 0.07923862971948814 0.13884829386927589
32.372529999075965 0.08137000964419894 0.11505743845550143
32.45029999910065 0.07926065989916842 0.1385510251157962
32.528069999125336 0.08133887324003364 0.11535618397628955
32.60583999915002 0.07928213938669193 0.13826119774116297
32.683609999174706 0.08130851633784664 0.11564745861111225
32.76137999919939 0.07930308186415136 0.13797862650966053
32.83914999922408 0.08127891948936605 0.11593144844636027
32.91691999924876 0.07932350068029725 0.1377031307039367
32.99367999927313 0.08125195585938327 0.11619027530480608
33.07144999929781 0.07934206018334078 0.13745244774523435
33.1492199993225 0.08122381177998572 0.11646034221086676
33.22698999934718 0.07936147922031056 0.1371904724923434
33.30475999937187 0.08119637158726456 0.11672366157038372
33.38252999939655 0.07938041311887178 0.13693505066226797
33.46029999942124 0.08116961772054476 0.11698040147046784
33.53806999944592 0.07939887394430367 0.136686018979415
33.61583999947061 0.081143533051805 0.11723072586206085
33.693609999495294 0.07941687346681947 0.13644321817520844
33.77137999951998 0.0811181008761157 0.11747479466373001
33.849149999544665 0.07943442316808191 0.13620649289747266
33.92691999956935 0.08109330490147026 0.11771276384704432
34.004689999594035 0.07945153424792428 0.13597569161181156
34.08245999961872 0.08106912923838716 0.11794478553875942
34.160229999643406 0.07946821763074663 0.13575066652137258
34.23799999966809 0.08104555839092709 0.11817100810516123
34.315769999692776 0.07948448397233043 0.13553127347154525
34.39353999971746 0.08102257724743023 0.11839157624462526
34.47130999974215 0.07950034366591974 0.13531737186828208
34.54907999976683 0.08100017107058177 0.11860663107517988
34.62684999979152 0.07951580684852966 0.1351088245936105
34.7046199998162 0.08097832548951489 0.11881631021867234
